333.0513 0.0
333.235016 0.0
333.418732 0.0
333.602448 0.0
333.786163 0.0
333.969879 0.0
334.153625 0.0
334.337372 0.0
334.521088 0.0
334.704834 0.0
334.88855 0.0
335.072327 0.0
335.256073 0.0
335.439819 0.0
335.623596 0.0
335.807343 0.0
335.991119 0.0
336.174866 0.0
336.358643 0.0
336.542419 0.0
336.726196 0.0
336.909973 0.0
337.09375 0.0
337.277527 0.0
337.461304 0.0
337.645111 0.0
337.828918 0.0
338.012726 0.0
338.196533 0.0
338.380341 0.0
338.564117 0.0
338.747925 0.0
338.931763 0.0
339.11557 0.0
339.299408 0.0
339.483215 0.0
339.667023 0.0
339.850861 0.0
340.034698 0.0
340.218536 0.0
340.402405 0.0
340.586243 0.0
340.770111 0.0
340.953918 0.0
341.137787 0.0
341.321655 0.0
341.505524 0.0
341.689392 0.0
341.87326 0.0
342.057098 0.0
342.240967 0.0
342.424866 0.0
342.608734 0.0
342.792633 0.0
342.976532 0.0
343.160431 0.0
343.344299 0.0
343.528198 0.0
343.712097 0.0
343.895996 0.0
344.079926 0.0
344.263824 0.0
344.447723 0.0
344.631653 0.0
344.815552 0.0
344.999481 0.0
345.183411 0.0
345.367371 0.0
345.5513 0.0
345.735199 0.0
345.919159 0.0
346.103088 0.0
346.287048 0.0
346.471008 0.0
346.654968 0.0
346.838898 0.0
347.022858 0.0
347.206818 0.0
347.390778 0.0
347.574768 0.0
347.758728 0.0
347.942719 0.0
348.126678 0.0
348.310669 0.0
348.494659 0.0
348.67865 0.0
348.86264 0.0
349.046631 0.0
349.230591 0.0
349.414612 0.0
349.598602 0.0
349.782623 0.0
349.966644 175.0
350.150665 174.0
350.334686 178.0
350.518677 175.0
350.702698 168.0
350.886749 177.0
351.07077 173.0
351.254822 169.0
351.438843 181.0
351.622864 175.0
351.806915 167.0
351.990967 178.0
352.175018 180.0
352.35907 176.0
352.543121 181.0
352.727203 172.0
352.911224 175.0
353.095306 180.0
353.279358 174.0
353.46344 172.0
353.647522 178.0
353.831604 173.0
354.015656 171.0
354.199738 183.0
354.38385 181.0
354.567932 174.0
354.752045 177.0
354.936127 173.0
355.120239 170.0
355.304321 182.0
355.488434 176.0
355.672546 174.0
355.856659 178.0
356.040771 173.0
356.224915 169.0
356.408997 178.0
356.59314 180.0
356.777252 173.0
356.961395 173.0
357.145538 172.0
357.329681 179.0
357.513824 174.0
357.697937 172.0
357.882111 174.0
358.066254 179.0
358.250397 172.0
358.43457 174.0
358.618744 183.0
358.802887 174.0
358.987061 170.0
359.171234 174.0
359.355408 175.0
359.539581 173.0
359.723755 186.0
359.907959 176.0
360.092102 172.0
360.276306 182.0
360.46051 177.0
360.644684 173.0
360.828888 180.0
361.013092 172.0
361.197296 174.0
361.3815 179.0
361.565704 175.0
361.749939 175.0
361.934143 178.0
362.118378 176.0
362.302612 170.0
362.486786 178.0
362.671021 179.0
362.855255 174.0
363.03952 175.0
363.223755 176.0
363.40799 169.0
363.592224 175.0
363.776459 179.0
363.960724 166.0
364.144989 174.0
364.329254 178.0
364.513519 176.0
364.697784 174.0
364.882019 175.0
365.066284 169.0
365.25058 174.0
365.434845 174.0
365.619141 170.0
365.803436 176.0
365.987701 179.0
366.171967 173.0
366.356262 178.0
366.540558 177.0
366.724884 169.0
366.90918 176.0
367.093445 175.0
367.277771 172.0
367.462097 178.0
367.646393 174.0
367.830719 170.0
368.015045 180.0
368.199371 173.0
368.383698 174.0
368.567993 180.0
368.75235 177.0
368.936676 170.0
369.121033 180.0
369.305359 178.0
369.489685 172.0
369.674042 184.0
369.858398 181.0
370.042755 174.0
370.227112 177.0
370.411469 175.0
370.595856 172.0
370.780212 177.0
370.964569 177.0
371.148926 170.0
371.333313 180.0
371.5177 176.0
371.702087 170.0
371.886444 179.0
372.070831 178.0
372.255219 166.0
372.439636 179.0
372.624023 176.0
372.808441 171.0
372.992828 175.0
373.177246 173.0
373.361633 169.0
373.546051 180.0
373.730469 180.0
373.914886 176.0
374.099304 176.0
374.283722 169.0
374.46814 170.0
374.652588 176.0
374.837006 175.0
375.021454 175.0
375.205902 178.0
375.39035 178.0
375.574799 173.0
375.759216 183.0
375.943665 171.0
376.128143 174.0
376.312592 183.0
376.49707 178.0
376.681488 177.0
376.865967 180.0
377.050446 174.0
377.234924 171.0
377.419403 176.0
377.603882 174.0
377.788361 171.0
377.97287 182.0
378.157318 175.0
378.341827 174.0
378.526306 180.0
378.710815 176.0
378.895325 170.0
379.079803 179.0
379.264313 175.0
379.448822 168.0
379.633331 178.0
379.817841 172.0
380.00238 174.0
380.18689 182.0
380.371429 175.0
380.555939 168.0
380.740479 178.0
380.924988 181.0
381.109528 172.0
381.294098 178.0
381.478607 174.0
381.663147 175.0
381.847717 177.0
382.032257 176.0
382.216827 168.0
382.401367 175.0
382.585937 178.0
382.770508 173.0
382.955048 178.0
383.139618 177.0
383.324188 169.0
383.508789 178.0
383.693359 183.0
383.87793 179.0
384.0625 174.0
384.247101 177.0
384.431702 178.0
384.616302 178.0
384.800903 174.0
384.985504 178.0
385.170105 177.0
385.354675 176.0
385.539276 172.0
385.723907 183.0
385.908508 178.0
386.09314 174.0
386.27774 182.0
386.462372 174.0
386.647003 168.0
386.831635 179.0
387.016266 171.0
387.200897 174.0
387.385559 176.0
387.57019 176.0
387.754791 166.0
387.939453 179.0
388.124115 175.0
388.308777 173.0
388.493439 182.0
388.67807 180.0
388.862732 169.0
389.047394 179.0
389.232056 180.0
389.416748 175.0
389.60141 177.0
389.786102 176.0
389.970795 168.0
390.155426 179.0
390.340118 180.0
390.524811 173.0
390.709503 176.0
390.894196 178.0
391.078888 172.0
391.26358 177.0
391.448303 174.0
391.632996 172.0
391.817719 178.0
392.002441 182.0
392.187134 175.0
392.371857 175.0
392.556549 175.0
392.741302 176.0
392.926025 180.0
393.110748 171.0
393.295502 174.0
393.480194 180.0
393.664948 178.0
393.84967 174.0
394.034424 179.0
394.219177 172.0
394.403931 171.0
394.588684 181.0
394.773468 172.0
394.958191 175.0
395.142944 176.0
395.327728 172.0
395.512482 174.0
395.697266 180.0
395.882019 178.0
396.066803 172.0
396.251587 180.0
396.436371 178.0
396.621155 170.0
396.805939 176.0
396.990723 179.0
397.175537 174.0
397.360291 176.0
397.545105 178.0
397.729919 172.0
397.914703 178.0
398.099518 172.0
398.284302 173.0
398.469116 176.0
398.653961 172.0
398.838776 173.0
399.02359 179.0
399.208435 180.0
399.39325 174.0
399.578094 180.0
399.762909 178.0
399.947754 175.0
400.132599 174.0
400.317444 179.0
400.502289 170.0
400.687103 179.0
400.871948 175.0
401.056824 168.0
401.241669 184.0
401.426544 174.0
401.61142 175.0
401.796265 180.0
401.98114 179.0
402.165985 171.0
402.350861 181.0
402.535767 174.0
402.720642 172.0
402.905518 178.0
403.090393 175.0
403.275269 176.0
403.460175 182.0
403.645081 176.0
403.829956 172.0
404.014862 181.0
404.199768 178.0
404.384674 173.0
404.56958 177.0
404.754486 177.0
404.939392 174.0
405.124329 176.0
405.309235 176.0
405.494141 176.0
405.679077 180.0
405.864014 176.0
406.04895 172.0
406.233887 177.0
406.418823 182.0
406.60376 170.0
406.788696 175.0
406.973633 171.0
407.158569 173.0
407.343536 177.0
407.528473 174.0
407.71344 172.0
407.898376 176.0
408.083344 181.0
408.268311 171.0
408.453278 174.0
408.638275 178.0
408.823242 171.0
409.008209 180.0
409.193207 172.0
409.378143 173.0
409.563141 174.0
409.748138 175.0
409.933136 172.0
410.118134 176.0
410.303101 177.0
410.488098 174.0
410.673096 179.0
410.858124 174.0
411.043121 178.0
411.228149 183.0
411.413147 177.0
411.598175 173.0
411.783173 179.0
411.968201 173.0
412.153229 171.0
412.338257 178.0
412.523285 171.0
412.708282 170.0
412.893341 179.0
413.078369 176.0
413.263428 172.0
413.448456 176.0
413.633514 175.0
413.818573 169.0
414.003632 177.0
414.18866 176.0
414.373718 170.0
414.558777 180.0
414.743835 185.0
414.928925 181.0
415.113953 184.0
415.299042 192.0
415.4841 177.0
415.669189 179.0
415.854279 183.0
416.039368 175.0
416.224457 177.0
416.409546 173.0
416.594604 174.0
416.779694 177.0
416.964813 182.0
417.149902 172.0
417.335022 180.0
417.520081 179.0
417.7052 172.0
417.89032 178.0
418.075439 180.0
418.260559 178.0
418.445679 183.0
418.630798 181.0
418.815918 181.0
419.001038 183.0
419.186157 183.0
419.371307 186.0
419.556427 193.0
419.741577 184.0
419.926697 180.0
420.111847 187.0
420.296997 180.0
420.482147 173.0
420.667297 182.0
420.852448 176.0
421.037628 175.0
421.222778 180.0
421.407928 176.0
421.593079 175.0
421.778259 183.0
421.96344 175.0
422.148621 172.0
422.333771 184.0
422.518951 184.0
422.704132 172.0
422.889313 182.0
423.074493 175.0
423.259705 169.0
423.444885 176.0
423.630096 181.0
423.815277 171.0
424.000458 177.0
424.185669 178.0
424.37088 172.0
424.556091 175.0
424.741272 176.0
424.926514 176.0
425.111725 179.0
425.296936 182.0
425.482178 181.0
425.667389 182.0
425.852631 182.0
426.037872 176.0
426.223083 182.0
426.408325 186.0
426.593567 180.0
426.778809 185.0
426.96405 179.0
427.149261 175.0
427.334534 180.0
427.519775 174.0
427.705048 171.0
427.890289 180.0
428.075562 180.0
428.260834 174.0
428.446106 180.0
428.631348 177.0
428.81662 176.0
429.001892 184.0
429.187164 176.0
429.372467 177.0
429.557709 176.0
429.743011 177.0
429.928284 176.0
430.113586 178.0
430.298889 184.0
430.484161 168.0
430.669464 180.0
430.854767 179.0
431.04007 171.0
431.225372 176.0
431.410675 178.0
431.596008 168.0
431.781311 181.0
431.966614 173.0
432.151917 175.0
432.33725 182.0
432.522583 182.0
432.707916 168.0
432.89325 183.0
433.078583 182.0
433.263916 179.0
433.449219 182.0
433.634583 181.0
433.819916 178.0
434.00528 178.0
434.190613 179.0
434.375946 177.0
434.56131 182.0
434.746674 178.0
434.932037 170.0
435.117401 179.0
435.302765 177.0
435.488129 175.0
435.673492 182.0
435.858856 172.0
436.04422 173.0
436.229614 176.0
436.415009 174.0
436.600372 173.0
436.785736 178.0
436.97113 177.0
437.156525 172.0
437.341919 176.0
437.527313 177.0
437.712738 172.0
437.898132 178.0
438.083527 173.0
438.268921 168.0
438.454346 183.0
438.63974 174.0
438.825165 172.0
439.01059 180.0
439.195984 177.0
439.381409 172.0
439.566833 180.0
439.752258 173.0
439.937683 170.0
440.123138 179.0
440.308563 178.0
440.494019 173.0
440.679413 176.0
440.864868 175.0
441.050323 176.0
441.235779 177.0
441.421234 177.0
441.606659 172.0
441.792114 180.0
441.97757 176.0
442.163055 174.0
442.348511 178.0
442.533997 175.0
442.719452 175.0
442.904938 176.0
443.090393 177.0
443.275848 170.0
443.461334 173.0
443.64682 174.0
443.832306 176.0
444.017792 176.0
444.203278 174.0
444.388763 171.0
444.57428 177.0
444.759766 177.0
444.945282 175.0
445.130768 180.0
445.316284 171.0
445.50177 171.0
445.687286 177.0
445.872803 174.0
446.058319 174.0
446.243835 180.0
446.429321 178.0
446.614868 173.0
446.800385 180.0
446.985931 177.0
447.171448 173.0
447.356995 176.0
447.542542 176.0
447.728088 167.0
447.913605 176.0
448.099152 176.0
448.284698 173.0
448.470245 177.0
448.655792 175.0
448.841339 174.0
449.026886 176.0
449.212463 175.0
449.39801 171.0
449.583588 179.0
449.769165 177.0
449.954712 176.0
450.140289 179.0
450.325836 174.0
450.511444 179.0
450.697021 176.0
450.882599 178.0
451.068176 180.0
451.253754 176.0
451.439331 177.0
451.624939 174.0
451.810547 180.0
451.996124 173.0
452.181732 176.0
452.36734 171.0
452.552948 180.0
452.738525 176.0
452.924164 180.0
453.109772 172.0
453.29538 176.0
453.481018 177.0
453.666595 174.0
453.852234 174.0
454.037842 178.0
454.22348 178.0
454.409119 174.0
454.594757 179.0
454.780396 178.0
454.966034 173.0
455.151642 181.0
455.337311 174.0
455.522949 173.0
455.708588 177.0
455.894257 175.0
456.079865 171.0
456.265533 178.0
456.451202 174.0
456.636871 174.0
456.82254 173.0
457.008209 179.0
457.193878 171.0
457.379547 175.0
457.565186 179.0
457.750854 171.0
457.936554 180.0
458.122223 175.0
458.307922 172.0
458.493591 174.0
458.67926 177.0
458.86496 173.0
459.050659 176.0
459.236359 178.0
459.422058 175.0
459.607758 184.0
459.793457 178.0
459.979156 175.0
460.164856 177.0
460.350586 175.0
460.536285 177.0
460.722015 174.0
460.907715 177.0
461.093414 172.0
461.279144 184.0
461.464874 170.0
461.650604 177.0
461.836334 178.0
462.022064 178.0
462.207825 177.0
462.393555 179.0
462.579285 180.0
462.765015 176.0
462.950775 178.0
463.136475 174.0
463.322235 171.0
463.507996 181.0
463.693756 176.0
463.879517 171.0
464.065277 182.0
464.251038 179.0
464.436798 171.0
464.622589 178.0
464.80835 176.0
464.99411 175.0
465.179871 180.0
465.365662 178.0
465.551422 171.0
465.737183 175.0
465.922974 174.0
466.108765 168.0
466.294556 181.0
466.480347 176.0
466.666168 169.0
466.851959 176.0
467.03775 171.0
467.223572 173.0
467.409332 174.0
467.595154 170.0
467.780975 172.0
467.966736 177.0
468.152557 177.0
468.338379 174.0
468.5242 179.0
468.710022 175.0
468.895844 174.0
469.081696 174.0
469.267517 175.0
469.453339 176.0
469.639191 177.0
469.824982 177.0
470.010834 175.0
470.196686 183.0
470.382507 177.0
470.568329 172.0
470.754181 179.0
470.940033 180.0
471.125916 171.0
471.311768 184.0
471.49762 177.0
471.683472 172.0
471.869354 181.0
472.055206 179.0
472.241058 171.0
472.42691 182.0
472.612793 179.0
472.798645 171.0
472.984528 178.0
473.17041 172.0
473.356293 170.0
473.542175 177.0
473.728058 177.0
473.913971 167.0
474.099854 178.0
474.285736 178.0
474.471649 174.0
474.657532 182.0
474.843414 177.0
475.029327 170.0
475.21521 182.0
475.401123 176.0
475.587036 168.0
475.772949 176.0
475.958862 176.0
476.144775 172.0
476.330719 176.0
476.516632 180.0
476.702545 171.0
476.888489 180.0
477.074402 178.0
477.260315 174.0
477.446259 180.0
477.632172 178.0
477.818115 175.0
478.004059 180.0
478.190002 178.0
478.375946 170.0
478.56189 176.0
478.747864 173.0
478.933807 177.0
479.119751 184.0
479.305725 174.0
479.491669 170.0
479.677612 179.0
479.863586 178.0
480.04953 175.0
480.235504 183.0
480.421478 176.0
480.607452 173.0
480.793427 177.0
480.979401 176.0
481.165405 172.0
481.351379 179.0
481.537354 174.0
481.723358 171.0
481.909332 177.0
482.095306 175.0
482.281311 172.0
482.467285 176.0
482.65329 179.0
482.839294 176.0
483.025299 178.0
483.211304 177.0
483.397308 174.0
483.583344 178.0
483.769348 182.0
483.955353 177.0
484.141388 178.0
484.327393 177.0
484.513397 173.0
484.699432 180.0
484.885437 179.0
485.071472 179.0
485.257507 182.0
485.443542 190.0
485.629578 190.0
485.815613 191.0
486.001648 191.0
486.187714 183.0
486.373749 184.0
486.559814 179.0
486.745819 173.0
486.931885 179.0
487.11795 175.0
487.303986 176.0
487.490051 179.0
487.676117 173.0
487.862183 166.0
488.048248 181.0
488.234314 174.0
488.42038 175.0
488.606445 178.0
488.792542 179.0
488.978607 174.0
489.164673 176.0
489.350769 169.0
489.536835 171.0
489.7229 180.0
489.908997 176.0
490.095093 174.0
490.281189 178.0
490.467285 176.0
490.653381 172.0
490.839508 174.0
491.025604 177.0
491.2117 177.0
491.397827 174.0
491.583893 177.0
491.77002 167.0
491.956146 180.0
492.142212 181.0
492.328339 171.0
492.514465 178.0
492.700592 174.0
492.886719 168.0
493.072845 182.0
493.258972 176.0
493.445129 170.0
493.631256 177.0
493.817413 180.0
494.00351 178.0
494.189667 179.0
494.375793 180.0
494.56192 175.0
494.748077 178.0
494.934235 176.0
495.120392 170.0
495.306549 176.0
495.492706 176.0
495.678864 177.0
495.865021 181.0
496.051178 174.0
496.237366 173.0
496.423492 179.0
496.60968 173.0
496.795837 173.0
496.981995 182.0
497.168182 175.0
497.35437 172.0
497.540558 176.0
497.726746 170.0
497.912933 172.0
498.099121 179.0
498.285309 176.0
498.471497 173.0
498.657715 181.0
498.843872 172.0
499.03009 174.0
499.216278 177.0
499.402466 176.0
499.588654 171.0
499.774872 181.0
499.96109 181.0
500.147308 168.0
500.333527 176.0
500.519745 176.0
500.705963 179.0
500.892181 180.0
501.07843 174.0
501.264618 171.0
501.450836 181.0
501.637085 176.0
501.823303 173.0
502.009521 176.0
502.19577 180.0
502.382019 171.0
502.568268 180.0
502.754486 178.0
502.940735 176.0
503.127014 168.0
503.313263 178.0
503.499512 176.0
503.68573 179.0
503.872009 175.0
504.058258 175.0
504.244507 176.0
504.430756 180.0
504.617035 170.0
504.803314 179.0
504.989563 175.0
505.175842 172.0
505.362122 177.0
505.548401 176.0
505.73468 172.0
505.920959 174.0
506.107239 169.0
506.293518 172.0
506.479797 179.0
506.666077 175.0
506.852356 174.0
507.038666 178.0
507.224945 177.0
507.411255 172.0
507.597565 179.0
507.783875 176.0
507.970184 176.0
508.156494 180.0
508.342804 176.0
508.529083 172.0
508.715393 178.0
508.901703 180.0
509.088013 168.0
509.274323 176.0
509.460663 175.0
509.646973 170.0
509.833313 179.0
510.019653 179.0
510.205963 176.0
510.392303 175.0
510.578644 177.0
510.764984 170.0
510.951294 180.0
511.137634 179.0
511.324005 178.0
511.510315 174.0
511.696655 180.0
511.883026 170.0
512.069397 177.0
512.255737 175.0
512.442078 173.0
512.628479 178.0
512.814819 176.0
513.00116 184.0
513.187561 177.0
513.373901 176.0
513.560303 172.0
513.746643 181.0
513.932983 174.0
514.119385 172.0
514.305725 178.0
514.492126 170.0
514.678528 173.0
514.864868 182.0
515.05127 175.0
515.237671 173.0
515.424072 179.0
515.610474 175.0
515.796814 175.0
515.983215 177.0
516.169617 175.0
516.356018 174.0
516.542419 176.0
516.728821 176.0
516.915222 174.0
517.101624 178.0
517.288086 175.0
517.474487 172.0
517.660889 173.0
517.84729 177.0
518.033752 175.0
518.220154 180.0
518.406616 177.0
518.593018 178.0
518.779358 182.0
518.96582 175.0
519.152283 171.0
519.338684 182.0
519.525146 172.0
519.711548 173.0
519.89801 174.0
520.084473 173.0
520.270935 170.0
520.457336 181.0
520.643738 177.0
520.8302 176.0
521.016663 177.0
521.203125 176.0
521.389587 176.0
521.57605 180.0
521.762512 175.0
521.948975 172.0
522.135437 176.0
522.321899 175.0
522.508362 168.0
522.694885 182.0
522.881348 177.0
523.06781 173.0
523.254272 178.0
523.440796 172.0
523.627197 173.0
523.813721 178.0
524.000183 172.0
524.186646 174.0
524.373169 181.0
524.559692 178.0
524.746155 173.0
524.932678 177.0
525.119141 174.0
525.305664 170.0
525.492126 180.0
525.678589 175.0
525.865112 170.0
526.051636 178.0
526.238159 176.0
526.424683 174.0
526.611206 183.0
526.797729 174.0
526.984253 170.0
527.170776 180.0
527.3573 178.0
527.543823 170.0
527.730347 174.0
527.91687 179.0
528.103394 172.0
528.289917 181.0
528.47644 175.0
528.662964 174.0
528.849487 175.0
529.036072 179.0
529.222595 173.0
529.409119 176.0
529.595703 174.0
529.782227 173.0
529.968811 178.0
530.155334 179.0
530.341858 172.0
530.528381 176.0
530.714966 176.0
530.90155 174.0
531.088074 175.0
531.274658 175.0
531.461243 171.0
531.647827 179.0
531.834412 172.0
532.020996 177.0
532.20752 183.0
532.394104 176.0
532.580688 171.0
532.767273 183.0
532.953857 177.0
533.140442 172.0
533.327026 178.0
533.513611 176.0
533.700195 174.0
533.88678 181.0
534.073364 176.0
534.26001 177.0
534.446594 180.0
534.633179 177.0
534.819824 171.0
535.006409 179.0
535.192932 173.0
535.379578 169.0
535.566162 175.0
535.752808 179.0
535.939392 169.0
536.126038 183.0
536.312683 175.0
536.499268 168.0
536.685913 180.0
536.872559 175.0
537.059143 171.0
537.245789 179.0
537.432434 173.0
537.61908 174.0
537.805725 172.0
537.992371 176.0
538.178955 175.0
538.365601 176.0
538.552246 175.0
538.738892 174.0
538.925537 182.0
539.112183 179.0
539.298828 173.0
539.485474 182.0
539.672119 171.0
539.858765 174.0
540.04541 179.0
540.232056 176.0
540.418701 175.0
540.605408 180.0
540.792053 177.0
540.97876 177.0
541.165405 179.0
541.352051 181.0
541.538757 174.0
541.725464 180.0
541.912109 175.0
542.098816 173.0
542.285461 177.0
542.472168 178.0
542.658875 172.0
542.845581 181.0
543.032166 179.0
543.218872 171.0
543.405579 177.0
543.592285 179.0
543.778992 172.0
543.965698 175.0
544.152405 176.0
544.339111 171.0
544.525818 181.0
544.712524 181.0
544.89917 170.0
545.085876 169.0
545.272583 180.0
545.45929 176.0
545.645996 180.0
545.832764 178.0
546.01947 177.0
546.206177 176.0
546.392944 176.0
546.579651 173.0
546.766357 174.0
546.953125 180.0
547.139832 178.0
547.326599 179.0
547.513306 172.0
547.700073 172.0
547.886719 178.0
548.073486 170.0
548.260254 173.0
548.44696 177.0
548.633728 176.0
548.820496 170.0
549.007263 179.0
549.19397 173.0
549.380737 174.0
549.567505 178.0
549.754211 174.0
549.940979 174.0
550.127747 171.0
550.314514 173.0
550.501282 170.0
550.688049 180.0
550.874817 174.0
551.061584 173.0
551.248352 178.0
551.435181 178.0
551.621948 168.0
551.808716 181.0
551.995483 178.0
552.182312 173.0
552.36908 183.0
552.555847 178.0
552.742615 168.0
552.929382 173.0
553.11615 177.0
553.302979 174.0
553.489746 174.0
553.676575 176.0
553.863403 171.0
554.050171 177.0
554.237 176.0
554.423767 174.0
554.610535 176.0
554.797363 174.0
554.984192 171.0
555.170959 176.0
555.357788 176.0
555.544617 176.0
555.731445 181.0
555.918274 181.0
556.105103 169.0
556.291931 173.0
556.47876 175.0
556.665588 175.0
556.852417 173.0
557.039246 174.0
557.226074 169.0
557.412903 181.0
557.59967 170.0
557.78656 176.0
557.973389 180.0
558.160217 173.0
558.347046 177.0
558.533936 179.0
558.720764 172.0
558.907654 173.0
559.094482 181.0
559.281311 180.0
559.46814 169.0
559.654968 181.0
559.841858 178.0
560.028687 179.0
560.215576 182.0
560.402466 181.0
560.589294 171.0
560.776184 179.0
560.963074 175.0
561.149963 174.0
561.336792 175.0
561.523682 176.0
561.710571 169.0
561.897461 182.0
562.084351 176.0
562.27124 168.0
562.458069 171.0
562.644958 175.0
562.831848 173.0
563.018738 174.0
563.205627 174.0
563.392517 171.0
563.579407 176.0
563.766296 176.0
563.953186 174.0
564.140076 176.0
564.326965 173.0
564.513855 171.0
564.700745 176.0
564.887695 169.0
565.074585 171.0
565.261475 179.0
565.448425 169.0
565.635315 178.0
565.822266 176.0
566.009155 174.0
566.196106 177.0
566.382996 181.0
566.569946 175.0
566.756897 173.0
566.943787 184.0
567.130737 175.0
567.317627 175.0
567.504517 181.0
567.691467 169.0
567.878418 173.0
568.065369 180.0
568.252319 175.0
568.43927 167.0
568.626221 180.0
568.81311 176.0
569.000061 167.0
569.186951 178.0
569.373901 178.0
569.560913 172.0
569.747864 183.0
569.934814 180.0
570.121765 174.0
570.308716 177.0
570.495667 178.0
570.682678 170.0
570.869629 175.0
571.05658 177.0
571.24353 172.0
571.430542 178.0
571.617493 178.0
571.804504 173.0
571.991455 182.0
572.178345 176.0
572.365356 177.0
572.552307 179.0
572.739319 174.0
572.926331 170.0
573.113281 184.0
573.300293 178.0
573.487244 173.0
573.674255 172.0
573.861267 175.0
574.048218 171.0
574.235168 177.0
574.42218 178.0
574.609192 172.0
574.796204 181.0
574.983215 179.0
575.170227 178.0
575.357239 175.0
575.54425 169.0
575.731262 173.0
575.918274 179.0
576.105286 178.0
576.292297 175.0
576.479309 178.0
576.666321 175.0
576.853333 172.0
577.040283 178.0
577.227356 179.0
577.414368 168.0
577.601379 179.0
577.788391 178.0
577.975464 172.0
578.162476 174.0
578.349548 181.0
578.53656 172.0
578.723572 185.0
578.910583 179.0
579.097595 173.0
579.284668 175.0
579.471741 178.0
579.658752 170.0
579.845825 176.0
580.032837 173.0
580.21991 173.0
580.406982 180.0
580.593994 176.0
580.781067 170.0
580.96814 179.0
581.155212 172.0
581.342285 175.0
581.529297 172.0
581.71637 178.0
581.903381 177.0
582.090454 179.0
582.277527 175.0
582.4646 171.0
582.651672 178.0
582.838745 174.0
583.025818 172.0
583.212891 181.0
583.400024 172.0
583.587097 171.0
583.774109 180.0
583.961182 178.0
584.148254 173.0
584.335388 180.0
584.522461 181.0
584.709534 174.0
584.896667 182.0
585.08374 177.0
585.270813 171.0
585.457947 178.0
585.64502 176.0
585.832153 173.0
586.019226 177.0
586.20636 174.0
586.393433 176.0
586.580566 177.0
586.767639 175.0
586.954712 169.0
587.141846 179.0
587.328979 176.0
587.516052 169.0
587.703186 182.0
587.89032 182.0
588.077454 174.0
588.264587 176.0
588.451721 181.0
588.638733 179.0
588.825867 178.0
589.013 174.0
589.200134 173.0
589.387268 178.0
589.574402 181.0
589.761536 172.0
589.948669 180.0
590.135864 174.0
590.322998 169.0
590.510132 174.0
590.697266 180.0
590.884399 174.0
591.071533 179.0
591.258728 172.0
591.445862 172.0
591.632935 181.0
591.82019 175.0
592.007263 173.0
592.194397 176.0
592.381592 174.0
592.568726 173.0
592.75592 178.0
592.943054 177.0
593.130249 175.0
593.317322 178.0
593.504517 173.0
593.691711 173.0
593.878845 178.0
594.06604 178.0
594.253235 173.0
594.440369 176.0
594.627563 179.0
594.814758 169.0
595.001953 176.0
595.189087 177.0
595.376282 172.0
595.563477 182.0
595.750671 178.0
595.937866 172.0
596.125061 180.0
596.312256 176.0
596.499451 169.0
596.686646 176.0
596.873779 175.0
597.060974 175.0
597.248169 174.0
597.435364 178.0
597.622559 170.0
597.809753 178.0
597.997009 175.0
598.184143 173.0
598.371338 175.0
598.558533 174.0
598.745789 177.0
598.932983 182.0
599.120178 176.0
599.307434 171.0
599.494629 177.0
599.681885 176.0
599.86908 180.0
600.056335 179.0
600.24353 176.0
600.430786 176.0
600.617981 176.0
600.805237 175.0
600.992432 169.0
601.179687 182.0
601.366943 173.0
601.554138 170.0
601.741333 176.0
601.928589 176.0
602.115845 173.0
602.30304 183.0
602.490295 174.0
602.677551 167.0
602.864807 184.0
603.052002 183.0
603.239258 172.0
603.426514 184.0
603.61377 183.0
603.801025 177.0
603.988281 179.0
604.175537 180.0
604.362793 170.0
604.550049 180.0
604.737305 177.0
604.924561 170.0
605.111816 180.0
605.299072 180.0
605.486389 172.0
605.673645 178.0
605.860901 175.0
606.048157 172.0
606.235474 174.0
606.422729 174.0
606.609924 175.0
606.797241 175.0
606.984497 174.0
607.171814 168.0
607.35907 178.0
607.546387 177.0
607.733643 170.0
607.920898 179.0
608.108154 176.0
608.295471 168.0
608.482727 175.0
608.670044 172.0
608.857361 175.0
609.044617 176.0
609.231934 179.0
609.41925 179.0
609.606567 178.0
609.793823 174.0
609.98114 171.0
610.168457 185.0
610.355774 179.0
610.543091 170.0
610.730408 181.0
610.917725 180.0
611.105042 173.0
611.292358 176.0
611.479614 174.0
611.666931 170.0
611.854248 180.0
612.041565 184.0
612.228882 175.0
612.416199 176.0
612.603516 179.0
612.790771 180.0
612.978088 177.0
613.165466 184.0
613.352783 171.0
613.5401 180.0
613.727417 175.0
613.914795 172.0
614.102112 177.0
614.28949 177.0
614.476807 168.0
614.664124 176.0
614.851501 176.0
615.038818 175.0
615.226196 177.0
615.413513 176.0
615.600891 177.0
615.788208 182.0
615.975586 173.0
616.162903 176.0
616.35022 179.0
616.537598 180.0
616.724915 174.0
616.912292 181.0
617.09967 173.0
617.287048 174.0
617.474365 180.0
617.661682 173.0
617.84906 175.0
618.036438 179.0
618.223816 172.0
618.411194 176.0
618.598511 180.0
618.785889 172.0
618.973267 168.0
619.160645 183.0
619.348022 174.0
619.5354 175.0
619.722778 178.0
619.910156 180.0
620.097595 174.0
620.284973 180.0
620.472351 175.0
620.659729 172.0
620.847107 176.0
621.034485 179.0
621.221863 167.0
621.409241 181.0
621.596619 175.0
621.783997 171.0
621.971436 176.0
622.158813 174.0
622.346252 173.0
622.533569 178.0
622.720947 179.0
622.908386 172.0
623.095764 176.0
623.283203 173.0
623.470581 171.0
623.65802 180.0
623.845398 180.0
624.032837 176.0
624.220276 176.0
624.407654 174.0
624.595093 179.0
624.782471 179.0
624.96991 177.0
625.157349 174.0
625.344788 174.0
625.532166 178.0
625.719604 178.0
625.907043 181.0
626.094421 172.0
626.28186 179.0
626.469299 178.0
626.656677 173.0
626.844116 169.0
627.031555 185.0
627.218994 176.0
627.406372 170.0
627.593811 179.0
627.78125 173.0
627.968689 172.0
628.156128 179.0
628.343628 186.0
628.531067 176.0
628.718506 180.0
628.905945 172.0
629.093384 170.0
629.280823 180.0
629.468323 182.0
629.655762 168.0
629.843201 179.0
630.030701 176.0
630.21814 174.0
630.405579 176.0
630.593079 179.0
630.780518 173.0
630.967896 175.0
631.155396 177.0
631.342834 172.0
631.530334 176.0
631.717773 177.0
631.905273 176.0
632.092712 175.0
632.280151 177.0
632.46759 179.0
632.65509 181.0
632.84259 176.0
633.030029 174.0
633.217529 175.0
633.405029 179.0
633.592529 170.0
633.779968 180.0
633.967468 179.0
634.154968 173.0
634.342468 172.0
634.529907 175.0
634.717407 170.0
634.904907 183.0
635.092407 172.0
635.279907 171.0
635.467407 182.0
635.654907 171.0
635.842346 172.0
636.029846 178.0
636.217346 180.0
636.404846 173.0
636.592346 178.0
636.779846 177.0
636.967346 175.0
637.154785 183.0
637.342346 177.0
637.529846 170.0
637.717346 174.0
637.904846 174.0
638.092346 170.0
638.279907 178.0
638.467407 178.0
638.654907 167.0
638.842468 181.0
639.029968 179.0
639.217468 168.0
639.405029 174.0
639.592529 175.0
639.78009 174.0
639.96759 175.0
640.15509 179.0
640.342651 173.0
640.530151 175.0
640.717651 178.0
640.905212 175.0
641.092712 179.0
641.280273 177.0
641.467773 180.0
641.655334 179.0
641.842896 176.0
642.030334 175.0
642.217896 170.0
642.405457 174.0
642.593018 174.0
642.780518 179.0
642.968079 170.0
643.15564 174.0
643.343201 182.0
643.530762 171.0
643.718323 173.0
643.905823 179.0
644.093384 175.0
644.280945 170.0
644.468506 178.0
644.656067 174.0
644.843628 172.0
645.031189 178.0
645.21875 173.0
645.406311 173.0
645.593811 178.0
645.781433 175.0
645.968994 175.0
646.156555 180.0
646.344116 176.0
646.531677 171.0
646.719238 178.0
646.906799 177.0
647.09436 168.0
647.281921 180.0
647.469482 170.0
647.657104 166.0
647.844666 180.0
648.032227 180.0
648.219849 175.0
648.40741 180.0
648.594971 173.0
648.782593 172.0
648.970154 178.0
649.157776 174.0
649.345337 168.0
649.532959 180.0
649.72052 177.0
649.908142 177.0
650.095703 172.0
650.283325 178.0
650.470886 173.0
650.658447 176.0
650.846069 174.0
651.033691 174.0
651.221252 176.0
651.408875 176.0
651.596497 169.0
651.784058 175.0
651.971619 173.0
652.159241 170.0
652.346863 175.0
652.534485 176.0
652.722107 171.0
652.909668 176.0
653.09729 172.0
653.284912 170.0
653.472534 179.0
653.660156 180.0
653.847778 173.0
654.0354 185.0
654.223022 179.0
654.410645 176.0
654.598267 180.0
654.785889 178.0
654.973511 180.0
655.161133 180.0
655.348755 178.0
655.536377 181.0
655.723999 256.0
655.911621 329.0
656.099243 294.0
656.286865 243.0
656.474548 206.0
656.662109 186.0
656.849731 188.0
657.037415 184.0
657.225037 174.0
657.412659 179.0
657.600342 180.0
657.787964 173.0
657.975586 179.0
658.163269 176.0
658.350891 176.0
658.538574 180.0
658.726196 179.0
658.913879 175.0
659.101501 183.0
659.289185 181.0
659.476807 173.0
659.66449 176.0
659.852112 179.0
660.039795 180.0
660.227417 175.0
660.415039 176.0
660.602722 174.0
660.790405 177.0
660.978027 170.0
661.16571 173.0
661.353394 184.0
661.541016 176.0
661.728638 176.0
661.916321 178.0
662.104004 173.0
662.291687 170.0
662.47937 179.0
662.666992 177.0
662.854675 176.0
663.042358 174.0
663.230042 175.0
663.417725 171.0
663.605408 182.0
663.793091 177.0
663.980774 168.0
664.168457 179.0
664.35614 175.0
664.543823 176.0
664.731506 173.0
664.919189 180.0
665.106812 173.0
665.294556 174.0
665.482239 177.0
665.669922 175.0
665.857605 177.0
666.045288 176.0
666.233032 173.0
666.420654 178.0
666.608337 176.0
666.796021 178.0
666.983765 179.0
667.171448 181.0
667.359131 183.0
667.546875 189.0
667.734558 180.0
667.922241 177.0
668.109985 178.0
668.297668 177.0
668.485413 169.0
668.673096 174.0
668.86084 174.0
669.048523 176.0
669.236267 180.0
669.42395 176.0
669.611694 173.0
669.799377 180.0
669.987061 176.0
670.174744 171.0
670.362488 181.0
670.550232 180.0
670.737915 174.0
670.925659 183.0
671.113403 179.0
671.301025 176.0
671.48877 180.0
671.676514 182.0
671.864258 176.0
672.052002 179.0
672.239685 178.0
672.427429 169.0
672.615173 180.0
672.802917 180.0
672.990662 175.0
673.178406 176.0
673.366089 175.0
673.553833 171.0
673.741577 183.0
673.929321 177.0
674.117065 172.0
674.30481 175.0
674.492554 180.0
674.680298 176.0
674.867981 185.0
675.055725 186.0
675.24353 179.0
675.431274 188.0
675.619019 182.0
675.806763 173.0
675.994507 178.0
676.18219 180.0
676.369934 176.0
676.557739 175.0
676.745483 175.0
676.933228 177.0
677.120972 178.0
677.308777 173.0
677.496521 172.0
677.684265 173.0
677.87207 177.0
678.059814 179.0
678.247559 178.0
678.435364 173.0
678.623108 173.0
678.810852 183.0
678.998657 171.0
679.186401 173.0
679.374207 177.0
679.561951 177.0
679.749695 176.0
679.937439 180.0
680.125244 175.0
680.312988 176.0
680.500793 181.0
680.688538 177.0
680.876343 170.0
681.064087 177.0
681.251831 178.0
681.439636 170.0
681.627441 186.0
681.815186 180.0
682.002991 170.0
682.190796 184.0
682.37854 176.0
682.566345 178.0
682.75415 175.0
682.941956 176.0
683.1297 171.0
683.317505 180.0
683.50531 176.0
683.693115 174.0
683.88092 180.0
684.068726 176.0
684.256531 175.0
684.444275 180.0
684.632019 178.0
684.819824 172.0
685.007629 180.0
685.195435 176.0
685.38324 170.0
685.571045 182.0
685.75885 174.0
685.946594 173.0
686.134399 176.0
686.322205 176.0
686.510071 175.0
686.697876 191.0
686.885681 182.0
687.073486 178.0
687.261292 180.0
687.449097 178.0
687.636902 175.0
687.824768 181.0
688.012573 174.0
688.200378 172.0
688.388184 184.0
688.57605 178.0
688.763855 172.0
688.95166 176.0
689.139526 177.0
689.327332 171.0
689.515076 177.0
689.702942 179.0
689.890747 171.0
690.078552 176.0
690.266418 184.0
690.454224 171.0
690.64209 178.0
690.829834 178.0
691.0177 170.0
691.205505 178.0
691.393372 178.0
691.581177 174.0
691.769043 178.0
691.956848 178.0
692.144714 172.0
692.33252 174.0
692.520386 180.0
692.708191 173.0
692.896057 176.0
693.083923 176.0
693.271729 175.0
693.459595 181.0
693.647461 182.0
693.835266 176.0
694.023132 179.0
694.210999 179.0
694.398804 179.0
694.586609 181.0
694.774475 177.0
694.962341 180.0
695.150208 182.0
695.338074 179.0
695.52594 178.0
695.713684 196.0
695.90155 260.0
696.089417 445.0
696.277283 475.0
696.465149 353.0
696.653015 273.0
696.840881 224.0
697.028748 196.0
697.216614 184.0
697.40448 187.0
697.592346 187.0
697.780212 172.0
697.968079 179.0
698.155945 178.0
698.343811 173.0
698.531677 180.0
698.719543 177.0
698.90741 168.0
699.095276 178.0
699.283142 174.0
699.471008 172.0
699.658875 178.0
699.846741 183.0
700.034607 172.0
700.222534 179.0
700.4104 176.0
700.598206 172.0
700.786072 176.0
700.973999 181.0
701.161865 170.0
701.349731 175.0
701.537598 175.0
701.725525 173.0
701.913391 181.0
702.101257 177.0
702.289185 175.0
702.477051 181.0
702.664978 183.0
702.852844 182.0
703.040771 182.0
703.228638 178.0
703.416504 175.0
703.604431 179.0
703.792297 172.0
703.980225 174.0
704.16803 177.0
704.355957 175.0
704.543884 175.0
704.73175 181.0
704.919678 178.0
705.107544 179.0
705.295471 184.0
705.483276 182.0
705.671204 180.0
705.859131 191.0
706.046997 241.0
706.234924 407.0
706.422852 496.0
706.610779 379.0
706.798645 285.0
706.986572 237.0
707.1745 200.0
707.362366 185.0
707.550293 183.0
707.73822 184.0
707.926147 175.0
708.114075 182.0
708.301941 172.0
708.489868 174.0
708.677795 178.0
708.865723 175.0
709.053589 173.0
709.241516 173.0
709.429443 179.0
709.617371 177.0
709.805298 180.0
709.993225 179.0
710.181152 175.0
710.369019 182.0
710.556946 175.0
710.744873 173.0
710.9328 178.0
711.120728 176.0
711.308655 169.0
711.496582 180.0
711.684509 176.0
711.872437 175.0
712.060364 177.0
712.248291 179.0
712.436218 173.0
712.624146 182.0
712.812134 173.0
713.000061 171.0
713.187988 186.0
713.375916 181.0
713.563843 173.0
713.751831 175.0
713.939697 181.0
714.127625 188.0
714.315552 214.0
714.50354 205.0
714.691467 196.0
714.879395 186.0
715.067322 180.0
715.255249 174.0
715.443176 192.0
715.631165 178.0
715.819092 171.0
716.007019 181.0
716.195007 173.0
716.382935 173.0
716.570862 178.0
716.75885 175.0
716.946777 171.0
717.134766 175.0
717.322693 176.0
717.510681 172.0
717.698608 179.0
717.886597 173.0
718.074524 173.0
718.262512 172.0
718.450439 171.0
718.638428 173.0
718.826355 178.0
719.014282 176.0
719.202271 175.0
719.390198 176.0
719.578186 178.0
719.766174 172.0
719.954102 175.0
720.142029 179.0
720.330017 176.0
720.517944 179.0
720.705933 179.0
720.893921 171.0
721.081848 178.0
721.269836 175.0
721.457825 172.0
721.645813 173.0
721.83374 178.0
722.021729 174.0
722.209717 179.0
722.397705 172.0
722.585693 170.0
722.773682 177.0
722.961609 176.0
723.149597 174.0
723.337585 178.0
723.525574 179.0
723.713501 172.0
723.901489 183.0
724.089478 172.0
724.277466 169.0
724.465454 178.0
724.653442 178.0
724.841431 176.0
725.029358 180.0
725.217346 176.0
725.405334 175.0
725.593323 180.0
725.781311 179.0
725.969299 169.0
726.157288 179.0
726.345276 178.0
726.533264 182.0
726.721252 216.0
726.909241 244.0
727.097229 229.0
727.285217 214.0
727.473206 199.0
727.661255 184.0
727.849243 180.0
728.037231 183.0
728.22522 177.0
728.413208 183.0
728.601135 179.0
728.789185 173.0
728.977173 178.0
729.165161 176.0
729.353149 172.0
729.541199 175.0
729.729187 174.0
729.917114 175.0
730.105164 177.0
730.293152 175.0
730.48114 178.0
730.669189 187.0
730.857178 177.0
731.045166 174.0
731.233215 177.0
731.421204 175.0
731.609192 176.0
731.797241 179.0
731.985229 176.0
732.173279 173.0
732.361267 179.0
732.549316 176.0
732.737305 170.0
732.925293 183.0
733.113342 177.0
733.301331 173.0
733.489319 177.0
733.677307 183.0
733.865356 171.0
734.053406 177.0
734.241394 177.0
734.429443 173.0
734.617432 177.0
734.80542 177.0
734.993408 179.0
735.181458 184.0
735.369507 182.0
735.557495 176.0
735.745544 174.0
735.933594 181.0
736.121582 168.0
736.309631 180.0
736.497681 183.0
736.685669 187.0
736.873718 188.0
737.061768 193.0
737.249756 189.0
737.437805 197.0
737.625854 248.0
737.813904 412.0
738.001892 545.0
738.189941 521.0
738.37793 411.0
738.565979 310.0
738.754028 240.0
738.942017 204.0
739.130066 197.0
739.318115 184.0
739.506165 178.0
739.694153 188.0
739.882202 179.0
740.070251 178.0
740.25824 183.0
740.446289 178.0
740.634338 174.0
740.822388 186.0
741.010437 181.0
741.198486 176.0
741.386536 179.0
741.574585 179.0
741.762634 175.0
741.950684 180.0
742.138733 180.0
742.326782 175.0
742.514832 180.0
742.702881 182.0
742.89093 173.0
743.078979 184.0
743.266968 180.0
743.455017 173.0
743.643066 182.0
743.831116 181.0
744.019165 176.0
744.207275 178.0
744.395325 176.0
744.583313 168.0
744.771362 181.0
744.959412 176.0
745.147461 174.0
745.33551 175.0
745.523621 176.0
745.71167 177.0
745.899719 180.0
746.087769 177.0
746.275818 178.0
746.463928 174.0
746.651978 176.0
746.840027 175.0
747.028076 184.0
747.216187 176.0
747.404236 171.0
747.592285 183.0
747.780334 176.0
747.968445 176.0
748.156433 183.0
748.344482 181.0
748.532593 182.0
748.720642 190.0
748.908691 188.0
749.096802 185.0
749.284851 193.0
749.4729 212.0
749.66095 342.0
749.848999 596.0
750.037109 684.0
750.225159 650.0
750.413269 507.0
750.601318 386.0
750.789368 416.0
750.977478 527.0
751.165527 542.0
751.353638 492.0
751.541687 382.0
751.729797 279.0
751.917847 224.0
752.105957 207.0
752.294006 194.0
752.482117 185.0
752.670166 186.0
752.858276 185.0
753.046265 182.0
753.234375 175.0
753.422485 181.0
753.610535 179.0
753.798645 185.0
753.986694 180.0
754.174805 174.0
754.362854 181.0
754.550903 183.0
754.739014 182.0
754.927124 174.0
755.115173 178.0
755.303284 175.0
755.491394 180.0
755.679443 172.0
755.867554 175.0
756.055664 184.0
756.243713 181.0
756.431824 173.0
756.619934 180.0
756.807983 172.0
756.996094 179.0
757.184204 180.0
757.372314 176.0
757.560364 173.0
757.748474 181.0
757.936523 177.0
758.124634 174.0
758.312744 183.0
758.500793 180.0
758.688904 174.0
758.877014 181.0
759.065125 180.0
759.253174 179.0
759.441284 181.0
759.629333 179.0
759.817444 174.0
760.005554 179.0
760.193665 181.0
760.381775 174.0
760.569885 183.0
760.757996 183.0
760.946106 179.0
761.134216 182.0
761.322327 187.0
761.510437 178.0
761.698486 182.0
761.886597 182.0
762.074707 186.0
762.262817 194.0
762.450928 198.0
762.639038 268.0
762.827087 552.0
763.015198 780.0
763.203308 856.0
763.391418 825.0
763.579529 596.0
763.767639 391.0
763.95575 277.0
764.14386 230.0
764.33197 202.0
764.520081 198.0
764.708191 188.0
764.896301 183.0
765.084412 192.0
765.272522 184.0
765.460632 174.0
765.648743 185.0
765.836853 176.0
766.024963 176.0
766.213135 181.0
766.401245 178.0
766.589355 177.0
766.777466 183.0
766.965576 182.0
767.153687 175.0
767.341858 179.0
767.529968 179.0
767.718018 171.0
767.906128 182.0
768.094238 183.0
768.28241 180.0
768.47052 184.0
768.65863 179.0
768.846741 175.0
769.034851 183.0
769.222961 179.0
769.411072 174.0
769.599182 183.0
769.787354 179.0
769.975464 174.0
770.163574 176.0
770.351746 182.0
770.539856 180.0
770.727966 178.0
770.916138 180.0
771.104248 180.0
771.292358 184.0
771.48053 202.0
771.66864 314.0
771.85675 442.0
772.044922 477.0
772.233032 492.0
772.421143 417.0
772.609253 319.0
772.797363 238.0
772.985535 212.0
773.173645 193.0
773.361755 186.0
773.549927 186.0
773.738037 180.0
773.926147 177.0
774.114258 183.0
774.302429 174.0
774.49054 174.0
774.67865 184.0
774.866821 179.0
775.054932 178.0
775.243103 182.0
775.431213 176.0
775.619385 174.0
775.807495 175.0
775.995667 176.0
776.183777 181.0
776.371948 178.0
776.560059 178.0
776.74823 171.0
776.93634 182.0
777.124512 181.0
777.312683 172.0
777.500732 180.0
777.688904 178.0
777.877014 171.0
778.065186 178.0
778.253296 181.0
778.441467 173.0
778.629639 178.0
778.817688 177.0
779.005859 171.0
779.19397 173.0
779.382141 178.0
779.570312 172.0
779.758423 175.0
779.946594 176.0
780.134766 174.0
780.322876 175.0
780.511047 176.0
780.699219 172.0
780.887329 174.0
781.0755 176.0
781.263672 176.0
781.451782 172.0
781.639954 178.0
781.828125 172.0
782.016235 176.0
782.204407 174.0
782.392517 175.0
782.580688 181.0
782.768799 175.0
782.95697 176.0
783.145142 178.0
783.333313 177.0
783.521423 173.0
783.709534 174.0
783.897705 173.0
784.085876 172.0
784.273987 179.0
784.462158 178.0
784.65033 172.0
784.838501 177.0
785.026672 174.0
785.214783 170.0
785.402954 181.0
785.591125 172.0
785.779297 172.0
785.967468 180.0
786.155579 177.0
786.34375 176.0
786.531921 176.0
786.720093 176.0
786.908264 170.0
787.096436 175.0
787.284546 177.0
787.472656 174.0
787.660828 174.0
787.848999 173.0
788.03717 168.0
788.225342 174.0
788.413513 180.0
788.601624 177.0
788.789795 177.0
788.977966 177.0
789.166138 173.0
789.354248 177.0
789.542419 172.0
789.730591 177.0
789.918762 177.0
790.106934 177.0
790.295105 172.0
790.483276 178.0
790.671448 170.0
790.859619 175.0
791.047791 179.0
791.235962 171.0
791.424133 173.0
791.612305 180.0
791.800476 176.0
791.988647 171.0
792.176758 180.0
792.364929 174.0
792.553101 171.0
792.741272 179.0
792.929443 178.0
793.117615 173.0
793.305786 180.0
793.493896 183.0
793.682068 180.0
793.870239 211.0
794.058411 290.0
794.246582 353.0
794.434753 375.0
794.622925 412.0
794.811096 367.0
794.999329 307.0
795.1875 238.0
795.375671 203.0
795.563843 195.0
795.752014 188.0
795.940186 180.0
796.128357 180.0
796.316528 176.0
796.5047 176.0
796.692871 181.0
796.881042 181.0
797.069214 175.0
797.257385 177.0
797.445557 179.0
797.633728 178.0
797.821899 180.0
798.010071 181.0
798.198242 175.0
798.386414 180.0
798.574585 182.0
798.762756 174.0
798.950928 183.0
799.139099 179.0
799.327271 178.0
799.515442 193.0
799.703674 208.0
799.891846 264.0
800.080017 288.0
800.268188 306.0
800.45636 332.0
800.644592 381.0
800.832764 436.0
801.020935 425.0
801.209106 467.0
801.397278 443.0
801.58551 355.0
801.773682 283.0
801.961792 232.0
802.149963 202.0
802.338196 197.0
802.526367 189.0
802.714539 181.0
802.90271 185.0
803.090942 180.0
803.279053 175.0
803.467224 179.0
803.655396 179.0
803.843628 174.0
804.031799 183.0
804.219971 183.0
804.408142 175.0
804.596375 182.0
804.784546 183.0
804.972717 174.0
805.160889 177.0
805.349121 172.0
805.537292 174.0
805.725464 178.0
805.913696 179.0
806.101868 176.0
806.290039 181.0
806.478271 180.0
806.666443 177.0
806.854553 180.0
807.042725 178.0
807.230957 178.0
807.419128 183.0
807.6073 177.0
807.795532 179.0
807.983704 182.0
808.171814 176.0
808.360046 177.0
808.548218 183.0
808.73645 181.0
808.924622 185.0
809.112793 190.0
809.301025 200.0
809.489197 263.0
809.677368 365.0
809.865601 393.0
810.053772 425.0
810.241943 464.0
810.430176 409.0
810.618347 444.0
810.80658 650.0
810.994751 719.0
811.182922 754.0
811.371155 839.0
811.559326 718.0
811.747437 502.0
811.935669 352.0
812.12384 264.0
812.312073 220.0
812.500244 204.0
812.688416 201.0
812.876648 188.0
813.064758 188.0
813.252991 188.0
813.441162 179.0
813.629395 183.0
813.817566 184.0
814.005737 176.0
814.19397 179.0
814.382141 179.0
814.570374 177.0
814.758545 187.0
814.946777 185.0
815.134949 173.0
815.32312 179.0
815.511353 179.0
815.699524 176.0
815.887756 176.0
816.075928 177.0
816.26416 174.0
816.452332 177.0
816.640503 175.0
816.828674 172.0
817.016907 182.0
817.205078 180.0
817.39325 175.0
817.581482 179.0
817.769653 171.0
817.957825 171.0
818.145996 182.0
818.334229 178.0
818.5224 178.0
818.710632 180.0
818.898804 178.0
819.087036 170.0
819.275208 179.0
819.46344 176.0
819.651611 171.0
819.839844 182.0
820.028015 175.0
820.216248 170.0
820.404419 177.0
820.592651 176.0
820.780823 175.0
820.969055 182.0
821.157227 176.0
821.345459 176.0
821.533569 176.0
821.721802 175.0
821.909973 167.0
822.098206 179.0
822.286377 176.0
822.474609 172.0
822.662781 176.0
822.850952 178.0
823.039124 172.0
823.227356 181.0
823.415527 174.0
823.60376 177.0
823.791931 176.0
823.980164 180.0
824.168396 175.0
824.356567 176.0
824.5448 176.0
824.732971 171.0
824.921204 177.0
825.109375 181.0
825.297607 181.0
825.485779 206.0
825.674011 255.0
825.862183 275.0
826.050415 290.0
826.238586 309.0
826.426758 303.0
826.61499 270.0
826.803162 226.0
826.991394 202.0
827.179565 193.0
827.367798 188.0
827.555969 177.0
827.744141 185.0
827.932312 178.0
828.120544 174.0
828.308777 176.0
828.496948 176.0
828.685181 171.0
828.873352 180.0
829.061584 179.0
829.249756 175.0
829.437988 180.0
829.62616 179.0
829.814392 172.0
830.002625 179.0
830.190796 181.0
830.379028 169.0
830.5672 177.0
830.755432 175.0
830.943604 175.0
831.131836 180.0
831.320007 178.0
831.508179 174.0
831.696411 173.0
831.884583 175.0
832.072815 175.0
832.260986 178.0
832.449219 177.0
832.63739 174.0
832.825562 176.0
833.013794 174.0
833.201965 174.0
833.390198 181.0
833.578369 173.0
833.766602 175.0
833.954834 177.0
834.143005 170.0
834.331238 175.0
834.519409 179.0
834.707642 177.0
834.895874 174.0
835.084045 183.0
835.272278 179.0
835.460449 168.0
835.648682 177.0
835.836853 172.0
836.025085 170.0
836.213257 179.0
836.401428 178.0
836.589661 173.0
836.777832 183.0
836.966064 175.0
837.154236 174.0
837.342468 182.0
837.53064 178.0
837.718811 168.0
837.907043 184.0
838.095215 184.0
838.283447 174.0
838.47168 184.0
838.659851 178.0
838.848083 177.0
839.036255 182.0
839.224487 185.0
839.412659 179.0
839.600891 192.0
839.789124 210.0
839.977295 283.0
840.165527 341.0
840.353699 338.0
840.541931 361.0
840.730103 379.0
840.918335 362.0
841.106506 289.0
841.294678 254.0
841.48291 268.0
841.671082 348.0
841.859314 380.0
842.047546 388.0
842.235718 413.0
842.423889 440.0
842.612061 376.0
842.800293 287.0
842.988464 241.0
843.176697 215.0
843.364929 196.0
843.553101 194.0
843.741333 187.0
843.929504 179.0
844.117737 183.0
844.305908 179.0
844.494141 173.0
844.682312 184.0
844.870544 180.0
845.058777 177.0
845.246948 177.0
845.435181 174.0
845.623352 173.0
845.811584 179.0
845.999695 175.0
846.187927 176.0
846.37616 179.0
846.564331 180.0
846.752563 172.0
846.940735 177.0
847.128967 175.0
847.317078 173.0
847.50531 177.0
847.693481 178.0
847.881714 173.0
848.069946 179.0
848.258118 173.0
848.44635 171.0
848.634521 169.0
848.822754 173.0
849.010925 168.0
849.199158 178.0
849.387329 179.0
849.575562 178.0
849.763733 180.0
849.951965 180.0
850.140137 175.0
850.328369 180.0
850.516602 175.0
850.704773 178.0
850.892944 185.0
851.081116 193.0
851.269348 223.0
851.45752 247.0
851.645752 249.0
851.833923 253.0
852.022156 273.0
852.210266 268.0
852.398499 237.0
852.58667 217.0
852.774902 191.0
852.963074 180.0
853.151306 188.0
853.339478 179.0
853.52771 180.0
853.715881 177.0
853.904114 179.0
854.092285 173.0
854.280518 179.0
854.468689 174.0
854.656921 170.0
854.845093 180.0
855.033325 174.0
855.221497 171.0
855.409729 180.0
855.5979 177.0
855.786133 174.0
855.974304 172.0
856.162537 174.0
856.350708 176.0
856.538818 182.0
856.72699 184.0
856.915222 174.0
857.103394 176.0
857.291626 177.0
857.479797 176.0
857.667969 176.0
857.856201 178.0
858.044373 176.0
858.232605 184.0
858.420776 175.0
858.609009 175.0
858.79718 175.0
858.985413 178.0
859.173584 174.0
859.361816 179.0
859.549988 180.0
859.738159 175.0
859.926392 176.0
860.114563 172.0
860.302795 173.0
860.490967 184.0
860.679199 172.0
860.867371 169.0
861.055542 178.0
861.243774 174.0
861.431824 168.0
861.620056 177.0
861.808228 175.0
861.996399 176.0
862.184631 178.0
862.372803 177.0
862.561035 172.0
862.749207 173.0
862.937378 174.0
863.12561 172.0
863.313782 179.0
863.502014 173.0
863.690186 168.0
863.878357 181.0
864.066589 176.0
864.254761 170.0
864.442993 180.0
864.631165 183.0
864.819336 170.0
865.007568 179.0
865.19574 172.0
865.383911 174.0
865.572144 179.0
865.760315 183.0
865.948486 183.0
866.136719 195.0
866.324768 191.0
866.512939 188.0
866.701172 198.0
866.889343 197.0
867.077515 187.0
867.265747 182.0
867.453918 175.0
867.64209 178.0
867.830322 173.0
868.018494 177.0
868.206665 173.0
868.394897 179.0
868.583069 175.0
868.77124 171.0
868.959473 177.0
869.147644 176.0
869.335815 171.0
869.523987 176.0
869.712219 177.0
869.900391 173.0
870.088562 181.0
870.276733 179.0
870.464966 174.0
870.653137 182.0
870.841309 171.0
871.029541 173.0
871.21759 179.0
871.405762 175.0
871.593933 169.0
871.782166 178.0
871.970337 178.0
872.158508 170.0
872.34668 178.0
872.534851 177.0
872.723083 172.0
872.911255 184.0
873.099426 172.0
873.287598 174.0
873.47583 180.0
873.664001 179.0
873.852173 174.0
874.040344 176.0
874.228516 170.0
874.416748 169.0
874.604919 175.0
874.793091 179.0
874.981262 171.0
875.169434 176.0
875.357605 179.0
875.545837 176.0
875.734009 177.0
875.92218 183.0
876.110229 177.0
876.298401 179.0
876.486572 177.0
876.674805 175.0
876.862976 174.0
877.051147 176.0
877.239319 176.0
877.42749 176.0
877.615662 172.0
877.803833 170.0
877.992004 176.0
878.180176 176.0
878.368408 173.0
878.55658 182.0
878.744751 172.0
878.932922 177.0
879.121094 180.0
879.309265 172.0
879.497437 176.0
879.685608 176.0
879.873779 176.0
880.061951 172.0
880.250122 179.0
880.438293 178.0
880.626465 171.0
880.814636 183.0
881.002747 176.0
881.190918 170.0
881.379089 178.0
881.567261 182.0
881.755432 175.0
881.943604 183.0
882.131775 178.0
882.319946 170.0
882.508118 176.0
882.696289 176.0
882.88446 177.0
883.072632 180.0
883.260803 173.0
883.448975 163.0
883.637146 180.0
883.825317 181.0
884.013428 176.0
884.201599 178.0
884.389771 175.0
884.577942 175.0
884.766113 172.0
884.954285 174.0
885.142456 170.0
885.330627 176.0
885.518799 171.0
885.70697 173.0
885.89502 176.0
886.083191 178.0
886.271362 173.0
886.459534 180.0
886.647644 174.0
886.835815 177.0
887.023987 181.0
887.212158 175.0
887.40033 173.0
887.588501 177.0
887.776672 174.0
887.964783 175.0
888.152954 181.0
888.341125 175.0
888.529297 172.0
888.717468 178.0
888.90564 172.0
889.09375 171.0
889.281921 178.0
889.470093 173.0
889.658264 172.0
889.846436 178.0
890.034546 177.0
890.222717 173.0
890.410889 176.0
890.59906 178.0
890.787109 174.0
890.97522 182.0
891.163391 172.0
891.351562 175.0
891.539734 177.0
891.727844 177.0
891.916016 176.0
892.104187 175.0
892.292358 174.0
892.480469 175.0
892.66864 176.0
892.856812 178.0
893.044922 181.0
893.233093 175.0
893.421265 172.0
893.609375 172.0
893.797546 180.0
893.985718 178.0
894.173828 172.0
894.362 181.0
894.550171 177.0
894.738281 175.0
894.926453 176.0
895.114624 175.0
895.302734 173.0
895.490906 177.0
895.678894 168.0
895.867065 174.0
896.055237 179.0
896.243347 178.0
896.431519 171.0
896.619629 174.0
896.8078 173.0
896.995972 174.0
897.184082 180.0
897.372253 173.0
897.560364 170.0
897.748535 178.0
897.936646 171.0
898.124817 172.0
898.312927 176.0
898.501099 179.0
898.689209 171.0
898.87738 180.0
899.065491 177.0
899.253662 170.0
899.441772 180.0
899.629944 178.0
899.818054 169.0
900.006226 178.0
900.194336 177.0
900.382507 171.0
900.570496 179.0
900.758667 182.0
900.946777 172.0
901.134888 176.0
901.323059 170.0
901.511169 173.0
901.699341 177.0
901.887451 175.0
902.075562 173.0
902.263733 180.0
902.451843 174.0
902.640015 172.0
902.828125 179.0
903.016235 180.0
903.204407 170.0
903.392517 175.0
903.580627 171.0
903.768799 173.0
903.956909 175.0
904.14502 175.0
904.33313 170.0
904.521301 181.0
904.709412 175.0
904.897522 171.0
905.085693 184.0
905.273804 176.0
905.461792 173.0
905.649902 182.0
905.838074 173.0
906.026184 172.0
906.214294 181.0
906.402405 178.0
906.590576 172.0
906.778687 178.0
906.966797 177.0
907.154907 169.0
907.343018 180.0
907.531189 182.0
907.719299 172.0
907.90741 179.0
908.09552 179.0
908.28363 171.0
908.471741 180.0
908.659851 176.0
908.848022 172.0
909.036133 176.0
909.224243 180.0
909.412354 176.0
909.600464 176.0
909.788574 175.0
909.976685 178.0
910.164795 179.0
910.352783 179.0
910.540894 176.0
910.729004 180.0
910.917114 179.0
911.105225 187.0
911.293335 221.0
911.481445 244.0
911.669556 241.0
911.857666 255.0
912.045776 258.0
912.233887 256.0
912.421997 271.0
912.610107 266.0
912.798218 236.0
912.986328 218.0
913.174438 194.0
913.362549 187.0
913.550659 192.0
913.73877 181.0
913.92688 178.0
914.11499 183.0
914.303101 177.0
914.491211 172.0
914.679321 183.0
914.867371 176.0
915.055481 176.0
915.243469 180.0
915.43158 178.0
915.61969 173.0
915.8078 181.0
915.99585 178.0
916.18396 172.0
916.37207 180.0
916.560181 178.0
916.748291 171.0
916.93634 184.0
917.124451 175.0
917.312561 173.0
917.500671 181.0
917.688721 179.0
917.876831 175.0
918.064941 176.0
918.253052 180.0
918.441101 170.0
918.629211 181.0
918.817322 180.0
919.005371 176.0
919.193481 179.0
919.381592 177.0
919.569641 173.0
919.757751 178.0
919.945862 179.0
920.133789 174.0
920.321899 195.0
920.509949 177.0
920.698059 174.0
920.886169 181.0
921.074219 177.0
921.262329 179.0
921.450378 191.0
921.638489 197.0
921.826538 192.0
922.014648 204.0
922.202759 200.0
922.390808 197.0
922.578918 206.0
922.766968 204.0
922.955078 196.0
923.143127 198.0
923.331238 184.0
923.519287 181.0
923.707336 190.0
923.895447 173.0
924.083496 176.0
924.271606 180.0
924.459656 174.0
924.647766 172.0
924.835815 180.0
925.023743 177.0
925.211853 176.0
925.399902 177.0
925.588013 179.0
925.776062 176.0
925.964111 177.0
926.152222 177.0
926.340271 169.0
926.52832 179.0
926.71637 177.0
926.90448 171.0
927.092529 174.0
927.280579 174.0
927.468689 171.0
927.656738 173.0
927.844788 172.0
928.032837 173.0
928.220947 178.0
928.408997 175.0
928.597046 173.0
928.785095 182.0
928.973145 177.0
929.161255 170.0
929.349304 180.0
929.537354 175.0
929.725403 179.0
929.91333 176.0
930.101379 177.0
930.289429 174.0
930.477539 180.0
930.665588 178.0
930.853638 174.0
931.041687 178.0
931.229736 177.0
931.417786 171.0
931.605835 178.0
931.793884 174.0
931.981934 172.0
932.169983 181.0
932.358032 178.0
932.546082 172.0
932.734131 179.0
932.92218 174.0
933.110229 176.0
933.298279 179.0
933.486328 174.0
933.674377 173.0
933.862427 176.0
934.050476 176.0
934.238525 171.0
934.426575 179.0
934.614563 181.0
934.80249 174.0
934.99054 179.0
935.178589 179.0
935.366638 175.0
935.554687 176.0
935.742676 178.0
935.930725 177.0
936.118774 181.0
936.306824 178.0
936.494873 174.0
936.682861 172.0
936.870911 177.0
937.05896 175.0
937.247009 172.0
937.434998 176.0
937.623047 170.0
937.811096 177.0
937.999146 176.0
938.187134 170.0
938.375183 177.0
938.563232 173.0
938.751221 172.0
938.93927 184.0
939.127258 173.0
939.315308 173.0
939.503357 181.0
939.691223 178.0
939.879272 172.0
940.067261 177.0
940.25531 177.0
940.443359 170.0
940.631348 182.0
940.819397 176.0
941.007385 170.0
941.195435 183.0
941.383423 177.0
941.571472 171.0
941.75946 183.0
941.94751 182.0
942.135498 172.0
942.323486 182.0
942.511536 176.0
942.699524 171.0
942.887573 181.0
943.075562 175.0
943.26355 170.0
943.451599 176.0
943.639587 174.0
943.827637 170.0
944.015625 181.0
944.203613 179.0
944.391663 173.0
944.579529 176.0
944.767517 180.0
944.955505 172.0
945.143555 183.0
945.331543 178.0
945.519531 175.0
945.70752 178.0
945.895569 174.0
946.083557 174.0
946.271545 181.0
946.459534 175.0
946.647522 173.0
946.835571 180.0
947.02356 173.0
947.211548 174.0
947.399536 185.0
947.587524 177.0
947.775513 170.0
947.963501 183.0
948.151489 172.0
948.339478 177.0
948.527527 175.0
948.715515 172.0
948.903503 176.0
949.091492 182.0
949.27948 179.0
949.467346 169.0
949.655334 174.0
949.843323 172.0
950.031311 172.0
950.219299 178.0
950.407227 170.0
950.595215 170.0
950.783203 177.0
950.971191 177.0
951.15918 168.0
951.347168 184.0
951.535156 175.0
951.723145 168.0
951.911133 176.0
952.09906 174.0
952.287048 171.0
952.475037 181.0
952.663025 174.0
952.851013 173.0
953.03894 175.0
953.226929 173.0
953.414917 174.0
953.602905 175.0
953.790833 180.0
953.978821 175.0
954.166809 173.0
954.354614 179.0
954.542603 170.0
954.730591 181.0
954.918518 176.0
955.106506 172.0
955.294495 180.0
955.482422 179.0
955.67041 175.0
955.858337 181.0
956.046326 173.0
956.234253 173.0
956.422241 181.0
956.610168 175.0
956.798157 171.0
956.986084 182.0
957.174072 174.0
957.362 173.0
957.549988 182.0
957.737915 172.0
957.925903 174.0
958.113831 180.0
958.301819 175.0
958.489746 173.0
958.677673 182.0
958.865662 178.0
959.053589 173.0
959.241455 181.0
959.429382 179.0
959.61731 173.0
959.805237 180.0
959.993225 174.0
960.181152 175.0
960.36908 180.0
960.557068 177.0
960.744995 170.0
960.932922 182.0
961.12085 176.0
961.308777 173.0
961.496765 170.0
961.684692 178.0
961.87262 178.0
962.060547 175.0
962.248474 175.0
962.436401 173.0
962.624329 178.0
962.812317 175.0
963.000244 176.0
963.188171 180.0
963.376099 179.0
963.564026 174.0
963.751953 180.0
963.93988 173.0
964.127686 174.0
964.315613 182.0
964.50354 175.0
964.691467 183.0
964.879395 192.0
965.067322 194.0
965.255249 190.0
965.443115 199.0
965.631042 192.0
965.81897 193.0
966.006897 192.0
966.194824 192.0
966.382751 194.0
966.570679 192.0
966.758545 185.0
966.946472 174.0
967.134399 182.0
967.322327 179.0
967.510193 173.0
967.69812 177.0
967.886047 175.0
968.073975 172.0
968.261841 177.0
968.449768 182.0
968.637695 171.0
968.825562 176.0
969.013367 176.0
969.201294 172.0
969.38916 181.0
969.577087 178.0
969.764954 170.0
969.952881 175.0
970.140747 175.0
970.328674 179.0
970.516602 175.0
970.704468 181.0
970.892395 174.0
971.080261 178.0
971.268188 183.0
971.456055 176.0
971.643921 176.0
971.831848 179.0
972.019714 172.0
972.207642 178.0
972.395508 178.0
972.583374 176.0
972.771301 173.0
972.959167 180.0
973.147034 178.0
973.334961 177.0
973.522827 174.0
973.710693 168.0
973.898499 179.0
974.086365 174.0
974.274231 172.0
974.462097 177.0
974.649963 177.0
974.837891 172.0
975.025757 178.0
975.213623 170.0
975.401489 168.0
975.589355 182.0
975.777222 178.0
975.965088 174.0
976.153015 183.0
976.340881 175.0
976.528748 174.0
976.716614 185.0
976.90448 179.0
977.092346 172.0
977.280212 184.0
977.468079 180.0
977.655945 176.0
977.843811 184.0
978.031677 179.0
978.219543 175.0
978.407349 184.0
978.595215 182.0
978.782959 186.0
978.970825 182.0
979.158691 184.0
979.346558 174.0
979.534424 179.0
979.722229 182.0
979.910095 177.0
980.097961 177.0
980.285828 180.0
980.473633 173.0
980.661499 177.0
980.849365 179.0
981.037231 173.0
981.225037 182.0
981.412903 179.0
981.600769 174.0
981.788574 179.0
981.97644 178.0
982.164246 175.0
982.352112 180.0
982.539978 175.0
982.727783 176.0
982.915649 182.0
983.103455 179.0
983.291321 171.0
983.479126 180.0
983.66687 180.0
983.854675 172.0
984.042542 178.0
984.230347 172.0
984.418152 170.0
984.606018 181.0
984.793823 176.0
984.981689 166.0
985.169495 176.0
985.3573 180.0
985.545166 172.0
985.732971 179.0
985.920776 178.0
986.108582 174.0
986.296448 176.0
986.484253 181.0
986.672058 170.0
986.859863 183.0
987.047668 179.0
987.235535 173.0
987.42334 183.0
987.611145 182.0
987.79895 171.0
987.986755 175.0
988.174561 175.0
988.362366 177.0
988.550049 177.0
988.737854 177.0
988.925659 173.0
989.113464 179.0
989.30127 182.0
989.489075 177.0
989.67688 179.0
989.864685 177.0
990.05249 173.0
990.240295 180.0
990.428101 179.0
990.615906 173.0
990.803711 179.0
990.991516 178.0
991.179321 174.0
991.367065 180.0
991.554871 175.0
991.742676 171.0
991.930481 180.0
992.118225 179.0
992.30603 169.0
992.493835 179.0
992.681641 176.0
992.869385 177.0
993.05719 183.0
993.244995 175.0
993.432617 174.0
993.620422 174.0
993.808167 178.0
993.995972 171.0
994.183777 181.0
994.371521 176.0
994.559326 174.0
994.74707 182.0
994.934875 178.0
995.12262 173.0
995.310425 180.0
995.498169 176.0
995.685974 173.0
995.873718 178.0
996.061462 177.0
996.249268 175.0
996.437012 179.0
996.624756 177.0
996.812561 175.0
997.000305 178.0
997.188049 178.0
997.375854 177.0
997.563599 176.0
997.751343 177.0
997.939087 179.0
998.126892 177.0
998.314514 175.0
998.502258 173.0
998.690002 174.0
998.877747 178.0
999.065491 177.0
999.253235 175.0
999.440979 177.0
999.628784 176.0
999.816528 177.0
1000.004272 174.0
1000.192017 0.0
1000.379761 0.0
1000.567505 0.0
1000.755249 0.0
1000.942993 0.0
1001.130676 0.0
1001.31842 0.0
1001.506165 0.0
1001.693909 0.0
1001.881653 0.0
1002.069397 0.0
1002.257141 0.0
1002.444824 0.0
1002.632568 0.0
1002.820312 0.0
1003.008057 0.0
1003.195679 0.0
1003.383362 0.0
1003.571106 0.0
1003.75885 0.0
1003.946533 0.0
1004.134277 0.0
1004.322021 0.0
1004.509705 0.0
1004.697449 0.0
1004.885132 0.0
1005.072876 0.0
1005.260559 0.0
1005.448303 0.0
1005.635986 0.0
1005.82373 0.0
1006.011414 0.0
1006.199158 0.0
1006.386841 0.0
1006.574585 0.0
1006.762268 0.0
1006.949951 0.0
1007.137695 0.0
1007.325378 0.0
1007.513062 0.0
1007.700806 0.0
1007.888489 0.0
1008.07605 0.0
1008.263794 0.0
1008.451477 0.0
1008.63916 0.0
1008.826843 0.0
1009.014526 0.0
1009.202271 0.0
1009.389954 0.0
1009.577637 0.0
1009.76532 0.0
1009.953003 0.0
1010.140686 0.0
1010.328369 0.0
1010.516052 0.0
1010.703735 0.0
1010.891418 0.0
1011.079102 0.0
1011.266785 0.0
1011.454468 0.0
1011.642151 0.0
1011.829834 0.0
1012.017517 0.0
1012.205139 0.0
1012.392822 0.0
1012.580505 0.0
1012.768188 0.0
1012.95575 0.0
1013.143372 0.0
1013.331055 0.0
1013.518738 0.0
1013.706421 0.0
1013.894043 0.0
1014.081726 0.0
1014.269409 0.0
1014.457031 0.0
1014.644714 0.0
1014.832336 0.0
1015.02002 0.0
1015.207703 0.0
