337.35134888 0.0
337.80362194 0.0
338.25595141 0.0
338.70833725 0.0
339.16077942 0.0
339.61327788 0.0
340.06583261 0.0
340.51844356 0.0
340.97111069 0.0
341.42383397 0.0
341.87661336 0.0
342.32944883 0.0
342.78234033 0.0
343.23528784 0.0
343.68829131 0.0
344.1413507 0.0
344.59446599 0.0
345.04763714 0.0
345.5008641 0.0
345.95414684 0.0
346.40748532 0.0
346.86087951 0.0
347.31432937 0.0
347.76783486 0.0
348.22139595 0.0
348.6750126 0.0
349.12868478 0.0
349.58241244 0.0
350.03619554 58.6666666667
350.49003406 175.5
350.94392796 176.0
351.3978772 175.0
351.85188173 170.666666667
352.30594153 173.5
352.76005657 174.333333333
353.21422679 173.5
353.66845217 174.0
354.12273266 175.5
354.57706824 178.666666667
355.03145886 176.5
355.48590449 171.0
355.94040509 176.666666667
356.39496062 178.0
356.84957105 172.333333333
357.30423634 170.0
357.75895646 174.0
358.21373136 174.0
358.66856102 172.0
359.12344538 174.0
359.57838442 176.333333333
360.03337811 179.0
360.48842639 175.333333333
360.94352924 175.0
361.39868662 173.333333333
361.8538985 179.0
362.30916483 174.666666667
362.76448558 177.5
363.21986071 173.5
363.67529018 174.666666667
364.13077397 177.5
364.58631202 177.666666667
365.04190431 174.5
365.4975508 171.333333333
365.95325145 171.5
366.40900623 175.333333333
366.86481509 173.0
367.32067801 174.333333333
367.77659494 173.5
368.23256584 175.0
368.68859069 171.5
369.14466944 172.0
369.60080206 174.0
370.05698851 178.333333333
370.51322875 175.5
370.96952275 176.666666667
371.42587047 171.0
371.88227187 175.5
372.33872691 175.333333333
372.79523557 176.0
373.2517978 171.666666667
373.70841357 175.0
374.16508283 173.0
374.62180556 175.5
375.07858171 173.666666667
375.53541125 176.0
375.99229415 174.666666667
376.44923035 176.5
376.90621984 171.666666667
377.36326257 174.5
377.8203585 175.333333333
378.2775076 173.0
378.73470984 175.666666667
379.19196516 177.0
379.64927355 174.333333333
380.10663495 176.5
380.56404934 176.666666667
381.02151668 177.5
381.47903693 173.666666667
381.93661005 175.0
382.394236 179.0
382.85191476 175.0
383.30964628 176.0
383.76743053 175.333333333
384.22526746 174.5
384.68315705 177.333333333
385.14109926 177.0
385.59909404 177.0
386.05714137 179.5
386.5152412 178.333333333
386.97339351 177.5
387.43159824 199.333333333
387.88985537 263.0
388.34816486 318.333333333
388.80652667 317.5
389.26494076 266.666666667
389.7234071 188.5
390.18192566 180.333333333
390.64049638 181.5
391.09911925 177.333333333
391.55779422 178.5
392.01652125 178.333333333
392.4753003 177.0
392.93413135 174.0
393.39301436 175.5
393.85194927 176.333333333
394.31093607 175.0
394.76997472 174.5
395.22906517 175.666666667
395.68820739 180.0
396.14740134 181.0
396.60664699 183.5
397.06594429 177.0
397.52529322 173.0
397.98469374 175.666666667
398.44414581 177.0
398.90364938 175.666666667
399.36320444 172.5
399.82281093 177.0
400.28246882 171.5
400.74217808 176.0
401.20193867 175.0
401.66175054 179.333333333
402.12161368 184.0
402.58152803 185.0
403.04149356 179.5
403.50151023 173.666666667
403.96157802 172.5
404.42169687 175.333333333
404.88186676 176.5
405.34208764 175.0
405.80235949 172.5
406.26268226 172.666666667
406.72305591 177.5
407.18348042 174.666666667
407.64395574 173.0
408.10448183 176.0
408.56505866 170.5
409.0256862 174.666666667
409.4863644 172.0
409.94709324 174.0
410.40787266 177.0
410.86870264 174.666666667
411.32958314 175.5
411.79051412 178.333333333
412.25149554 176.0
412.71252738 174.0
413.17360958 176.5
413.63474212 175.666666667
414.09592496 170.5
414.55715806 175.5
415.01844138 178.0
415.4797749 175.0
415.94115856 171.0
416.40259233 171.0
416.86407619 177.0
417.32561008 176.5
417.78719398 175.666666667
418.24882784 173.0
418.71051164 176.0
419.17224533 173.0
419.63402887 174.333333333
420.09586223 177.5
420.55774538 174.0
421.01967827 177.0
421.48166087 173.666666667
421.94369315 175.0
422.40577506 172.666666667
422.86790657 177.0
423.33008764 176.0
423.79231823 174.5
424.25459832 176.666666667
424.71692786 172.0
425.17930681 176.333333333
425.64173514 177.5
426.10421281 175.666666667
426.56673978 174.5
427.02931602 174.666666667
427.4919415 174.5
427.95461617 173.666666667
428.41733999 180.0
428.88011294 176.0
429.34293497 173.0
429.80580604 173.0
430.26872613 171.0
430.73169519 178.0
431.19471319 173.5
431.65778008 173.333333333
432.12089584 175.0
432.58406043 174.0
433.0472738 173.5
433.51053593 174.333333333
433.97384677 179.0
434.4372063 174.666666667
434.90061446 177.5
435.36407123 174.333333333
435.82757657 176.5
436.29113044 176.666666667
436.75473281 175.5
437.21838363 173.333333333
437.68208288 177.5
438.14583051 174.333333333
438.60962648 176.5
439.07347077 176.333333333
439.53736333 175.5
440.00130413 173.333333333
440.46529314 173.0
440.9293303 174.0
441.39341559 176.5
441.85754898 177.333333333
442.32173041 176.0
442.78595986 173.666666667
443.2502373 174.0
443.71456267 175.0
444.17893595 177.5
444.64335711 175.666666667
445.10782609 179.0
445.57234287 177.0
446.03690741 188.0
446.50151967 240.0
446.96617962 282.0
447.43088721 251.666666667
447.89564242 191.5
448.3604452 175.333333333
448.82529553 176.5
449.29019335 172.666666667
449.75513864 172.5
450.22013135 174.666666667
450.68517146 175.0
451.15025892 177.0
451.6153937 175.0
452.08057576 175.0
452.54580506 174.0
453.01108157 175.333333333
453.47640525 179.0
453.94177607 176.0
454.40719398 173.0
454.87265895 177.0
455.33817095 175.666666667
455.80372993 170.5
456.26933586 177.0
456.7349887 176.5
457.20068842 173.666666667
457.66643498 172.5
458.13222835 173.666666667
458.59806847 172.0
459.06395533 175.333333333
459.52988888 176.0
459.99586908 175.666666667
460.4618959 174.5
460.92796931 174.0
461.39408926 174.5
461.86025571 176.0
462.32646864 176.0
462.792728 172.333333333
463.25903377 172.0
463.72538589 175.666666667
464.19178433 173.5
464.65822906 177.0
465.12472005 176.5
465.59125725 174.666666667
466.05784062 179.0
466.52447013 174.666666667
466.99114575 170.5
467.45786744 174.0
467.92463515 173.0
468.39144886 174.666666667
468.85830852 177.0
469.3252141 176.666666667
469.79216557 172.5
470.25916288 177.666666667
470.726206 189.5
471.19329489 193.333333333
471.66042952 188.0
472.12760985 178.666666667
472.59483583 173.5
473.06210745 177.333333333
473.52942465 176.5
473.9967874 175.0
474.46419567 172.0
474.93164941 175.666666667
475.3991486 174.0
475.86669319 174.333333333
476.33428315 174.333333333
476.80191844 177.5
477.26959902 172.333333333
477.73732486 176.0
478.20509592 174.333333333
478.67291216 175.0
479.14077355 178.0
479.60868006 175.0
480.07663163 174.666666667
480.54462824 172.0
481.01266985 172.333333333
481.48075642 173.0
481.94888792 173.666666667
482.4170643 179.5
482.88528554 176.0
483.3535516 178.5
483.82186243 175.333333333
484.29021801 173.5
484.75861829 175.333333333
485.22706324 176.5
485.69555282 175.333333333
486.16408699 171.5
486.63266573 172.333333333
487.10128898 173.5
487.56995672 175.666666667
488.03866891 175.5
488.50742551 175.0
488.97622648 177.0
489.44507179 172.666666667
489.91396139 176.666666667
490.38289527 173.5
490.85187337 177.333333333
491.32089566 186.0
491.7899621 208.333333333
492.25907266 215.0
492.7282273 182.666666667
493.19742598 173.5
493.66666867 173.333333333
494.13595533 176.5
494.60528591 174.666666667
495.0746604 174.0
495.54407874 171.333333333
496.01354091 170.5
496.48304686 175.666666667
496.95259656 172.0
497.42218997 174.0
497.89182706 169.0
498.36150779 173.333333333
498.83123211 173.0
499.301 177.666666667
499.77081142 172.5
500.24066633 179.666666667
500.71056469 208.666666667
501.18050648 320.5
501.65049164 324.666666667
502.12052014 205.0
502.59059195 181.666666667
503.06070704 179.5
503.53086535 175.333333333
504.00106686 175.5
504.47131154 180.666666667
504.94159933 176.0
505.41193021 175.666666667
505.88230414 175.0
506.35272109 174.333333333
506.82318101 175.0
507.29368386 174.333333333
507.76422962 172.5
508.23481825 177.333333333
508.7054497 173.5
509.17612395 174.333333333
509.64684095 173.0
510.11760067 172.333333333
510.58840307 175.0
511.05924812 169.0
511.53013577 173.333333333
512.001066 176.0
512.47203875 173.666666667
512.94305401 176.5
513.41411173 178.0
513.88521187 174.5
514.3563544 174.0
514.82753927 173.0
515.29876647 174.333333333
515.77003593 172.5
516.24134764 174.666666667
516.71270155 169.0
517.18409763 177.0
517.65553584 177.5
518.12701614 174.333333333
518.5985385 173.0
519.07010287 173.0
519.54170923 173.666666667
520.01335753 172.0
520.48504774 174.0
520.95677983 175.5
521.42855375 176.666666667
521.90036946 174.5
522.37222694 176.666666667
522.84412615 173.0
523.31606704 172.666666667
523.78804958 175.0
524.26007374 172.333333333
524.73213947 179.0
525.20424675 177.333333333
525.67639553 171.0
526.14858578 173.666666667
526.62081745 172.666666667
527.09309052 176.0
527.56540495 175.333333333
528.0377607 172.0
528.51015773 170.666666667
528.98259601 174.0
529.4550755 174.666666667
529.92759616 174.0
530.40015795 174.0
530.87276085 175.0
531.34540481 172.333333333
531.81808979 176.0
532.29081576 176.333333333
532.76358269 176.0
533.23639053 177.333333333
533.70923924 176.666666667
534.1821288 176.5
534.65505917 174.0
535.1280303 172.0
535.60104217 172.666666667
536.07409473 177.0
536.54718794 176.0
537.02032178 176.0
537.4934962 176.333333333
537.96671117 173.0
538.43996665 175.666666667
538.91326261 175.5
539.386599 174.0
539.85997579 176.0
540.33339294 175.5
540.80685042 177.666666667
541.28034819 175.0
541.75388622 174.333333333
542.22746446 177.0
542.70108287 173.666666667
543.17474144 175.5
543.6484401 176.666666667
544.12217884 172.5
544.59595761 175.333333333
545.06977637 179.5
545.5436351 177.0
546.01753374 174.5
546.49147227 176.0
546.96545065 173.666666667
547.43946884 175.0
547.9135268 177.0
548.3876245 176.0
548.86176191 175.666666667
549.33593897 173.0
549.81015567 175.666666667
550.28441195 172.5
550.75870779 173.333333333
551.23304315 175.5
551.70741799 177.0
552.18183227 175.5
552.65628595 177.666666667
553.13077901 175.0
553.6053114 175.5
554.07988309 175.0
554.55449403 180.5
555.0291442 172.666666667
555.50383356 172.0
555.97856206 176.0
556.45332968 171.0
556.92813637 175.666666667
557.4029821 173.5
557.87786683 174.666666667
558.35279053 177.333333333
558.82775315 172.0
559.30275467 176.666666667
559.77779504 174.5
560.25287423 175.0
560.72799221 176.5
561.20314892 176.333333333
561.67834435 172.5
562.15357844 175.333333333
562.62885117 172.5
563.10416249 175.0
563.57951238 173.666666667
564.05490079 176.0
564.53032769 171.666666667
565.00579303 173.0
565.48129679 174.333333333
565.95683893 176.5
566.4324194 177.333333333
566.90803818 177.0
567.38369523 175.333333333
567.8593905 175.5
568.33512397 177.333333333
568.81089559 174.0
569.28670533 175.666666667
569.76255316 177.0
570.23843902 180.0
570.7143629 175.333333333
571.19032475 175.5
571.66632453 175.666666667
572.14236222 173.5
572.61843776 175.333333333
573.09455113 174.5
573.57070228 178.666666667
574.04689119 174.5
574.52311781 176.333333333
574.99938211 173.666666667
575.47568405 175.0
575.95202359 173.333333333
576.4284007 177.0
576.90481534 175.333333333
577.38126747 176.5
577.85775706 177.666666667
578.33428407 175.5
578.81084846 179.0
579.2874502 177.666666667
579.76408925 178.5
580.24076557 180.0
580.71747912 178.0
581.19422988 177.333333333
581.6710178 175.0
582.14784284 179.666666667
582.62470497 182.0
583.10160416 180.0
583.57854035 178.0
584.05551353 183.666666667
584.53252365 185.666666667
585.00957067 191.0
585.48665456 195.0
585.96377529 203.0
586.4409328 227.333333333
586.91812708 429.0
587.39535807 2398.66666667
587.87262575 1383.5
588.34993007 302.0
588.82727101 213.333333333
589.30464852 200.0
589.78206256 190.0
590.25951311 184.5
590.73700012 181.666666667
591.21452355 181.5
591.69208338 178.666666667
592.16967956 179.5
592.64731205 178.666666667
593.12498082 178.0
593.60268584 178.0
594.08042706 175.666666667
594.55820445 173.0
595.03601797 174.666666667
595.51386759 179.0
595.99175326 176.0
596.46967496 176.0
596.94763264 177.0
597.42562627 176.5
597.90365581 176.333333333
598.38172122 174.0
598.85982248 177.5
599.33795953 173.333333333
599.81613235 175.0
600.29434089 178.0
600.77258513 176.0
601.25086501 185.0
601.72918052 200.5
602.20753161 213.333333333
602.68591823 205.0
603.16434037 185.5
603.64279797 183.0
604.12129101 178.0
604.59981945 178.333333333
605.07838324 177.0
605.55698236 177.333333333
606.03561676 175.5
606.51428641 174.666666667
606.99299127 173.0
607.47173131 173.5
607.95050648 174.666666667
608.42931676 174.0
608.9081621 176.666666667
609.38704248 172.5
609.86595784 177.333333333
610.34490816 172.0
610.82389339 176.666666667
611.30291351 177.333333333
611.78196847 179.0
612.26105823 175.666666667
612.74018277 175.5
613.21934204 177.0
613.69853601 176.0
614.17776464 175.0
614.65702789 178.5
615.13632573 175.333333333
615.61565812 176.333333333
616.09502502 168.5
616.5744264 175.333333333
617.05386221 171.0
617.53333243 176.666666667
618.01283702 175.5
618.49237593 175.0
618.97194914 175.5
619.4515566 173.0
619.93119828 176.0
620.41087415 171.5
620.89058415 174.0
621.37032827 175.0
621.85010646 173.333333333
622.32991868 174.0
622.8097649 173.666666667
623.28964508 173.0
623.76955919 173.5
624.24950718 177.0
624.72948902 179.0
625.20950468 171.0
625.68955412 174.0
626.16963729 178.333333333
626.64975417 176.0
627.12990471 173.0
627.61008889 175.0
628.09030666 173.5
628.57055798 177.666666667
629.05084283 175.5
629.53116115 176.666666667
630.01151293 175.5
630.49189811 172.333333333
630.97231666 173.0
631.45276855 178.5
631.93325374 175.666666667
632.41377219 178.5
632.89432387 174.666666667
633.37490873 173.0
633.85552675 172.666666667
634.33617788 174.5
634.81686209 175.666666667
635.29757934 176.333333333
635.77832959 173.5
636.25911281 175.333333333
636.73992897 171.5
637.22077801 177.0
637.70165992 176.5
638.18257464 174.333333333
638.66352215 175.666666667
639.1445024 174.5
639.62551537 174.666666667
640.10656101 174.5
640.58763928 177.666666667
641.06875016 174.5
641.54989359 175.666666667
642.03106956 176.666666667
642.51227801 172.0
642.99351892 175.0
643.47479224 173.5
643.95609794 174.333333333
644.43743598 174.5
644.91880633 175.333333333
645.40020894 171.5
645.88164379 175.666666667
646.36311083 174.0
646.84461003 175.0
647.32614135 172.333333333
647.80770476 172.0
648.28930022 176.333333333
648.77092768 174.5
649.25258712 175.0
649.7342785 174.333333333
650.21600177 174.0
650.69775691 175.0
651.17954388 174.0
651.66136264 177.0
652.14321315 173.0
652.62509538 174.666666667
653.10700929 175.0
653.58895484 171.5
654.070932 175.333333333
654.55294072 181.0
655.03498098 177.666666667
655.51705274 176.5
655.99915595 176.666666667
656.48129059 178.0
656.96345661 174.0
657.44565398 177.333333333
657.92788266 177.5
658.41014262 175.666666667
658.89243382 176.5
659.37475621 176.333333333
659.85710978 177.333333333
660.33949447 176.0
660.82191025 176.666666667
661.30435708 174.0
661.78683493 176.333333333
662.26934377 177.0
662.75188354 178.333333333
663.23445423 178.333333333
663.71705578 175.5
664.19968817 176.666666667
664.68235136 178.5
665.1650453 183.0
665.64776997 178.5
666.13052532 183.666666667
666.61331133 190.0
667.09612794 205.0
667.57897514 945.0
668.06185287 597.0
668.5447611 240.0
669.0276998 189.5
669.51066893 186.333333333
669.99366845 180.666666667
670.47669833 175.5
670.95975852 177.666666667
671.442849 176.5
671.92596972 180.666666667
672.40912065 177.5
672.89230175 177.666666667
673.37551298 175.666666667
673.85875431 179.0
674.3420257 175.666666667
674.82532712 177.5
675.30865852 173.666666667
675.79201988 179.5
676.27541115 174.333333333
676.75883229 173.333333333
677.24228328 174.5
677.72576406 173.666666667
678.20927462 177.5
678.6928149 174.333333333
679.17638488 175.5
679.65998451 175.0
680.14361377 174.666666667
680.6272726 174.0
681.11096098 176.666666667
681.59467887 174.5
682.07842623 174.666666667
682.56220303 172.5
683.04600923 173.666666667
683.52984478 175.666666667
684.01370967 171.5
684.49760384 174.333333333
684.98152726 178.5
685.46547989 175.0
685.94946171 174.333333333
686.43347266 173.5
686.91751272 173.333333333
687.40158185 173.0
687.88568001 175.666666667
688.36980716 175.5
688.85396327 177.666666667
689.33814829 173.666666667
689.82236221 176.0
690.30660496 174.0
690.79087653 170.5
691.27517687 170.666666667
691.75950595 179.0
692.24386373 175.0
692.72825017 172.333333333
693.21266523 175.0
693.69710889 171.333333333
694.18158109 173.5
694.66608181 173.333333333
695.15061101 177.333333333
695.63516866 173.0
696.1197547 177.0
696.60436912 172.0
697.08901187 176.333333333
697.57368291 172.5
698.05838221 174.666666667
698.54310973 174.0
699.02786544 176.0
699.51264929 174.0
699.99746125 176.0
700.48230129 172.666666667
700.96716936 170.5
701.45206544 175.0
701.93698948 174.666666667
702.42194144 180.5
702.9069213 172.333333333
703.391929 174.0
703.87696453 176.0
704.36202783 178.333333333
704.84711888 183.5
705.33223763 187.333333333
705.81738405 204.0
706.30255811 795.0
706.78775976 552.0
707.27298897 239.0
707.7582457 184.333333333
708.24352991 181.5
708.72884158 178.0
709.21418065 177.5
709.6995471 176.0
710.18494089 175.333333333
710.67036198 171.0
711.15581034 174.333333333
711.64128592 173.0
712.12678869 175.666666667
712.61231862 177.5
713.09787566 175.333333333
713.58345979 177.0
714.06907095 176.0
714.55470913 172.666666667
715.04037427 171.5
715.52606635 174.666666667
716.01178533 173.0
716.49753116 177.5
716.98330382 176.333333333
717.46910326 174.0
717.95492946 171.0
718.44078236 173.0
718.92666194 174.0
719.41256816 173.333333333
719.89850098 175.5
720.38446037 172.333333333
720.87044629 174.5
721.3564587 175.333333333
721.84249756 175.333333333
722.32856284 172.0
722.8146545 172.666666667
723.30077251 177.0
723.78691682 173.333333333
724.27308741 177.5
724.75928423 173.333333333
725.24550724 177.0
725.73175642 170.5
726.21803172 171.333333333
726.70433311 177.0
727.19066055 176.666666667
727.677014 232.0
728.16339343 262.5
728.6497988 200.0
729.13623007 175.0
729.62268721 175.333333333
730.10917018 175.333333333
730.59567893 177.5
731.08221345 173.0
731.56877369 173.5
732.0553596 174.333333333
732.54197116 173.0
733.02860834 175.666666667
733.51527108 172.666666667
734.00195936 178.0
734.48867313 177.0
734.97541237 170.5
735.46217703 175.333333333
735.94896708 176.333333333
736.43578248 173.0
736.9226232 172.666666667
737.40948919 175.0
737.89638043 174.0
738.38329686 173.666666667
738.87023847 174.0
739.3572052 175.333333333
739.84419703 171.0
740.33121392 174.666666667
740.81825582 172.5
741.30532271 175.666666667
741.79241455 175.333333333
742.27953129 173.0
742.76667291 176.333333333
743.25383936 169.5
743.74103061 174.666666667
744.22824663 175.333333333
744.71548737 176.5
745.2027528 176.0
745.69004288 175.5
746.17735758 176.333333333
746.66469685 174.0
747.15206067 177.0
747.63944899 172.666666667
748.12686178 173.5
748.614299 174.333333333
749.10176061 175.666666667
749.58924659 171.5
750.07675688 174.333333333
750.56429146 172.5
751.05185028 175.666666667
751.53943332 173.5
752.02704053 174.333333333
752.51467187 172.666666667
753.00232732 168.5
753.49000683 174.0
753.97771036 177.5
754.46543789 173.666666667
754.95318936 176.333333333
755.44096476 174.0
755.92876403 174.0
756.41658715 180.0
756.90443407 172.0
757.39230476 173.333333333
757.88019918 176.0
758.3681173 171.0
758.85605908 174.0
759.34402448 174.0
759.83201346 173.0
760.32002599 173.0
760.80806203 171.666666667
761.29612155 171.0
761.78420451 176.333333333
762.27231086 174.333333333
762.76044058 175.0
763.24859363 175.333333333
763.73676997 172.0
764.22496956 171.0
764.71319237 176.666666667
765.20143836 172.5
765.68970749 171.0
766.17799973 177.0
766.66631504 171.333333333
767.15465338 172.333333333
767.64301472 174.0
768.13139902 173.666666667
768.61980624 175.5
769.10823635 173.333333333
769.5966893 176.0
770.08516507 172.333333333
770.57366361 174.0
771.06218489 169.5
771.55072888 174.666666667
772.03929553 175.5
772.5278848 172.666666667
773.01649667 175.333333333
773.50513109 173.0
773.99378804 173.333333333
774.48246746 173.5
774.97116932 174.333333333
775.4598936 174.0
775.94864024 172.5
776.43740922 177.0
776.9262005 179.5
777.41501403 178.0
777.90384979 173.666666667
778.39270774 175.5
778.88158784 172.0
779.37049004 173.5
779.85941433 173.0
780.34836066 175.333333333
780.83732898 176.5
781.32631928 174.0
781.8153315 174.0
782.30436562 176.666666667
782.79342159 176.666666667
783.28249938 175.0
783.77159895 173.0
784.26072027 175.0
784.74986329 174.0
785.23902799 175.333333333
785.72821432 177.0
786.21742225 171.0
786.70665174 173.5
787.19590276 173.0
787.68517526 173.666666667
788.17446922 175.0
788.66378459 173.333333333
789.15312133 172.5
789.64247942 171.333333333
790.13185881 175.0
790.62125947 171.0
791.11068135 173.0
791.60012443 178.0
792.08958867 176.0
792.57907402 173.666666667
793.06858046 175.0
793.55810795 173.666666667
794.04765644 174.5
794.53722591 175.0
795.02681631 177.0
795.51642762 174.5
796.00605978 172.0
796.49571277 172.0
796.98538655 174.0
797.47508108 173.0
797.96479632 172.0
798.45453224 171.666666667
798.94428881 174.5
799.43406597 174.0
799.92386371 177.0
800.41368198 176.0
800.90352074 175.666666667
801.39337996 172.0
801.8832596 174.0
802.37315962 176.333333333
802.86307999 175.5
803.35302067 174.333333333
803.84298163 175.0
804.33296282 175.333333333
804.82296421 174.333333333
805.31298576 173.0
805.80302744 173.0
806.29308921 172.0
806.78317103 174.5
807.27327287 173.333333333
807.76339468 168.0
808.25353644 173.666666667
808.74369811 173.333333333
809.23387964 175.5
809.724081 174.333333333
810.21430216 173.0
810.70454308 173.333333333
811.19480372 177.333333333
811.68508405 175.5
812.17538402 176.333333333
812.6657036 172.5
813.15604276 172.0
813.64640146 172.333333333
814.13677965 173.0
814.62717731 175.666666667
815.1175944 177.5
815.60803088 174.0
816.09848671 172.666666667
816.58896185 173.5
817.07945628 173.333333333
817.56996995 180.0
818.06050283 174.0
818.55105488 172.666666667
819.04162606 175.0
819.53221633 173.0
820.02282567 176.5
820.51345402 171.333333333
821.00410137 178.0
821.49476766 176.5
821.98545286 173.666666667
822.47615694 171.666666667
822.96687986 172.5
