333.0513 0.0
333.235016 0.0
333.418732 0.0
333.602448 0.0
333.786163 0.0
333.969879 0.0
334.153625 0.0
334.337372 0.0
334.521088 0.0
334.704834 0.0
334.88855 0.0
335.072327 0.0
335.256073 0.0
335.439819 0.0
335.623596 0.0
335.807343 0.0
335.991119 0.0
336.174866 0.0
336.358643 0.0
336.542419 0.0
336.726196 0.0
336.909973 0.0
337.09375 0.0
337.277527 0.0
337.461304 0.0
337.645111 0.0
337.828918 0.0
338.012726 0.0
338.196533 0.0
338.380341 0.0
338.564117 0.0
338.747925 0.0
338.931763 0.0
339.11557 0.0
339.299408 0.0
339.483215 0.0
339.667023 0.0
339.850861 0.0
340.034698 0.0
340.218536 0.0
340.402405 0.0
340.586243 0.0
340.770111 0.0
340.953918 0.0
341.137787 0.0
341.321655 0.0
341.505524 0.0
341.689392 0.0
341.87326 0.0
342.057098 0.0
342.240967 0.0
342.424866 0.0
342.608734 0.0
342.792633 0.0
342.976532 0.0
343.160431 0.0
343.344299 0.0
343.528198 0.0
343.712097 0.0
343.895996 0.0
344.079926 0.0
344.263824 0.0
344.447723 0.0
344.631653 0.0
344.815552 0.0
344.999481 0.0
345.183411 0.0
345.367371 0.0
345.5513 0.0
345.735199 0.0
345.919159 0.0
346.103088 0.0
346.287048 0.0
346.471008 0.0
346.654968 0.0
346.838898 0.0
347.022858 0.0
347.206818 0.0
347.390778 0.0
347.574768 0.0
347.758728 0.0
347.942719 0.0
348.126678 0.0
348.310669 0.0
348.494659 0.0
348.67865 0.0
348.86264 0.0
349.046631 0.0
349.230591 0.0
349.414612 0.0
349.598602 0.0
349.782623 0.0
349.966644 1562.0
350.150665 1616.0
350.334686 1661.0
350.518677 1734.0
350.702698 1958.0
350.886749 2216.0
351.07077 2498.0
351.254822 2844.0
351.438843 3192.0
351.622864 3568.0
351.806915 3796.0
351.990967 3844.0
352.175018 3839.0
352.35907 3872.0
352.543121 3860.0
352.727203 3880.0
352.911224 3876.0
353.095306 3893.0
353.279358 3876.0
353.46344 3902.0
353.647522 3888.0
353.831604 3900.0
354.015656 3896.0
354.199738 3907.0
354.38385 3893.0
354.567932 3915.0
354.752045 3900.0
354.936127 3910.0
355.120239 3909.0
355.304321 3912.0
355.488434 3903.0
355.672546 3911.0
355.856659 3907.0
356.040771 3900.0
356.224915 3911.0
356.408997 3902.0
356.59314 3902.0
356.777252 3906.0
356.961395 3902.0
357.145538 3902.0
357.329681 3908.0
357.513824 3911.0
357.697937 3898.0
357.882111 3918.0
358.066254 3905.0
358.250397 3912.0
358.43457 3912.0
358.618744 3919.0
358.802887 3905.0
358.987061 3924.0
359.171234 3912.0
359.355408 3919.0
359.539581 3917.0
359.723755 3924.0
359.907959 3910.0
360.092102 3929.0
360.276306 3919.0
360.46051 3925.0
360.644684 3923.0
360.828888 3930.0
361.013092 3919.0
361.197296 3839.0
361.3815 3915.0
361.565704 838.0
361.749939 1084.0
361.934143 771.0
362.118378 816.0
362.302612 887.0
362.486786 955.0
362.671021 1019.0
362.855255 1111.0
363.03952 1135.0
363.223755 1184.0
363.40799 1219.0
363.592224 1205.0
363.776459 1195.0
363.960724 1162.0
364.144989 1120.0
364.329254 1107.0
364.513519 1100.0
364.697784 1118.0
364.882019 1209.0
365.066284 1352.0
365.25058 1505.0
365.434845 1703.0
365.619141 1922.0
365.803436 2079.0
365.987701 2168.0
366.171967 2269.0
366.356262 2275.0
366.540558 2219.0
366.724884 2100.0
366.90918 1958.0
367.093445 1825.0
367.277771 1664.0
367.462097 1481.0
367.646393 1340.0
367.830719 1366.0
368.015045 1470.0
368.199371 1617.0
368.383698 1854.0
368.567993 2078.0
368.75235 2366.0
368.936676 2714.0
369.121033 3038.0
369.305359 3454.0
369.489685 3726.0
369.674042 3795.0
369.858398 3808.0
370.042755 3836.0
370.227112 3834.0
370.411469 3845.0
370.595856 3843.0
370.780212 3796.0
370.964569 3588.0
371.148926 2946.0
371.333313 2408.0
371.5177 2043.0
371.702087 1996.0
371.886444 2154.0
372.070831 2354.0
372.255219 2619.0
372.439636 2911.0
372.624023 3209.0
372.808441 3547.0
372.992828 3742.0
373.177246 3796.0
373.361633 3833.0
373.546051 3834.0
373.730469 3849.0
373.914886 3851.0
374.099304 3867.0
374.283722 3852.0
374.46814 3878.0
374.652588 3869.0
374.837006 3879.0
375.021454 3877.0
375.205902 3890.0
375.39035 3872.0
375.574799 3897.0
375.759216 3884.0
375.943665 3892.0
376.128143 3891.0
376.312592 3902.0
376.49707 3885.0
376.681488 3904.0
376.865967 3896.0
377.050446 3900.0
377.234924 3899.0
377.419403 3909.0
377.603882 3896.0
377.788361 3913.0
377.97287 3900.0
378.157318 3909.0
378.341827 3907.0
378.526306 3913.0
378.710815 3902.0
378.895325 3917.0
379.079803 3908.0
379.264313 3913.0
379.448822 3911.0
379.633331 3919.0
379.817841 3905.0
380.00238 3924.0
380.18689 3911.0
380.371429 3916.0
380.555939 3917.0
380.740479 3921.0
380.924988 3909.0
381.109528 3929.0
381.294098 3914.0
381.478607 3917.0
381.663147 3917.0
381.847717 3921.0
382.032257 3913.0
382.216827 3923.0
382.401367 3915.0
382.585937 3911.0
382.770508 3920.0
382.955048 3915.0
383.139618 3913.0
383.324188 3917.0
383.508789 3919.0
383.693359 3910.0
383.87793 3922.0
384.0625 3917.0
384.247101 3912.0
384.431702 3919.0
384.616302 3918.0
384.800903 3912.0
384.985504 3918.0
385.170105 3919.0
385.354675 3913.0
385.539276 3920.0
385.723907 3917.0
385.908508 3918.0
386.09314 3916.0
386.27774 3923.0
386.462372 3911.0
386.647003 3927.0
386.831635 3915.0
387.016266 3920.0
387.200897 3920.0
387.385559 3925.0
387.57019 3913.0
387.754791 3928.0
387.939453 3918.0
388.124115 3923.0
388.308777 3920.0
388.493439 3928.0
388.67807 3915.0
388.862732 3932.0
389.047394 3920.0
389.232056 3926.0
389.416748 3925.0
389.60141 3931.0
389.786102 3918.0
389.970795 3937.0
390.155426 3922.0
390.340118 3927.0
390.524811 3928.0
390.709503 3932.0
390.894196 3919.0
391.078888 3935.0
391.26358 3925.0
391.448303 3927.0
391.632996 3930.0
391.817719 3935.0
392.002441 3921.0
392.187134 3939.0
392.371857 3927.0
392.556549 3930.0
392.741302 3933.0
392.926025 3938.0
393.110748 3923.0
393.295502 3939.0
393.480194 3930.0
393.664948 3931.0
393.84967 3930.0
394.034424 3940.0
394.219177 3925.0
394.403931 3940.0
394.588684 3930.0
394.773468 3936.0
394.958191 3930.0
395.142944 3941.0
395.327728 3930.0
395.512482 3943.0
395.697266 3931.0
395.882019 3937.0
396.066803 3935.0
396.251587 3942.0
396.436371 3930.0
396.621155 3932.0
396.805939 3929.0
396.990723 2867.0
397.175537 3921.0
397.360291 3156.0
397.545105 3906.0
397.729919 3676.0
397.914703 3899.0
398.099518 3806.0
398.284302 3831.0
398.469116 3833.0
398.653961 3824.0
398.838776 3853.0
399.02359 3840.0
399.208435 3854.0
399.39325 3854.0
399.578094 3867.0
399.762909 3850.0
399.947754 3876.0
400.132599 3866.0
400.317444 3307.0
400.502289 1860.0
400.687103 891.0
400.871948 865.0
401.056824 897.0
401.241669 920.0
401.426544 957.0
401.61142 1011.0
401.796265 1081.0
401.98114 1149.0
402.165985 1239.0
402.350861 1350.0
402.535767 1451.0
402.720642 1596.0
402.905518 1731.0
403.090393 1857.0
403.275269 2032.0
403.460175 2168.0
403.645081 2356.0
403.829956 2555.0
404.014862 2796.0
404.199768 3059.0
404.384674 3378.0
404.56958 3620.0
404.754486 3717.0
404.939392 3750.0
405.124329 3762.0
405.309235 3728.0
405.494141 3551.0
405.679077 3163.0
405.864014 2652.0
406.04895 2143.0
406.233887 1628.0
406.418823 1314.0
406.60376 1306.0
406.788696 1383.0
406.973633 1499.0
407.158569 1652.0
407.343536 1798.0
407.528473 1954.0
407.71344 2133.0
407.898376 2353.0
408.083344 2558.0
408.268311 2678.0
408.453278 2749.0
408.638275 2756.0
408.823242 2686.0
409.008209 2467.0
409.193207 2189.0
409.378143 1932.0
409.563141 1613.0
409.748138 1317.0
409.933136 1195.0
410.118134 1187.0
410.303101 1206.0
410.488098 1245.0
410.673096 1297.0
410.858124 1357.0
411.043121 1469.0
411.228149 1580.0
411.413147 1711.0
411.598175 1906.0
411.783173 2083.0
411.968201 2318.0
412.153229 2562.0
412.338257 2776.0
412.523285 2948.0
412.708282 3262.0
412.893341 3453.0
413.078369 3564.0
413.263428 3627.0
413.448456 3619.0
413.633514 3554.0
413.818573 3410.0
414.003632 3206.0
414.18866 2930.0
414.373718 2627.0
414.558777 2377.0
414.743835 2269.0
414.928925 2235.0
415.113953 2228.0
415.299042 2128.0
415.4841 2081.0
415.669189 2016.0
415.854279 1986.0
416.039368 1960.0
416.224457 1919.0
416.409546 1912.0
416.594604 1966.0
416.779694 2017.0
416.964813 2077.0
417.149902 2142.0
417.335022 2304.0
417.520081 2438.0
417.7052 2593.0
417.89032 2707.0
418.075439 2815.0
418.260559 2937.0
418.445679 3074.0
418.630798 3276.0
418.815918 3513.0
419.001038 3637.0
419.186157 3673.0
419.371307 3671.0
419.556427 3556.0
419.741577 3228.0
419.926697 2768.0
420.111847 2283.0
420.296997 1777.0
420.482147 1383.0
420.667297 1220.0
420.852448 1195.0
421.037628 1198.0
421.222778 1187.0
421.407928 1132.0
421.593079 1094.0
421.778259 1026.0
421.96344 964.0
422.148621 972.0
422.333771 1002.0
422.518951 1067.0
422.704132 1116.0
422.889313 1175.0
423.074493 1183.0
423.259705 1236.0
423.444885 1260.0
423.630096 1295.0
423.815277 1318.0
424.000458 1354.0
424.185669 1414.0
424.37088 1511.0
424.556091 1620.0
424.741272 1719.0
424.926514 1855.0
425.111725 1983.0
425.296936 2142.0
425.482178 2329.0
425.667389 2543.0
425.852631 2649.0
426.037872 2713.0
426.223083 2676.0
426.408325 2533.0
426.593567 2249.0
426.778809 1925.0
426.96405 1558.0
427.149261 1177.0
427.334534 862.0
427.519775 704.0
427.705048 636.0
427.890289 589.0
428.075562 522.0
428.260834 461.0
428.446106 449.0
428.631348 446.0
428.81662 457.0
429.001892 452.0
429.187164 468.0
429.372467 484.0
429.557709 506.0
429.743011 527.0
429.928284 560.0
430.113586 596.0
430.298889 618.0
430.484161 658.0
430.669464 688.0
430.854767 717.0
431.04007 762.0
431.225372 798.0
431.410675 846.0
431.596008 901.0
431.781311 957.0
431.966614 1017.0
432.151917 1093.0
432.33725 1180.0
432.522583 1275.0
432.707916 1371.0
432.89325 1494.0
433.078583 1640.0
433.263916 1803.0
433.449219 1910.0
433.634583 1965.0
433.819916 2038.0
434.00528 1994.0
434.190613 1944.0
434.375946 1912.0
434.56131 1848.0
434.746674 1716.0
434.932037 1617.0
435.117401 1521.0
435.302765 1365.0
435.488129 1157.0
435.673492 958.0
435.858856 731.0
436.04422 591.0
436.229614 518.0
436.415009 505.0
436.600372 528.0
436.785736 531.0
436.97113 540.0
437.156525 542.0
437.341919 566.0
437.527313 565.0
437.712738 574.0
437.898132 586.0
438.083527 604.0
438.268921 636.0
438.454346 680.0
438.63974 734.0
438.825165 795.0
439.01059 872.0
439.195984 945.0
439.381409 1019.0
439.566833 1068.0
439.752258 1130.0
439.937683 1192.0
440.123138 1258.0
440.308563 1362.0
440.494019 1500.0
440.679413 1560.0
440.864868 1596.0
441.050323 1551.0
441.235779 1372.0
441.421234 1185.0
441.606659 959.0
441.792114 692.0
441.97757 513.0
442.163055 455.0
442.348511 443.0
442.533997 444.0
442.719452 464.0
442.904938 471.0
443.090393 483.0
443.275848 512.0
443.461334 531.0
443.64682 528.0
443.832306 555.0
444.017792 571.0
444.203278 590.0
444.388763 616.0
444.57428 627.0
444.759766 634.0
444.945282 664.0
445.130768 687.0
445.316284 700.0
445.50177 737.0
445.687286 778.0
445.872803 829.0
446.058319 895.0
446.243835 953.0
446.429321 992.0
446.614868 1050.0
446.800385 1091.0
446.985931 1129.0
447.171448 1182.0
447.356995 1239.0
447.542542 1300.0
447.728088 1440.0
447.913605 1547.0
448.099152 1625.0
448.284698 1653.0
448.470245 1609.0
448.655792 1480.0
448.841339 1296.0
449.026886 1080.0
449.212463 877.0
449.39801 730.0
449.583588 668.0
449.769165 638.0
449.954712 613.0
450.140289 597.0
450.325836 601.0
450.511444 598.0
450.697021 602.0
450.882599 598.0
451.068176 598.0
451.253754 590.0
451.439331 563.0
451.624939 550.0
451.810547 540.0
451.996124 524.0
452.181732 548.0
452.36734 556.0
452.552948 571.0
452.738525 600.0
452.924164 597.0
453.109772 582.0
453.29538 590.0
453.481018 600.0
453.666595 610.0
453.852234 631.0
454.037842 665.0
454.22348 707.0
454.409119 741.0
454.594757 787.0
454.780396 818.0
454.966034 841.0
455.151642 855.0
455.337311 863.0
455.522949 879.0
455.708588 891.0
455.894257 929.0
456.079865 976.0
456.265533 1040.0
456.451202 1086.0
456.636871 1096.0
456.82254 1051.0
457.008209 963.0
457.193878 862.0
457.379547 718.0
457.565186 584.0
457.750854 498.0
457.936554 448.0
458.122223 443.0
458.307922 440.0
458.493591 455.0
458.67926 466.0
458.86496 480.0
459.050659 497.0
459.236359 512.0
459.422058 526.0
459.607758 534.0
459.793457 516.0
459.979156 521.0
460.164856 504.0
460.350586 479.0
460.536285 479.0
460.722015 482.0
460.907715 482.0
461.093414 506.0
461.279144 522.0
461.464874 532.0
461.650604 566.0
461.836334 583.0
462.022064 612.0
462.207825 642.0
462.393555 663.0
462.579285 692.0
462.765015 721.0
462.950775 748.0
463.136475 787.0
463.322235 840.0
463.507996 883.0
463.693756 941.0
463.879517 1032.0
464.065277 1072.0
464.251038 1072.0
464.436798 1043.0
464.622589 943.0
464.80835 832.0
464.99411 736.0
465.179871 631.0
465.365662 589.0
465.551422 582.0
465.737183 603.0
465.922974 602.0
466.108765 598.0
466.294556 578.0
466.480347 531.0
466.666168 490.0
466.851959 458.0
467.03775 428.0
467.223572 428.0
467.409332 436.0
467.595154 437.0
467.780975 446.0
467.966736 446.0
468.152557 440.0
468.338379 443.0
468.5242 442.0
468.710022 455.0
468.895844 482.0
469.081696 506.0
469.267517 526.0
469.453339 566.0
469.639191 596.0
469.824982 611.0
470.010834 643.0
470.196686 664.0
470.382507 669.0
470.568329 684.0
470.754181 685.0
470.940033 699.0
471.125916 744.0
471.311768 783.0
471.49762 811.0
471.683472 819.0
471.869354 771.0
472.055206 681.0
472.241058 571.0
472.42691 459.0
472.612793 394.0
472.798645 378.0
472.984528 374.0
473.17041 368.0
473.356293 378.0
473.542175 387.0
473.728058 383.0
473.913971 394.0
474.099854 399.0
474.285736 403.0
474.471649 419.0
474.657532 416.0
474.843414 416.0
475.029327 431.0
475.21521 420.0
475.401123 419.0
475.587036 421.0
475.772949 430.0
475.958862 429.0
476.144775 435.0
476.330719 441.0
476.516632 422.0
476.702545 428.0
476.888489 418.0
477.074402 418.0
477.260315 432.0
477.446259 432.0
477.632172 443.0
477.818115 462.0
478.004059 473.0
478.190002 487.0
478.375946 496.0
478.56189 515.0
478.747864 528.0
478.933807 546.0
479.119751 554.0
479.305725 556.0
479.491669 572.0
479.677612 575.0
479.863586 597.0
480.04953 623.0
480.235504 668.0
480.421478 710.0
480.607452 751.0
480.793427 752.0
480.979401 711.0
481.165405 652.0
481.351379 568.0
481.537354 484.0
481.723358 438.0
481.909332 425.0
482.095306 420.0
482.281311 430.0
482.467285 418.0
482.65329 427.0
482.839294 446.0
483.025299 427.0
483.211304 418.0
483.397308 418.0
483.583344 404.0
483.769348 400.0
483.955353 399.0
484.141388 396.0
484.327393 398.0
484.513397 416.0
484.699432 425.0
484.885437 421.0
485.071472 434.0
485.257507 430.0
485.443542 431.0
485.629578 438.0
485.815613 455.0
486.001648 448.0
486.187714 460.0
486.373749 466.0
486.559814 470.0
486.745819 480.0
486.931885 472.0
487.11795 475.0
487.303986 487.0
487.490051 497.0
487.676117 492.0
487.862183 519.0
488.048248 541.0
488.234314 549.0
488.42038 556.0
488.606445 563.0
488.792542 571.0
488.978607 566.0
489.164673 570.0
489.350769 575.0
489.536835 573.0
489.7229 581.0
489.908997 603.0
490.095093 616.0
490.281189 633.0
490.467285 637.0
490.653381 654.0
490.839508 647.0
491.025604 664.0
491.2117 644.0
491.397827 601.0
491.583893 560.0
491.77002 521.0
491.956146 476.0
492.142212 457.0
492.328339 452.0
492.514465 443.0
492.700592 437.0
492.886719 440.0
493.072845 430.0
493.258972 422.0
493.445129 435.0
493.631256 436.0
493.817413 433.0
494.00351 446.0
494.189667 453.0
494.375793 444.0
494.56192 459.0
494.748077 474.0
494.934235 466.0
495.120392 486.0
495.306549 488.0
495.492706 490.0
495.678864 495.0
495.865021 504.0
496.051178 491.0
496.237366 511.0
496.423492 526.0
496.60968 546.0
496.795837 550.0
496.981995 545.0
497.168182 528.0
497.35437 478.0
497.540558 424.0
497.726746 386.0
497.912933 376.0
498.099121 366.0
498.285309 362.0
498.471497 376.0
498.657715 369.0
498.843872 380.0
499.03009 388.0
499.216278 394.0
499.402466 396.0
499.588654 410.0
499.774872 418.0
499.96109 421.0
500.147308 443.0
500.333527 436.0
500.519745 448.0
500.705963 472.0
500.892181 477.0
501.07843 481.0
501.264618 479.0
501.450836 478.0
501.637085 474.0
501.823303 485.0
502.009521 485.0
502.19577 492.0
502.382019 508.0
502.568268 516.0
502.754486 511.0
502.940735 520.0
503.127014 512.0
503.313263 503.0
503.499512 500.0
503.68573 508.0
503.872009 509.0
504.058258 537.0
504.244507 551.0
504.430756 551.0
504.617035 557.0
504.803314 564.0
504.989563 565.0
505.175842 583.0
505.362122 584.0
505.548401 604.0
505.73468 612.0
505.920959 639.0
506.107239 662.0
506.293518 650.0
506.479797 632.0
506.666077 594.0
506.852356 571.0
507.038666 556.0
507.224945 536.0
507.411255 529.0
507.597565 528.0
507.783875 512.0
507.970184 500.0
508.156494 495.0
508.342804 483.0
508.529083 478.0
508.715393 479.0
508.901703 478.0
509.088013 482.0
509.274323 480.0
509.460663 488.0
509.646973 498.0
509.833313 491.0
510.019653 484.0
510.205963 494.0
510.392303 493.0
510.578644 494.0
510.764984 498.0
510.951294 488.0
511.137634 498.0
511.324005 516.0
511.510315 523.0
511.696655 533.0
511.883026 559.0
512.069397 576.0
512.255737 579.0
512.442078 598.0
512.628479 616.0
512.814819 622.0
513.00116 640.0
513.187561 664.0
513.373901 658.0
513.560303 672.0
513.746643 676.0
513.932983 670.0
514.119385 697.0
514.305725 719.0
514.492126 738.0
514.678528 742.0
514.864868 742.0
515.05127 754.0
515.237671 766.0
515.424072 768.0
515.610474 791.0
515.796814 825.0
515.983215 856.0
516.169617 868.0
516.356018 874.0
516.542419 850.0
516.728821 831.0
516.915222 836.0
517.101624 858.0
517.288086 889.0
517.474487 919.0
517.660889 907.0
517.84729 872.0
518.033752 819.0
518.220154 761.0
518.406616 713.0
518.593018 687.0
518.779358 676.0
518.96582 698.0
519.152283 698.0
519.338684 678.0
519.525146 642.0
519.711548 620.0
519.89801 610.0
520.084473 603.0
520.270935 626.0
520.457336 629.0
520.643738 622.0
520.8302 635.0
521.016663 601.0
521.203125 563.0
521.389587 524.0
521.57605 492.0
521.762512 472.0
521.948975 471.0
522.135437 460.0
522.321899 439.0
522.508362 440.0
522.694885 428.0
522.881348 417.0
523.06781 422.0
523.254272 432.0
523.440796 444.0
523.627197 462.0
523.813721 468.0
524.000183 462.0
524.186646 460.0
524.373169 437.0
524.559692 416.0
524.746155 417.0
524.932678 420.0
525.119141 416.0
525.305664 427.0
525.492126 424.0
525.678589 426.0
525.865112 428.0
526.051636 427.0
526.238159 428.0
526.424683 441.0
526.611206 440.0
526.797729 444.0
526.984253 467.0
527.170776 462.0
527.3573 447.0
527.543823 442.0
527.730347 432.0
527.91687 420.0
528.103394 436.0
528.289917 450.0
528.47644 440.0
528.662964 450.0
528.849487 449.0
529.036072 448.0
529.222595 459.0
529.409119 451.0
529.595703 455.0
529.782227 471.0
529.968811 474.0
530.155334 484.0
530.341858 509.0
530.528381 505.0
530.714966 494.0
530.90155 480.0
531.088074 465.0
531.274658 460.0
531.461243 472.0
531.647827 477.0
531.834412 476.0
532.020996 501.0
532.20752 509.0
532.394104 510.0
532.580688 543.0
532.767273 553.0
532.953857 578.0
533.140442 609.0
533.327026 638.0
533.513611 671.0
533.700195 706.0
533.88678 730.0
534.073364 732.0
534.26001 771.0
534.446594 797.0
534.633179 835.0
534.819824 884.0
535.006409 884.0
535.192932 883.0
535.379578 864.0
535.566162 848.0
535.752808 857.0
535.939392 905.0
536.126038 946.0
536.312683 973.0
536.499268 1000.0
536.685913 999.0
536.872559 989.0
537.059143 947.0
537.245789 907.0
537.432434 860.0
537.61908 885.0
537.805725 929.0
537.992371 936.0
538.178955 964.0
538.365601 968.0
538.552246 933.0
538.738892 922.0
538.925537 885.0
539.112183 867.0
539.298828 904.0
539.485474 943.0
539.672119 955.0
539.858765 988.0
540.04541 964.0
540.232056 958.0
540.418701 939.0
540.605408 883.0
540.792053 829.0
540.97876 826.0
541.165405 845.0
541.352051 884.0
541.538757 908.0
541.725464 929.0
541.912109 916.0
542.098816 888.0
542.285461 852.0
542.472168 840.0
542.658875 843.0
542.845581 867.0
543.032166 898.0
543.218872 912.0
543.405579 901.0
543.592285 887.0
543.778992 882.0
543.965698 854.0
544.152405 796.0
544.339111 771.0
544.525818 771.0
544.712524 786.0
544.89917 829.0
545.085876 867.0
545.272583 882.0
545.45929 906.0
545.645996 881.0
545.832764 846.0
546.01947 820.0
546.206177 811.0
546.392944 820.0
546.579651 840.0
546.766357 855.0
546.953125 851.0
547.139832 852.0
547.326599 851.0
547.513306 814.0
547.700073 774.0
547.886719 721.0
548.073486 692.0
548.260254 701.0
548.44696 690.0
548.633728 685.0
548.820496 699.0
549.007263 714.0
549.19397 703.0
549.380737 685.0
549.567505 689.0
549.754211 688.0
549.940979 708.0
550.127747 730.0
550.314514 735.0
550.501282 747.0
550.688049 735.0
550.874817 726.0
551.061584 734.0
551.248352 726.0
551.435181 700.0
551.621948 674.0
551.808716 668.0
551.995483 656.0
552.182312 658.0
552.36908 648.0
552.555847 620.0
552.742615 582.0
552.929382 560.0
553.11615 558.0
553.302979 551.0
553.489746 543.0
553.676575 540.0
553.863403 543.0
554.050171 562.0
554.237 567.0
554.423767 590.0
554.610535 580.0
554.797363 556.0
554.984192 568.0
555.170959 554.0
555.357788 526.0
555.544617 527.0
555.731445 528.0
555.918274 537.0
556.105103 543.0
556.291931 540.0
556.47876 541.0
556.665588 540.0
556.852417 527.0
557.039246 476.0
557.226074 457.0
557.412903 446.0
557.59967 448.0
557.78656 457.0
557.973389 444.0
558.160217 453.0
558.347046 457.0
558.533936 457.0
558.720764 456.0
558.907654 469.0
559.094482 463.0
559.281311 460.0
559.46814 456.0
559.654968 449.0
559.841858 454.0
560.028687 454.0
560.215576 453.0
560.402466 454.0
560.589294 463.0
560.776184 471.0
560.963074 480.0
561.149963 487.0
561.336792 465.0
561.523682 454.0
561.710571 446.0
561.897461 442.0
562.084351 438.0
562.27124 450.0
562.458069 431.0
562.644958 422.0
562.831848 420.0
563.018738 432.0
563.205627 426.0
563.392517 437.0
563.579407 434.0
563.766296 418.0
563.953186 421.0
564.140076 423.0
564.326965 433.0
564.513855 445.0
564.700745 445.0
564.887695 453.0
565.074585 449.0
565.261475 448.0
565.448425 459.0
565.635315 478.0
565.822266 485.0
566.009155 467.0
566.196106 462.0
566.382996 466.0
566.569946 472.0
566.756897 492.0
566.943787 504.0
567.130737 507.0
567.317627 526.0
567.504517 534.0
567.691467 535.0
567.878418 560.0
568.065369 559.0
568.252319 569.0
568.43927 572.0
568.626221 576.0
568.81311 597.0
569.000061 626.0
569.186951 628.0
569.373901 648.0
569.560913 676.0
569.747864 707.0
569.934814 723.0
570.121765 785.0
570.308716 856.0
570.495667 882.0
570.682678 919.0
570.869629 941.0
571.05658 999.0
571.24353 1084.0
571.430542 1176.0
571.617493 1252.0
571.804504 1371.0
571.991455 1474.0
572.178345 1564.0
572.365356 1684.0
572.552307 1766.0
572.739319 1836.0
572.926331 1874.0
573.113281 1777.0
573.300293 1711.0
573.487244 1716.0
573.674255 1785.0
573.861267 1863.0
574.048218 1950.0
574.235168 1987.0
574.42218 1998.0
574.609192 1908.0
574.796204 1864.0
574.983215 1909.0
575.170227 1883.0
575.357239 1667.0
575.54425 1491.0
575.731262 1462.0
575.918274 1529.0
576.105286 1576.0
576.292297 1676.0
576.479309 1740.0
576.666321 1793.0
576.853333 1885.0
577.040283 1964.0
577.227356 2083.0
577.414368 2177.0
577.601379 2236.0
577.788391 2267.0
577.975464 2156.0
578.162476 2043.0
578.349548 2019.0
578.53656 2101.0
578.723572 2169.0
578.910583 2223.0
579.097595 2278.0
579.284668 2300.0
579.471741 2162.0
579.658752 2044.0
579.845825 2076.0
580.032837 2061.0
580.21991 1811.0
580.406982 1565.0
580.593994 1459.0
580.781067 1542.0
580.96814 1612.0
581.155212 1653.0
581.342285 1731.0
581.529297 1778.0
581.71637 1807.0
581.903381 1856.0
582.090454 1991.0
582.277527 2065.0
582.4646 2134.0
582.651672 2195.0
582.838745 2173.0
583.025818 2060.0
583.212891 1951.0
583.400024 1951.0
583.587097 2042.0
583.774109 2141.0
583.961182 2146.0
584.148254 2235.0
584.335388 2206.0
584.522461 2045.0
584.709534 1965.0
584.896667 2020.0
585.08374 1989.0
585.270813 1703.0
585.457947 1471.0
585.64502 1378.0
585.832153 1462.0
586.019226 1553.0
586.20636 1605.0
586.393433 1702.0
586.580566 1690.0
586.767639 1729.0
586.954712 1839.0
587.141846 1909.0
587.328979 2028.0
587.516052 2090.0
587.703186 2174.0
587.89032 2180.0
588.077454 2074.0
588.264587 1958.0
588.451721 1921.0
588.638733 1997.0
588.825867 2069.0
589.013 2095.0
589.200134 2124.0
589.387268 2209.0
589.574402 2078.0
589.761536 1885.0
589.948669 1854.0
590.135864 1940.0
590.322998 1780.0
590.510132 1458.0
590.697266 1268.0
590.884399 1269.0
591.071533 1303.0
591.258728 1336.0
591.445862 1371.0
591.632935 1432.0
591.82019 1433.0
592.007263 1457.0
592.194397 1510.0
592.381592 1546.0
592.568726 1633.0
592.75592 1702.0
592.943054 1727.0
593.130249 1742.0
593.317322 1721.0
593.504517 1586.0
593.691711 1541.0
593.878845 1529.0
594.06604 1568.0
594.253235 1641.0
594.440369 1704.0
594.627563 1726.0
594.814758 1729.0
595.001953 1646.0
595.189087 1500.0
595.376282 1541.0
595.563477 1511.0
595.750671 1320.0
595.937866 1090.0
596.125061 978.0
596.312256 1001.0
596.499451 1059.0
596.686646 1093.0
596.873779 1134.0
597.060974 1165.0
597.248169 1161.0
597.435364 1170.0
597.622559 1216.0
597.809753 1291.0
597.997009 1324.0
598.184143 1389.0
598.371338 1434.0
598.558533 1451.0
598.745789 1399.0
598.932983 1343.0
599.120178 1280.0
599.307434 1317.0
599.494629 1356.0
599.681885 1417.0
599.86908 1450.0
600.056335 1507.0
600.24353 1527.0
600.430786 1462.0
600.617981 1369.0
600.805237 1399.0
600.992432 1447.0
601.179687 1278.0
601.366943 1058.0
601.554138 971.0
601.741333 971.0
601.928589 987.0
602.115845 1007.0
602.30304 1038.0
602.490295 1036.0
602.677551 1069.0
602.864807 1012.0
603.052002 1025.0
603.239258 1050.0
603.426514 1108.0
603.61377 1131.0
603.801025 1159.0
603.988281 1188.0
604.175537 1179.0
604.362793 1126.0
604.550049 1039.0
604.737305 1014.0
604.924561 1014.0
605.111816 1041.0
605.299072 1081.0
605.486389 1111.0
605.673645 1150.0
605.860901 1109.0
606.048157 1050.0
606.235474 966.0
606.422729 992.0
606.609924 1029.0
606.797241 864.0
606.984497 688.0
607.171814 639.0
607.35907 632.0
607.546387 641.0
607.733643 647.0
607.920898 658.0
608.108154 651.0
608.295471 660.0
608.482727 645.0
608.670044 648.0
608.857361 650.0
609.044617 673.0
609.231934 678.0
609.41925 699.0
609.606567 714.0
609.793823 724.0
609.98114 722.0
610.168457 682.0
610.355774 643.0
610.543091 659.0
610.730408 663.0
610.917725 679.0
611.105042 706.0
611.292358 724.0
611.479614 753.0
611.666931 759.0
611.854248 705.0
612.041565 679.0
612.228882 759.0
612.416199 739.0
612.603516 664.0
612.790771 590.0
612.978088 610.0
613.165466 627.0
613.352783 654.0
613.5401 653.0
613.727417 655.0
613.914795 692.0
614.102112 692.0
614.28949 729.0
614.476807 765.0
614.664124 772.0
614.851501 780.0
615.038818 828.0
615.226196 843.0
615.413513 845.0
615.600891 866.0
615.788208 824.0
615.975586 800.0
616.162903 788.0
616.35022 788.0
616.537598 789.0
616.724915 789.0
616.912292 789.0
617.09967 821.0
617.287048 833.0
617.474365 774.0
617.661682 764.0
617.84906 757.0
618.036438 788.0
618.223816 769.0
618.411194 712.0
618.598511 658.0
618.785889 664.0
618.973267 673.0
619.160645 689.0
619.348022 692.0
619.5354 705.0
619.722778 687.0
619.910156 715.0
620.097595 758.0
620.284973 782.0
620.472351 810.0
620.659729 848.0
620.847107 875.0
621.034485 927.0
621.221863 966.0
621.409241 1003.0
621.596619 1043.0
621.783997 1093.0
621.971436 1088.0
622.158813 1102.0
622.346252 1099.0
622.533569 1029.0
622.720947 984.0
622.908386 1022.0
623.095764 1049.0
623.283203 1086.0
623.470581 1077.0
623.65802 1045.0
623.845398 1095.0
624.032837 1131.0
624.220276 990.0
624.407654 910.0
624.595093 955.0
624.782471 1020.0
624.96991 953.0
625.157349 847.0
625.344788 780.0
625.532166 765.0
625.719604 809.0
625.907043 843.0
626.094421 842.0
626.28186 867.0
626.469299 834.0
626.656677 839.0
626.844116 892.0
627.031555 925.0
627.218994 971.0
627.406372 1021.0
627.593811 1098.0
627.78125 1132.0
627.968689 1223.0
628.156128 1264.0
628.343628 1346.0
628.531067 1412.0
628.718506 1460.0
628.905945 1482.0
629.093384 1542.0
629.280823 1502.0
629.468323 1429.0
629.655762 1370.0
629.843201 1379.0
630.030701 1425.0
630.21814 1537.0
630.405579 1503.0
630.593079 1420.0
630.780518 1544.0
630.967896 1571.0
631.155396 1396.0
631.342834 1263.0
631.530334 1326.0
631.717773 1432.0
631.905273 1413.0
632.092712 1187.0
632.280151 1051.0
632.46759 1026.0
632.65509 1063.0
632.84259 1111.0
633.030029 1165.0
633.217529 1193.0
633.405029 1145.0
633.592529 1118.0
633.779968 1150.0
633.967468 1202.0
634.154968 1239.0
634.342468 1327.0
634.529907 1392.0
634.717407 1486.0
634.904907 1549.0
635.092407 1638.0
635.279907 1737.0
635.467407 1842.0
635.654907 1913.0
635.842346 1938.0
636.029846 1963.0
636.217346 2035.0
636.404846 2011.0
636.592346 1844.0
636.779846 1746.0
636.967346 1759.0
637.154785 1842.0
637.342346 1914.0
637.529846 1925.0
637.717346 1816.0
637.904846 1940.0
638.092346 2013.0
638.279907 1811.0
638.467407 1607.0
638.654907 1625.0
638.842468 1751.0
639.029968 1828.0
639.217468 1516.0
639.405029 1287.0
639.592529 1180.0
639.78009 1207.0
639.96759 1270.0
640.15509 1280.0
640.342651 1337.0
640.530151 1351.0
640.717651 1262.0
640.905212 1239.0
641.092712 1313.0
641.280273 1322.0
641.467773 1418.0
641.655334 1490.0
641.842896 1542.0
642.030334 1667.0
642.217896 1750.0
642.405457 1855.0
642.593018 1950.0
642.780518 2096.0
642.968079 2196.0
643.15564 2206.0
643.343201 2231.0
643.530762 2332.0
643.718323 2304.0
643.905823 2127.0
644.093384 1985.0
644.280945 1988.0
644.468506 2083.0
644.656067 2212.0
644.843628 2267.0
645.031189 2138.0
645.21875 2194.0
645.406311 2417.0
645.593811 2262.0
645.781433 1911.0
645.968994 1800.0
646.156555 1972.0
646.344116 2163.0
646.531677 1919.0
646.719238 1518.0
646.906799 1311.0
647.09436 1309.0
647.281921 1321.0
647.469482 1441.0
647.657104 1499.0
647.844666 1535.0
648.032227 1516.0
648.219849 1427.0
648.40741 1411.0
648.594971 1465.0
648.782593 1477.0
648.970154 1608.0
649.157776 1718.0
649.345337 1771.0
649.532959 1871.0
649.72052 1957.0
649.908142 2119.0
650.095703 2197.0
650.283325 2331.0
650.470886 2460.0
650.658447 2498.0
650.846069 2486.0
651.033691 2609.0
651.221252 2613.0
651.408875 2424.0
651.596497 2232.0
651.784058 2197.0
651.971619 2227.0
652.159241 2347.0
652.346863 2483.0
652.534485 2428.0
652.722107 2308.0
652.909668 2550.0
653.09729 2621.0
653.284912 2268.0
653.472534 1952.0
653.660156 1965.0
653.847778 2200.0
654.0354 2331.0
654.223022 1853.0
654.410645 1507.0
654.598267 1343.0
654.785889 1321.0
654.973511 1372.0
655.161133 1462.0
655.348755 1448.0
655.536377 1511.0
655.723999 1546.0
655.911621 1496.0
656.099243 1456.0
656.286865 1459.0
656.474548 1457.0
656.662109 1560.0
656.849731 1637.0
657.037415 1663.0
657.225037 1799.0
657.412659 1884.0
657.600342 2012.0
657.787964 2145.0
657.975586 2250.0
658.163269 2379.0
658.350891 2479.0
658.538574 2460.0
658.726196 2516.0
658.913879 2667.0
659.101501 2584.0
659.289185 2346.0
659.476807 2197.0
659.66449 2242.0
659.852112 2288.0
660.039795 2393.0
660.227417 2527.0
660.415039 2450.0
660.602722 2399.0
660.790405 2664.0
660.978027 2691.0
661.16571 2280.0
661.353394 2002.0
661.541016 2069.0
661.728638 2352.0
661.916321 2464.0
662.104004 1879.0
662.291687 1495.0
662.47937 1370.0
662.666992 1384.0
662.854675 1424.0
663.042358 1524.0
663.230042 1539.0
663.417725 1565.0
663.605408 1565.0
663.793091 1472.0
663.980774 1418.0
664.168457 1429.0
664.35614 1454.0
664.543823 1514.0
664.731506 1638.0
664.919189 1664.0
665.106812 1708.0
665.294556 1836.0
665.482239 1880.0
665.669922 2032.0
665.857605 2060.0
666.045288 2138.0
666.233032 2271.0
666.420654 2302.0
666.608337 2282.0
666.796021 2346.0
666.983765 2418.0
667.171448 2301.0
667.359131 2068.0
667.546875 1960.0
667.734558 1979.0
667.922241 2016.0
668.109985 2066.0
668.297668 2171.0
668.485413 2148.0
668.673096 2024.0
668.86084 2229.0
669.048523 2331.0
669.236267 1952.0
669.42395 1700.0
669.611694 1643.0
669.799377 1847.0
669.987061 2054.0
670.174744 1624.0
670.362488 1188.0
670.550232 1040.0
670.737915 966.0
670.925659 974.0
671.113403 998.0
671.301025 1085.0
671.48877 1052.0
671.676514 1087.0
671.864258 1071.0
672.052002 970.0
672.239685 932.0
672.427429 947.0
672.615173 914.0
672.802917 948.0
672.990662 1030.0
673.178406 1007.0
673.366089 1032.0
673.553833 1134.0
673.741577 1146.0
673.929321 1232.0
674.117065 1270.0
674.30481 1310.0
674.492554 1356.0
674.680298 1407.0
674.867981 1405.0
675.055725 1392.0
675.24353 1494.0
675.431274 1451.0
675.619019 1327.0
675.806763 1231.0
675.994507 1229.0
676.18219 1210.0
676.369934 1255.0
676.557739 1272.0
676.745483 1342.0
676.933228 1273.0
677.120972 1286.0
677.308777 1436.0
677.496521 1351.0
677.684265 1119.0
677.87207 992.0
678.059814 1042.0
678.247559 1196.0
678.435364 1198.0
678.623108 894.0
678.810852 704.0
678.998657 631.0
679.186401 608.0
679.374207 612.0
679.561951 624.0
679.749695 651.0
679.937439 644.0
680.125244 626.0
680.312988 613.0
680.500793 593.0
680.688538 568.0
680.876343 551.0
681.064087 537.0
681.251831 548.0
681.439636 584.0
681.627441 577.0
681.815186 580.0
682.002991 607.0
682.190796 612.0
682.37854 626.0
682.566345 648.0
682.75415 659.0
682.941956 663.0
683.1297 686.0
683.317505 692.0
683.50531 678.0
683.693115 687.0
683.88092 710.0
684.068726 685.0
684.256531 640.0
684.444275 599.0
684.632019 595.0
684.819824 596.0
685.007629 604.0
685.195435 624.0
685.38324 646.0
685.571045 609.0
685.75885 609.0
685.946594 651.0
686.134399 620.0
686.322205 536.0
686.510071 497.0
686.697876 506.0
686.885681 558.0
687.073486 573.0
687.261292 460.0
687.449097 384.0
687.636902 346.0
687.824768 325.0
688.012573 326.0
688.200378 341.0
688.388184 334.0
688.57605 328.0
688.763855 317.0
688.95166 317.0
689.139526 306.0
689.327332 296.0
689.515076 279.0
689.702942 263.0
689.890747 268.0
690.078552 265.0
690.266418 264.0
690.454224 276.0
690.64209 270.0
690.829834 273.0
691.0177 275.0
691.205505 264.0
691.393372 265.0
691.581177 271.0
691.769043 266.0
691.956848 278.0
692.144714 299.0
692.33252 299.0
692.520386 299.0
692.708191 302.0
692.896057 303.0
693.083923 297.0
693.271729 308.0
693.459595 303.0
693.647461 309.0
693.835266 323.0
694.023132 333.0
694.210999 334.0
694.398804 339.0
694.586609 332.0
694.774475 330.0
694.962341 344.0
695.150208 334.0
695.338074 342.0
695.52594 360.0
695.713684 363.0
695.90155 365.0
696.089417 386.0
696.277283 375.0
696.465149 365.0
696.653015 355.0
696.840881 343.0
697.028748 347.0
697.216614 365.0
697.40448 367.0
697.592346 366.0
697.780212 372.0
697.968079 368.0
698.155945 375.0
698.343811 378.0
698.531677 381.0
698.719543 381.0
698.90741 384.0
699.095276 380.0
699.283142 380.0
699.471008 397.0
699.658875 388.0
699.846741 382.0
700.034607 388.0
700.222534 382.0
700.4104 378.0
700.598206 386.0
700.786072 386.0
700.973999 379.0
701.161865 382.0
701.349731 374.0
701.537598 369.0
701.725525 374.0
701.913391 365.0
702.101257 373.0
702.289185 373.0
702.477051 352.0
702.664978 355.0
702.852844 354.0
703.040771 348.0
703.228638 358.0
703.416504 357.0
703.604431 354.0
703.792297 342.0
703.980225 358.0
704.16803 370.0
704.355957 352.0
704.543884 355.0
704.73175 351.0
704.919678 353.0
705.107544 350.0
705.295471 355.0
705.483276 361.0
705.671204 354.0
705.859131 354.0
706.046997 342.0
706.234924 365.0
706.422852 364.0
706.610779 356.0
706.798645 379.0
706.986572 358.0
707.1745 354.0
707.362366 357.0
707.550293 346.0
707.73822 352.0
707.926147 349.0
708.114075 357.0
708.301941 381.0
708.489868 409.0
708.677795 408.0
708.865723 410.0
709.053589 432.0
709.241516 417.0
709.429443 416.0
709.617371 434.0
709.805298 443.0
709.993225 446.0
710.181152 475.0
710.369019 494.0
710.556946 532.0
710.744873 521.0
710.9328 514.0
711.120728 520.0
711.308655 563.0
711.496582 582.0
711.684509 586.0
711.872437 586.0
712.060364 589.0
712.248291 584.0
712.436218 615.0
712.624146 602.0
712.812134 572.0
713.000061 563.0
713.187988 553.0
713.375916 557.0
713.563843 575.0
713.751831 584.0
713.939697 574.0
714.127625 558.0
714.315552 554.0
714.50354 579.0
714.691467 600.0
714.879395 568.0
715.067322 538.0
715.255249 523.0
715.443176 518.0
715.631165 524.0
715.819092 556.0
716.007019 548.0
716.195007 506.0
716.382935 493.0
716.570862 460.0
716.75885 453.0
716.946777 480.0
717.134766 466.0
717.322693 484.0
717.510681 495.0
717.698608 476.0
717.886597 478.0
718.074524 473.0
718.262512 482.0
718.450439 476.0
718.638428 485.0
718.826355 500.0
719.014282 500.0
719.202271 513.0
719.390198 518.0
719.578186 539.0
719.766174 555.0
719.954102 562.0
720.142029 568.0
720.330017 607.0
720.517944 630.0
720.705933 623.0
720.893921 642.0
721.081848 662.0
721.269836 705.0
721.457825 723.0
721.645813 737.0
721.83374 771.0
722.021729 815.0
722.209717 803.0
722.397705 844.0
722.585693 884.0
722.773682 883.0
722.961609 862.0
723.149597 909.0
723.337585 919.0
723.525574 877.0
723.713501 839.0
723.901489 824.0
724.089478 806.0
724.277466 854.0
724.465454 869.0
724.653442 895.0
724.841431 883.0
725.029358 852.0
725.217346 853.0
725.405334 957.0
725.593323 985.0
725.781311 910.0
725.969299 838.0
726.157288 792.0
726.345276 796.0
726.533264 847.0
726.721252 901.0
726.909241 861.0
727.097229 763.0
727.285217 738.0
727.473206 701.0
727.661255 694.0
727.849243 715.0
728.037231 692.0
728.22522 712.0
728.413208 766.0
728.601135 735.0
728.789185 748.0
728.977173 718.0
729.165161 690.0
729.353149 734.0
729.541199 697.0
729.729187 734.0
729.917114 754.0
730.105164 770.0
730.293152 783.0
730.48114 806.0
730.669189 832.0
730.857178 855.0
731.045166 865.0
731.233215 858.0
731.421204 912.0
731.609192 972.0
731.797241 985.0
731.985229 1003.0
732.173279 1012.0
732.361267 1106.0
732.549316 1098.0
732.737305 1134.0
732.925293 1170.0
733.113342 1279.0
733.301331 1259.0
733.489319 1336.0
733.677307 1378.0
733.865356 1407.0
734.053406 1373.0
734.241394 1379.0
734.429443 1457.0
734.617432 1414.0
734.80542 1319.0
734.993408 1260.0
735.181458 1233.0
735.369507 1202.0
735.557495 1261.0
735.745544 1316.0
735.933594 1337.0
736.121582 1312.0
736.309631 1249.0
736.497681 1258.0
736.685669 1344.0
736.873718 1381.0
737.061768 1250.0
737.249756 1132.0
737.437805 1056.0
737.625854 1037.0
737.813904 1110.0
738.001892 1202.0
738.189941 1153.0
738.37793 983.0
738.565979 866.0
738.754028 767.0
738.942017 740.0
739.130066 764.0
739.318115 769.0
739.506165 757.0
739.694153 817.0
739.882202 806.0
740.070251 781.0
740.25824 757.0
740.446289 703.0
740.634338 729.0
740.822388 724.0
741.010437 703.0
741.198486 766.0
741.386536 783.0
741.574585 860.0
741.762634 1030.0
741.950684 1099.0
742.138733 1069.0
742.326782 1076.0
742.514832 998.0
742.702881 997.0
742.89093 1041.0
743.078979 1101.0
743.266968 1138.0
743.455017 1261.0
743.643066 1589.0
743.831116 1742.0
744.019165 1650.0
744.207275 1553.0
744.395325 1446.0
744.583313 1524.0
744.771362 1516.0
744.959412 1526.0
745.147461 1601.0
745.33551 1640.0
745.523621 1648.0
745.71167 1665.0
745.899719 1698.0
746.087769 1946.0
746.275818 2376.0
746.463928 2257.0
746.651978 2064.0
746.840027 1822.0
747.028076 1626.0
747.216187 1588.0
747.404236 1582.0
747.592285 1642.0
747.780334 1575.0
747.968445 1478.0
748.156433 1496.0
748.344482 1535.0
748.532593 1599.0
748.720642 1484.0
748.908691 1345.0
749.096802 1227.0
749.284851 1192.0
749.4729 1204.0
749.66095 1382.0
749.848999 1486.0
750.037109 1329.0
750.225159 1132.0
750.413269 969.0
750.601318 841.0
750.789368 836.0
750.977478 875.0
751.165527 845.0
751.353638 846.0
751.541687 854.0
751.729797 824.0
751.917847 803.0
752.105957 765.0
752.294006 703.0
752.482117 702.0
752.670166 682.0
752.858276 664.0
753.046265 714.0
753.234375 703.0
753.422485 738.0
753.610535 758.0
753.798645 755.0
753.986694 781.0
754.174805 822.0
754.362854 850.0
754.550903 831.0
754.739014 885.0
754.927124 913.0
755.115173 953.0
755.303284 963.0
755.491394 985.0
755.679443 1042.0
755.867554 1083.0
756.055664 1113.0
756.243713 1158.0
756.431824 1164.0
756.619934 1266.0
756.807983 1248.0
756.996094 1304.0
757.184204 1343.0
757.372314 1342.0
757.560364 1381.0
757.748474 1385.0
757.936523 1424.0
758.124634 1458.0
758.312744 1415.0
758.500793 1323.0
758.688904 1274.0
758.877014 1245.0
759.065125 1224.0
759.253174 1260.0
759.441284 1264.0
759.629333 1306.0
759.817444 1343.0
760.005554 1273.0
760.193665 1247.0
760.381775 1299.0
760.569885 1356.0
760.757996 1344.0
760.946106 1226.0
761.134216 1119.0
761.322327 1019.0
761.510437 992.0
761.698486 1013.0
761.886597 1123.0
762.074707 1110.0
762.262817 983.0
762.450928 836.0
762.639038 747.0
762.827087 699.0
763.015198 688.0
763.203308 707.0
763.391418 705.0
763.579529 670.0
763.767639 695.0
763.95575 688.0
764.14386 672.0
764.33197 656.0
764.520081 617.0
764.708191 591.0
764.896301 583.0
765.084412 552.0
765.272522 561.0
765.460632 584.0
765.648743 596.0
765.836853 619.0
766.024963 628.0
766.213135 628.0
766.401245 656.0
766.589355 676.0
766.777466 689.0
766.965576 684.0
767.153687 725.0
767.341858 741.0
767.529968 776.0
767.718018 792.0
767.906128 800.0
768.094238 842.0
768.28241 878.0
768.47052 914.0
768.65863 926.0
768.846741 955.0
769.034851 1016.0
769.222961 1042.0
769.411072 1074.0
769.599182 1126.0
769.787354 1143.0
769.975464 1159.0
770.163574 1161.0
770.351746 1144.0
770.539856 1180.0
770.727966 1187.0
770.916138 1143.0
771.104248 1091.0
771.292358 1051.0
771.48053 1000.0
771.66864 1025.0
771.85675 1060.0
772.044922 1063.0
772.233032 1096.0
772.421143 1116.0
772.609253 1058.0
772.797363 1041.0
772.985535 1043.0
773.173645 1080.0
773.361755 1085.0
773.549927 975.0
773.738037 922.0
773.926147 847.0
774.114258 805.0
774.302429 814.0
774.49054 872.0
774.67865 897.0
774.866821 801.0
775.054932 696.0
775.243103 575.0
775.431213 492.0
775.619385 438.0
775.807495 447.0
775.995667 447.0
776.183777 458.0
776.371948 467.0
776.560059 508.0
776.74823 569.0
776.93634 564.0
777.124512 506.0
777.312683 451.0
777.500732 380.0
777.688904 329.0
777.877014 310.0
778.065186 295.0
778.253296 282.0
778.441467 296.0
778.629639 289.0
778.817688 281.0
779.005859 289.0
779.19397 288.0
779.382141 282.0
779.570312 299.0
779.758423 295.0
779.946594 296.0
780.134766 303.0
780.322876 308.0
780.511047 310.0
780.699219 315.0
780.887329 319.0
781.0755 315.0
781.263672 331.0
781.451782 328.0
781.639954 322.0
781.828125 341.0
782.016235 344.0
782.204407 354.0
782.392517 355.0
782.580688 356.0
782.768799 361.0
782.95697 363.0
783.145142 364.0
783.333313 371.0
783.521423 388.0
783.709534 390.0
783.897705 384.0
784.085876 392.0
784.273987 382.0
784.462158 391.0
784.65033 390.0
784.838501 389.0
785.026672 377.0
785.214783 394.0
785.402954 374.0
785.591125 369.0
785.779297 375.0
785.967468 369.0
786.155579 363.0
786.34375 377.0
786.531921 372.0
786.720093 367.0
786.908264 376.0
787.096436 375.0
787.284546 385.0
787.472656 383.0
787.660828 361.0
787.848999 346.0
788.03717 344.0
788.225342 338.0
788.413513 335.0
788.601624 347.0
788.789795 363.0
788.977966 361.0
789.166138 365.0
789.354248 353.0
789.542419 333.0
789.730591 319.0
789.918762 309.0
790.106934 299.0
790.295105 314.0
790.483276 323.0
790.671448 317.0
790.859619 315.0
791.047791 310.0
791.235962 302.0
791.424133 302.0
791.612305 294.0
791.800476 287.0
791.988647 287.0
792.176758 286.0
792.364929 278.0
792.553101 288.0
792.741272 277.0
792.929443 271.0
793.117615 286.0
793.305786 283.0
793.493896 276.0
793.682068 282.0
793.870239 277.0
794.058411 294.0
794.246582 304.0
794.434753 297.0
794.622925 296.0
794.811096 303.0
794.999329 294.0
795.1875 283.0
795.375671 296.0
795.563843 286.0
795.752014 285.0
795.940186 293.0
796.128357 288.0
796.316528 287.0
796.5047 301.0
796.692871 305.0
796.881042 302.0
797.069214 310.0
797.257385 311.0
797.445557 306.0
797.633728 315.0
797.821899 318.0
798.010071 317.0
798.198242 323.0
798.386414 318.0
798.574585 319.0
798.762756 335.0
798.950928 328.0
799.139099 318.0
799.327271 332.0
799.515442 328.0
799.703674 319.0
799.891846 328.0
800.080017 325.0
800.268188 314.0
800.45636 311.0
800.644592 319.0
800.832764 321.0
801.020935 327.0
801.209106 323.0
801.397278 317.0
801.58551 313.0
801.773682 308.0
801.961792 305.0
802.149963 314.0
802.338196 308.0
802.526367 297.0
802.714539 295.0
802.90271 280.0
803.090942 276.0
803.279053 280.0
803.467224 280.0
803.655396 274.0
803.843628 289.0
804.031799 284.0
804.219971 278.0
804.408142 278.0
804.596375 264.0
804.784546 260.0
804.972717 260.0
805.160889 260.0
805.349121 252.0
805.537292 261.0
805.725464 262.0
805.913696 258.0
806.101868 262.0
806.290039 264.0
806.478271 260.0
806.666443 270.0
806.854553 265.0
807.042725 252.0
807.230957 264.0
807.419128 255.0
807.6073 255.0
807.795532 259.0
807.983704 256.0
808.171814 254.0
808.360046 275.0
808.548218 275.0
808.73645 270.0
808.924622 278.0
809.112793 276.0
809.301025 264.0
809.489197 274.0
809.677368 292.0
809.865601 290.0
810.053772 299.0
810.241943 297.0
810.430176 289.0
810.618347 311.0
810.80658 330.0
810.994751 337.0
811.182922 337.0
811.371155 323.0
811.559326 308.0
811.747437 299.0
811.935669 276.0
812.12384 271.0
812.312073 273.0
812.500244 266.0
812.688416 266.0
812.876648 276.0
813.064758 267.0
813.252991 260.0
813.441162 266.0
813.629395 261.0
813.817566 262.0
814.005737 265.0
814.19397 260.0
814.382141 260.0
814.570374 268.0
814.758545 268.0
814.946777 260.0
815.134949 261.0
815.32312 259.0
815.511353 255.0
815.699524 256.0
815.887756 255.0
816.075928 253.0
816.26416 257.0
816.452332 254.0
816.640503 251.0
816.828674 248.0
817.016907 252.0
817.205078 246.0
817.39325 260.0
817.581482 286.0
817.769653 341.0
817.957825 392.0
818.145996 416.0
818.334229 406.0
818.5224 382.0
818.710632 343.0
818.898804 306.0
819.087036 273.0
819.275208 271.0
819.46344 259.0
819.651611 257.0
819.839844 254.0
820.028015 244.0
820.216248 262.0
820.404419 264.0
820.592651 277.0
820.780823 399.0
820.969055 502.0
821.157227 469.0
821.345459 484.0
821.533569 499.0
821.721802 443.0
821.909973 383.0
822.098206 338.0
822.286377 294.0
822.474609 269.0
822.662781 244.0
822.850952 222.0
823.039124 224.0
823.227356 231.0
823.415527 269.0
823.60376 304.0
823.791931 291.0
823.980164 292.0
824.168396 292.0
824.356567 263.0
824.5448 241.0
824.732971 238.0
824.921204 226.0
825.109375 218.0
825.297607 215.0
825.485779 222.0
825.674011 221.0
825.862183 228.0
826.050415 229.0
826.238586 234.0
826.426758 235.0
826.61499 231.0
826.803162 233.0
826.991394 233.0
827.179565 235.0
827.367798 233.0
827.555969 239.0
827.744141 230.0
827.932312 222.0
828.120544 240.0
828.308777 239.0
828.496948 236.0
828.685181 243.0
828.873352 247.0
829.061584 249.0
829.249756 255.0
829.437988 257.0
829.62616 250.0
829.814392 250.0
830.002625 246.0
830.190796 250.0
830.379028 261.0
830.5672 257.0
830.755432 252.0
830.943604 259.0
831.131836 259.0
831.320007 258.0
831.508179 261.0
831.696411 255.0
831.884583 254.0
832.072815 261.0
832.260986 255.0
832.449219 257.0
832.63739 260.0
832.825562 250.0
833.013794 248.0
833.201965 252.0
833.390198 247.0
833.578369 240.0
833.766602 248.0
833.954834 245.0
834.143005 242.0
834.331238 244.0
834.519409 245.0
834.707642 242.0
834.895874 236.0
835.084045 243.0
835.272278 231.0
835.460449 235.0
835.648682 240.0
835.836853 232.0
836.025085 233.0
836.213257 236.0
836.401428 231.0
836.589661 227.0
836.777832 230.0
836.966064 229.0
837.154236 235.0
837.342468 232.0
837.53064 227.0
837.718811 232.0
837.907043 232.0
838.095215 226.0
838.283447 229.0
838.47168 232.0
838.659851 224.0
838.848083 230.0
839.036255 226.0
839.224487 224.0
839.412659 229.0
839.600891 231.0
839.789124 222.0
839.977295 243.0
840.165527 251.0
840.353699 237.0
840.541931 244.0
840.730103 235.0
840.918335 233.0
841.106506 235.0
841.294678 236.0
841.48291 235.0
841.671082 259.0
841.859314 255.0
842.047546 247.0
842.235718 250.0
842.423889 253.0
842.612061 244.0
842.800293 243.0
842.988464 240.0
843.176697 239.0
843.364929 243.0
843.553101 250.0
843.741333 267.0
843.929504 298.0
844.117737 298.0
844.305908 294.0
844.494141 293.0
844.682312 291.0
844.870544 277.0
845.058777 275.0
845.246948 271.0
845.435181 266.0
845.623352 274.0
845.811584 272.0
845.999695 272.0
846.187927 287.0
846.37616 281.0
846.564331 278.0
846.752563 284.0
846.940735 290.0
847.128967 294.0
847.317078 301.0
847.50531 295.0
847.693481 304.0
847.881714 307.0
848.069946 307.0
848.258118 299.0
848.44635 315.0
848.634521 310.0
848.822754 305.0
849.010925 309.0
849.199158 306.0
849.387329 293.0
849.575562 306.0
849.763733 301.0
849.951965 302.0
850.140137 311.0
850.328369 317.0
850.516602 316.0
850.704773 319.0
850.892944 315.0
851.081116 312.0
851.269348 322.0
851.45752 335.0
851.645752 322.0
851.833923 322.0
852.022156 322.0
852.210266 319.0
852.398499 313.0
852.58667 311.0
852.774902 305.0
852.963074 310.0
853.151306 310.0
853.339478 312.0
853.52771 319.0
853.715881 299.0
853.904114 293.0
854.092285 294.0
854.280518 289.0
854.468689 287.0
854.656921 281.0
854.845093 282.0
855.033325 270.0
855.221497 287.0
855.409729 285.0
855.5979 276.0
855.786133 282.0
855.974304 292.0
856.162537 290.0
856.350708 290.0
856.538818 282.0
856.72699 286.0
856.915222 294.0
857.103394 278.0
857.291626 266.0
857.479797 278.0
857.667969 284.0
857.856201 277.0
858.044373 279.0
858.232605 280.0
858.420776 296.0
858.609009 333.0
858.79718 328.0
858.985413 322.0
859.173584 339.0
859.361816 332.0
859.549988 315.0
859.738159 322.0
859.926392 319.0
860.114563 314.0
860.302795 317.0
860.490967 323.0
860.679199 326.0
860.867371 335.0
861.055542 348.0
861.243774 353.0
861.431824 344.0
861.620056 352.0
861.808228 371.0
861.996399 420.0
862.184631 455.0
862.372803 451.0
862.561035 459.0
862.749207 454.0
862.937378 468.0
863.12561 459.0
863.313782 434.0
863.502014 429.0
863.690186 440.0
863.878357 444.0
864.066589 446.0
864.254761 454.0
864.442993 456.0
864.631165 485.0
864.819336 510.0
865.007568 505.0
865.19574 508.0
865.383911 528.0
865.572144 526.0
865.760315 529.0
865.948486 528.0
866.136719 528.0
866.324768 528.0
866.512939 523.0
866.701172 528.0
866.889343 513.0
867.077515 588.0
867.265747 693.0
867.453918 717.0
867.64209 758.0
867.830322 733.0
868.018494 729.0
868.206665 720.0
868.394897 678.0
868.583069 611.0
868.77124 560.0
868.959473 526.0
869.147644 514.0
869.335815 537.0
869.523987 544.0
869.712219 528.0
869.900391 514.0
870.088562 505.0
870.276733 514.0
870.464966 503.0
870.653137 475.0
870.841309 475.0
871.029541 494.0
871.21759 501.0
871.405762 491.0
871.593933 450.0
871.782166 430.0
871.970337 414.0
872.158508 397.0
872.34668 364.0
872.534851 352.0
872.723083 338.0
872.911255 330.0
873.099426 318.0
873.287598 329.0
873.47583 330.0
873.664001 332.0
873.852173 332.0
874.040344 322.0
874.228516 316.0
874.416748 320.0
874.604919 305.0
874.793091 291.0
874.981262 295.0
875.169434 299.0
875.357605 290.0
875.545837 291.0
875.734009 289.0
875.92218 296.0
876.110229 302.0
876.298401 302.0
876.486572 297.0
876.674805 314.0
876.862976 318.0
877.051147 311.0
877.239319 317.0
877.42749 323.0
877.615662 325.0
877.803833 326.0
877.992004 327.0
878.180176 341.0
878.368408 349.0
878.55658 348.0
878.744751 352.0
878.932922 358.0
879.121094 366.0
879.309265 368.0
879.497437 376.0
879.685608 384.0
879.873779 386.0
880.061951 390.0
880.250122 403.0
880.438293 401.0
880.626465 426.0
880.814636 431.0
881.002747 427.0
881.190918 446.0
881.379089 458.0
881.567261 454.0
881.755432 463.0
881.943604 460.0
882.131775 479.0
882.319946 517.0
882.508118 510.0
882.696289 512.0
882.88446 530.0
883.072632 547.0
883.260803 557.0
883.448975 590.0
883.637146 571.0
883.825317 591.0
884.013428 604.0
884.201599 599.0
884.389771 602.0
884.577942 629.0
884.766113 614.0
884.954285 627.0
885.142456 620.0
885.330627 610.0
885.518799 586.0
885.70697 576.0
885.89502 574.0
886.083191 555.0
886.271362 557.0
886.459534 555.0
886.647644 543.0
886.835815 563.0
887.023987 578.0
887.212158 570.0
887.40033 551.0
887.588501 542.0
887.776672 548.0
887.964783 561.0
888.152954 572.0
888.341125 574.0
888.529297 565.0
888.717468 532.0
888.90564 524.0
889.09375 520.0
889.281921 492.0
889.470093 464.0
889.658264 455.0
889.846436 452.0
890.034546 453.0
890.222717 480.0
890.410889 459.0
890.59906 440.0
890.787109 418.0
890.97522 387.0
891.163391 358.0
891.351562 343.0
891.539734 318.0
891.727844 302.0
891.916016 298.0
892.104187 280.0
892.292358 284.0
892.480469 286.0
892.66864 294.0
892.856812 286.0
893.044922 284.0
893.233093 269.0
893.421265 248.0
893.609375 249.0
893.797546 238.0
893.985718 226.0
894.173828 216.0
894.362 207.0
894.550171 199.0
894.738281 205.0
894.926453 201.0
895.114624 199.0
895.302734 199.0
895.490906 196.0
895.678894 193.0
895.867065 199.0
896.055237 196.0
896.243347 195.0
896.431519 197.0
896.619629 193.0
896.8078 194.0
896.995972 200.0
897.184082 195.0
897.372253 193.0
897.560364 193.0
897.748535 197.0
897.936646 189.0
898.124817 200.0
898.312927 187.0
898.501099 188.0
898.689209 195.0
898.87738 189.0
899.065491 184.0
899.253662 196.0
899.441772 189.0
899.629944 188.0
899.818054 190.0
900.006226 189.0
900.194336 187.0
900.382507 191.0
900.570496 182.0
900.758667 185.0
900.946777 193.0
901.134888 187.0
901.323059 187.0
901.511169 190.0
901.699341 186.0
901.887451 189.0
902.075562 190.0
902.263733 193.0
902.451843 185.0
902.640015 192.0
902.828125 190.0
903.016235 187.0
903.204407 184.0
903.392517 190.0
903.580627 185.0
903.768799 197.0
903.956909 195.0
904.14502 200.0
904.33313 197.0
904.521301 198.0
904.709412 193.0
904.897522 203.0
905.085693 202.0
905.273804 194.0
905.461792 197.0
905.649902 196.0
905.838074 193.0
906.026184 196.0
906.214294 196.0
906.402405 190.0
906.590576 195.0
906.778687 189.0
906.966797 190.0
907.154907 199.0
907.343018 191.0
907.531189 192.0
907.719299 196.0
907.90741 195.0
908.09552 192.0
908.28363 200.0
908.471741 192.0
908.659851 198.0
908.848022 203.0
909.036133 200.0
909.224243 194.0
909.412354 200.0
909.600464 200.0
909.788574 195.0
909.976685 204.0
910.164795 202.0
910.352783 198.0
910.540894 206.0
910.729004 204.0
910.917114 197.0
911.105225 204.0
911.293335 204.0
911.481445 203.0
911.669556 212.0
911.857666 208.0
912.045776 203.0
912.233887 214.0
912.421997 208.0
912.610107 207.0
912.798218 208.0
912.986328 207.0
913.174438 215.0
913.362549 214.0
913.550659 216.0
913.73877 215.0
913.92688 220.0
914.11499 215.0
914.303101 218.0
914.491211 217.0
914.679321 215.0
914.867371 208.0
915.055481 212.0
915.243469 212.0
915.43158 214.0
915.61969 219.0
915.8078 215.0
915.99585 219.0
916.18396 220.0
916.37207 225.0
916.560181 221.0
916.748291 227.0
916.93634 218.0
917.124451 224.0
917.312561 228.0
917.500671 219.0
917.688721 216.0
917.876831 221.0
918.064941 217.0
918.253052 219.0
918.441101 223.0
918.629211 219.0
918.817322 214.0
919.005371 222.0
919.193481 225.0
919.381592 215.0
919.569641 226.0
919.757751 220.0
919.945862 214.0
920.133789 222.0
920.321899 218.0
920.509949 209.0
920.698059 214.0
920.886169 213.0
921.074219 212.0
921.262329 210.0
921.450378 213.0
921.638489 206.0
921.826538 213.0
922.014648 209.0
922.202759 206.0
922.390808 203.0
922.578918 207.0
922.766968 203.0
922.955078 204.0
923.143127 203.0
923.331238 197.0
923.519287 206.0
923.707336 196.0
923.895447 191.0
924.083496 204.0
924.271606 194.0
924.459656 198.0
924.647766 198.0
924.835815 192.0
925.023743 194.0
925.211853 204.0
925.399902 194.0
925.588013 190.0
925.776062 200.0
925.964111 197.0
926.152222 192.0
926.340271 198.0
926.52832 196.0
926.71637 190.0
926.90448 198.0
927.092529 201.0
927.280579 192.0
927.468689 191.0
927.656738 192.0
927.844788 191.0
928.032837 199.0
928.220947 198.0
928.408997 189.0
928.597046 195.0
928.785095 197.0
928.973145 190.0
929.161255 196.0
929.349304 193.0
929.537354 190.0
929.725403 199.0
929.91333 195.0
930.101379 196.0
930.289429 196.0
930.477539 194.0
930.665588 196.0
930.853638 203.0
931.041687 192.0
931.229736 192.0
931.417786 198.0
931.605835 198.0
931.793884 198.0
931.981934 198.0
932.169983 197.0
932.358032 200.0
932.546082 206.0
932.734131 204.0
932.92218 200.0
933.110229 207.0
933.298279 202.0
933.486328 200.0
933.674377 210.0
933.862427 208.0
934.050476 203.0
934.238525 208.0
934.426575 206.0
934.614563 199.0
934.80249 206.0
934.99054 210.0
935.178589 206.0
935.366638 212.0
935.554687 212.0
935.742676 202.0
935.930725 213.0
936.118774 209.0
936.306824 206.0
936.494873 217.0
936.682861 210.0
936.870911 204.0
937.05896 210.0
937.247009 208.0
937.434998 205.0
937.623047 217.0
937.811096 225.0
937.999146 223.0
938.187134 232.0
938.375183 251.0
938.563232 247.0
938.751221 249.0
938.93927 250.0
939.127258 240.0
939.315308 233.0
939.503357 236.0
939.691223 228.0
939.879272 219.0
940.067261 214.0
940.25531 212.0
940.443359 207.0
940.631348 203.0
940.819397 200.0
941.007385 210.0
941.195435 202.0
941.383423 200.0
941.571472 203.0
941.75946 200.0
941.94751 192.0
942.135498 199.0
942.323486 195.0
942.511536 196.0
942.699524 200.0
942.887573 197.0
943.075562 193.0
943.26355 198.0
943.451599 194.0
943.639587 192.0
943.827637 196.0
944.015625 192.0
944.203613 183.0
944.391663 194.0
944.579529 195.0
944.767517 189.0
944.955505 194.0
945.143555 194.0
945.331543 188.0
945.519531 193.0
945.70752 189.0
945.895569 188.0
946.083557 188.0
946.271545 187.0
946.459534 184.0
946.647522 184.0
946.835571 183.0
947.02356 185.0
947.211548 186.0
947.399536 190.0
947.587524 184.0
947.775513 187.0
947.963501 192.0
948.151489 183.0
948.339478 188.0
948.527527 184.0
948.715515 181.0
948.903503 186.0
949.091492 186.0
949.27948 183.0
949.467346 187.0
949.655334 186.0
949.843323 181.0
950.031311 190.0
950.219299 183.0
950.407227 186.0
950.595215 192.0
950.783203 186.0
950.971191 181.0
951.15918 187.0
951.347168 186.0
951.535156 181.0
951.723145 190.0
951.911133 188.0
952.09906 183.0
952.287048 191.0
952.475037 182.0
952.663025 182.0
952.851013 192.0
953.03894 188.0
953.226929 183.0
953.414917 194.0
953.602905 190.0
953.790833 183.0
953.978821 194.0
954.166809 190.0
954.354614 185.0
954.542603 193.0
954.730591 190.0
954.918518 186.0
955.106506 196.0
955.294495 191.0
955.482422 185.0
955.67041 190.0
955.858337 191.0
956.046326 191.0
956.234253 192.0
956.422241 191.0
956.610168 189.0
956.798157 196.0
956.986084 194.0
957.174072 193.0
957.362 197.0
957.549988 201.0
957.737915 194.0
957.925903 201.0
958.113831 200.0
958.301819 200.0
958.489746 205.0
958.677673 199.0
958.865662 202.0
959.053589 203.0
959.241455 199.0
959.429382 202.0
959.61731 210.0
959.805237 199.0
959.993225 199.0
960.181152 205.0
960.36908 207.0
960.557068 207.0
960.744995 207.0
960.932922 204.0
961.12085 202.0
961.308777 208.0
961.496765 208.0
961.684692 202.0
961.87262 210.0
962.060547 205.0
962.248474 203.0
962.436401 208.0
962.624329 205.0
962.812317 200.0
963.000244 202.0
963.188171 207.0
963.376099 205.0
963.564026 204.0
963.751953 201.0
963.93988 198.0
964.127686 205.0
964.315613 204.0
964.50354 202.0
964.691467 204.0
964.879395 206.0
965.067322 204.0
965.255249 207.0
965.443115 208.0
965.631042 202.0
965.81897 203.0
966.006897 200.0
966.194824 201.0
966.382751 198.0
966.570679 200.0
966.758545 196.0
966.946472 205.0
967.134399 191.0
967.322327 198.0
967.510193 202.0
967.69812 196.0
967.886047 193.0
968.073975 199.0
968.261841 195.0
968.449768 195.0
968.637695 198.0
968.825562 190.0
969.013367 187.0
969.201294 198.0
969.38916 190.0
969.577087 193.0
969.764954 189.0
969.952881 188.0
970.140747 181.0
970.328674 191.0
970.516602 186.0
970.704468 188.0
970.892395 189.0
971.080261 186.0
971.268188 181.0
971.456055 188.0
971.643921 190.0
971.831848 182.0
972.019714 187.0
972.207642 186.0
972.395508 180.0
972.583374 184.0
972.771301 190.0
972.959167 182.0
973.147034 187.0
973.334961 181.0
973.522827 184.0
973.710693 183.0
973.898499 185.0
974.086365 182.0
974.274231 187.0
974.462097 184.0
974.649963 184.0
974.837891 186.0
975.025757 187.0
975.213623 181.0
975.401489 186.0
975.589355 183.0
975.777222 183.0
975.965088 190.0
976.153015 182.0
976.340881 182.0
976.528748 185.0
976.716614 185.0
976.90448 178.0
977.092346 187.0
977.280212 185.0
977.468079 185.0
977.655945 185.0
977.843811 180.0
978.031677 178.0
978.219543 184.0
978.407349 183.0
978.595215 181.0
978.782959 186.0
978.970825 181.0
979.158691 179.0
979.346558 187.0
979.534424 186.0
979.722229 179.0
979.910095 187.0
980.097961 188.0
980.285828 180.0
980.473633 189.0
980.661499 186.0
980.849365 179.0
981.037231 187.0
981.225037 188.0
981.412903 183.0
981.600769 189.0
981.788574 184.0
981.97644 187.0
982.164246 185.0
982.352112 185.0
982.539978 180.0
982.727783 186.0
982.915649 184.0
983.103455 189.0
983.291321 189.0
983.479126 186.0
983.66687 183.0
983.854675 189.0
984.042542 186.0
984.230347 185.0
984.418152 188.0
984.606018 188.0
984.793823 184.0
984.981689 190.0
985.169495 187.0
985.3573 187.0
985.545166 190.0
985.732971 183.0
985.920776 186.0
986.108582 191.0
986.296448 181.0
986.484253 183.0
986.672058 190.0
986.859863 188.0
987.047668 178.0
987.235535 192.0
987.42334 188.0
987.611145 179.0
987.79895 189.0
987.986755 189.0
988.174561 177.0
988.362366 185.0
988.550049 182.0
988.737854 182.0
988.925659 183.0
989.113464 187.0
989.30127 180.0
989.489075 190.0
989.67688 183.0
989.864685 181.0
990.05249 182.0
990.240295 184.0
990.428101 181.0
990.615906 187.0
990.803711 187.0
990.991516 182.0
991.179321 187.0
991.367065 185.0
991.554871 183.0
991.742676 184.0
991.930481 184.0
992.118225 183.0
992.30603 189.0
992.493835 182.0
992.681641 178.0
992.869385 186.0
993.05719 185.0
993.244995 178.0
993.432617 184.0
993.620422 180.0
993.808167 181.0
993.995972 184.0
994.183777 177.0
994.371521 179.0
994.559326 185.0
994.74707 182.0
994.934875 177.0
995.12262 184.0
995.310425 179.0
995.498169 180.0
995.685974 181.0
995.873718 182.0
996.061462 173.0
996.249268 182.0
996.437012 178.0
996.624756 178.0
996.812561 180.0
997.000305 183.0
997.188049 176.0
997.375854 182.0
997.563599 176.0
997.751343 176.0
997.939087 182.0
998.126892 184.0
998.314514 173.0
998.502258 178.0
998.690002 179.0
998.877747 174.0
999.065491 179.0
999.253235 179.0
999.440979 176.0
999.628784 180.0
999.816528 176.0
1000.004272 176.0
1000.192017 0.0
1000.379761 0.0
1000.567505 0.0
1000.755249 0.0
1000.942993 0.0
1001.130676 0.0
1001.31842 0.0
1001.506165 0.0
1001.693909 0.0
1001.881653 0.0
1002.069397 0.0
1002.257141 0.0
1002.444824 0.0
1002.632568 0.0
1002.820312 0.0
1003.008057 0.0
1003.195679 0.0
1003.383362 0.0
1003.571106 0.0
1003.75885 0.0
1003.946533 0.0
1004.134277 0.0
1004.322021 0.0
1004.509705 0.0
1004.697449 0.0
1004.885132 0.0
1005.072876 0.0
1005.260559 0.0
1005.448303 0.0
1005.635986 0.0
1005.82373 0.0
1006.011414 0.0
1006.199158 0.0
1006.386841 0.0
1006.574585 0.0
1006.762268 0.0
1006.949951 0.0
1007.137695 0.0
1007.325378 0.0
1007.513062 0.0
1007.700806 0.0
1007.888489 0.0
1008.07605 0.0
1008.263794 0.0
1008.451477 0.0
1008.63916 0.0
1008.826843 0.0
1009.014526 0.0
1009.202271 0.0
1009.389954 0.0
1009.577637 0.0
1009.76532 0.0
1009.953003 0.0
1010.140686 0.0
1010.328369 0.0
1010.516052 0.0
1010.703735 0.0
1010.891418 0.0
1011.079102 0.0
1011.266785 0.0
1011.454468 0.0
1011.642151 0.0
1011.829834 0.0
1012.017517 0.0
1012.205139 0.0
1012.392822 0.0
1012.580505 0.0
1012.768188 0.0
1012.95575 0.0
1013.143372 0.0
1013.331055 0.0
1013.518738 0.0
1013.706421 0.0
1013.894043 0.0
1014.081726 0.0
1014.269409 0.0
1014.457031 0.0
1014.644714 0.0
1014.832336 0.0
1015.02002 0.0
1015.207703 0.0
