333.0513 0.0
333.235016 0.0
333.418732 0.0
333.602448 0.0
333.786163 0.0
333.969879 0.0
334.153625 0.0
334.337372 0.0
334.521088 0.0
334.704834 0.0
334.88855 0.0
335.072327 0.0
335.256073 0.0
335.439819 0.0
335.623596 0.0
335.807343 0.0
335.991119 0.0
336.174866 0.0
336.358643 0.0
336.542419 0.0
336.726196 0.0
336.909973 0.0
337.09375 0.0
337.277527 0.0
337.461304 0.0
337.645111 0.0
337.828918 0.0
338.012726 0.0
338.196533 0.0
338.380341 0.0
338.564117 0.0
338.747925 0.0
338.931763 0.0
339.11557 0.0
339.299408 0.0
339.483215 0.0
339.667023 0.0
339.850861 0.0
340.034698 0.0
340.218536 0.0
340.402405 0.0
340.586243 0.0
340.770111 0.0
340.953918 0.0
341.137787 0.0
341.321655 0.0
341.505524 0.0
341.689392 0.0
341.87326 0.0
342.057098 0.0
342.240967 0.0
342.424866 0.0
342.608734 0.0
342.792633 0.0
342.976532 0.0
343.160431 0.0
343.344299 0.0
343.528198 0.0
343.712097 0.0
343.895996 0.0
344.079926 0.0
344.263824 0.0
344.447723 0.0
344.631653 0.0
344.815552 0.0
344.999481 0.0
345.183411 0.0
345.367371 0.0
345.5513 0.0
345.735199 0.0
345.919159 0.0
346.103088 0.0
346.287048 0.0
346.471008 0.0
346.654968 0.0
346.838898 0.0
347.022858 0.0
347.206818 0.0
347.390778 0.0
347.574768 0.0
347.758728 0.0
347.942719 0.0
348.126678 0.0
348.310669 0.0
348.494659 0.0
348.67865 0.0
348.86264 0.0
349.046631 0.0
349.230591 0.0
349.414612 0.0
349.598602 0.0
349.782623 0.0
349.966644 173.0
350.150665 177.0
350.334686 179.0
350.518677 176.0
350.702698 180.0
350.886749 174.0
351.07077 171.0
351.254822 178.0
351.438843 172.0
351.622864 172.0
351.806915 177.0
351.990967 176.0
352.175018 172.0
352.35907 184.0
352.543121 177.0
352.727203 168.0
352.911224 186.0
353.095306 178.0
353.279358 169.0
353.46344 183.0
353.647522 177.0
353.831604 169.0
354.015656 175.0
354.199738 177.0
354.38385 175.0
354.567932 177.0
354.752045 177.0
354.936127 168.0
355.120239 180.0
355.304321 178.0
355.488434 178.0
355.672546 177.0
355.856659 175.0
356.040771 176.0
356.224915 176.0
356.408997 177.0
356.59314 175.0
356.777252 174.0
356.961395 170.0
357.145538 170.0
357.329681 179.0
357.513824 177.0
357.697937 169.0
357.882111 180.0
358.066254 179.0
358.250397 170.0
358.43457 172.0
358.618744 175.0
358.802887 170.0
358.987061 176.0
359.171234 173.0
359.355408 171.0
359.539581 182.0
359.723755 179.0
359.907959 173.0
360.092102 175.0
360.276306 175.0
360.46051 173.0
360.644684 177.0
360.828888 172.0
361.013092 172.0
361.197296 176.0
361.3815 178.0
361.565704 168.0
361.749939 178.0
361.934143 177.0
362.118378 169.0
362.302612 176.0
362.486786 173.0
362.671021 170.0
362.855255 177.0
363.03952 178.0
363.223755 173.0
363.40799 175.0
363.592224 176.0
363.776459 171.0
363.960724 178.0
364.144989 174.0
364.329254 176.0
364.513519 178.0
364.697784 172.0
364.882019 174.0
365.066284 174.0
365.25058 176.0
365.434845 174.0
365.619141 174.0
365.803436 174.0
365.987701 175.0
366.171967 175.0
366.356262 176.0
366.540558 170.0
366.724884 174.0
366.90918 174.0
367.093445 171.0
367.277771 180.0
367.462097 174.0
367.646393 172.0
367.830719 183.0
368.015045 172.0
368.199371 170.0
368.383698 177.0
368.567993 174.0
368.75235 173.0
368.936676 177.0
369.121033 177.0
369.305359 170.0
369.489685 179.0
369.674042 176.0
369.858398 171.0
370.042755 180.0
370.227112 173.0
370.411469 170.0
370.595856 177.0
370.780212 182.0
370.964569 175.0
371.148926 179.0
371.333313 178.0
371.5177 172.0
371.702087 175.0
371.886444 174.0
372.070831 171.0
372.255219 170.0
372.439636 178.0
372.624023 172.0
372.808441 178.0
372.992828 174.0
373.177246 170.0
373.361633 177.0
373.546051 180.0
373.730469 174.0
373.914886 179.0
374.099304 175.0
374.283722 170.0
374.46814 174.0
374.652588 175.0
374.837006 170.0
375.021454 177.0
375.205902 177.0
375.39035 176.0
375.574799 179.0
375.759216 174.0
375.943665 167.0
376.128143 174.0
376.312592 177.0
376.49707 173.0
376.681488 182.0
376.865967 172.0
377.050446 171.0
377.234924 178.0
377.419403 177.0
377.603882 171.0
377.788361 181.0
377.97287 179.0
378.157318 166.0
378.341827 180.0
378.526306 178.0
378.710815 175.0
378.895325 179.0
379.079803 176.0
379.264313 168.0
379.448822 180.0
379.633331 175.0
379.817841 170.0
380.00238 180.0
380.18689 179.0
380.371429 168.0
380.555939 173.0
380.740479 173.0
380.924988 171.0
381.109528 177.0
381.294098 177.0
381.478607 171.0
381.663147 174.0
381.847717 171.0
382.032257 172.0
382.216827 177.0
382.401367 180.0
382.585937 177.0
382.770508 173.0
382.955048 177.0
383.139618 173.0
383.324188 174.0
383.508789 172.0
383.693359 174.0
383.87793 179.0
384.0625 174.0
384.247101 176.0
384.431702 178.0
384.616302 176.0
384.800903 169.0
384.985504 176.0
385.170105 175.0
385.354675 170.0
385.539276 173.0
385.723907 180.0
385.908508 170.0
386.09314 176.0
386.27774 173.0
386.462372 167.0
386.647003 179.0
386.831635 170.0
387.016266 168.0
387.200897 175.0
387.385559 174.0
387.57019 170.0
387.754791 174.0
387.939453 176.0
388.124115 167.0
388.308777 179.0
388.493439 179.0
388.67807 171.0
388.862732 178.0
389.047394 175.0
389.232056 174.0
389.416748 179.0
389.60141 175.0
389.786102 171.0
389.970795 175.0
390.155426 182.0
390.340118 179.0
390.524811 183.0
390.709503 172.0
390.894196 176.0
391.078888 172.0
391.26358 174.0
391.448303 169.0
391.632996 179.0
391.817719 172.0
392.002441 176.0
392.187134 179.0
392.371857 173.0
392.556549 171.0
392.741302 173.0
392.926025 175.0
393.110748 173.0
393.295502 175.0
393.480194 177.0
393.664948 171.0
393.84967 178.0
394.034424 176.0
394.219177 170.0
394.403931 178.0
394.588684 178.0
394.773468 168.0
394.958191 178.0
395.142944 171.0
395.327728 170.0
395.512482 179.0
395.697266 178.0
395.882019 172.0
396.066803 180.0
396.251587 177.0
396.436371 174.0
396.621155 178.0
396.805939 174.0
396.990723 174.0
397.175537 173.0
397.360291 172.0
397.545105 171.0
397.729919 175.0
397.914703 179.0
398.099518 168.0
398.284302 178.0
398.469116 176.0
398.653961 171.0
398.838776 180.0
399.02359 176.0
399.208435 175.0
399.39325 179.0
399.578094 176.0
399.762909 172.0
399.947754 181.0
400.132599 171.0
400.317444 169.0
400.502289 177.0
400.687103 178.0
400.871948 173.0
401.056824 171.0
401.241669 175.0
401.426544 174.0
401.61142 175.0
401.796265 175.0
401.98114 170.0
402.165985 179.0
402.350861 176.0
402.535767 171.0
402.720642 175.0
402.905518 178.0
403.090393 170.0
403.275269 176.0
403.460175 174.0
403.645081 165.0
403.829956 180.0
404.014862 173.0
404.199768 169.0
404.384674 179.0
404.56958 176.0
404.754486 176.0
404.939392 181.0
405.124329 176.0
405.309235 168.0
405.494141 175.0
405.679077 176.0
405.864014 162.0
406.04895 173.0
406.233887 174.0
406.418823 173.0
406.60376 174.0
406.788696 175.0
406.973633 171.0
407.158569 183.0
407.343536 178.0
407.528473 176.0
407.71344 175.0
407.898376 179.0
408.083344 176.0
408.268311 174.0
408.453278 173.0
408.638275 177.0
408.823242 174.0
409.008209 177.0
409.193207 172.0
409.378143 176.0
409.563141 172.0
409.748138 173.0
409.933136 182.0
410.118134 175.0
410.303101 174.0
410.488098 180.0
410.673096 174.0
410.858124 174.0
411.043121 180.0
411.228149 177.0
411.413147 178.0
411.598175 180.0
411.783173 177.0
411.968201 171.0
412.153229 181.0
412.338257 174.0
412.523285 165.0
412.708282 175.0
412.893341 180.0
413.078369 173.0
413.263428 178.0
413.448456 173.0
413.633514 170.0
413.818573 180.0
414.003632 173.0
414.18866 172.0
414.373718 177.0
414.558777 176.0
414.743835 173.0
414.928925 179.0
415.113953 174.0
415.299042 173.0
415.4841 173.0
415.669189 172.0
415.854279 174.0
416.039368 177.0
416.224457 173.0
416.409546 171.0
416.594604 178.0
416.779694 174.0
416.964813 170.0
417.149902 174.0
417.335022 173.0
417.520081 174.0
417.7052 175.0
417.89032 172.0
418.075439 169.0
418.260559 182.0
418.445679 173.0
418.630798 170.0
418.815918 176.0
419.001038 172.0
419.186157 172.0
419.371307 176.0
419.556427 180.0
419.741577 174.0
419.926697 178.0
420.111847 174.0
420.296997 170.0
420.482147 178.0
420.667297 175.0
420.852448 170.0
421.037628 180.0
421.222778 176.0
421.407928 166.0
421.593079 176.0
421.778259 180.0
421.96344 169.0
422.148621 176.0
422.333771 175.0
422.518951 174.0
422.704132 176.0
422.889313 174.0
423.074493 173.0
423.259705 171.0
423.444885 177.0
423.630096 174.0
423.815277 174.0
424.000458 181.0
424.185669 175.0
424.37088 173.0
424.556091 172.0
424.741272 173.0
424.926514 181.0
425.111725 178.0
425.296936 178.0
425.482178 176.0
425.667389 174.0
425.852631 169.0
426.037872 176.0
426.223083 172.0
426.408325 174.0
426.593567 180.0
426.778809 179.0
426.96405 178.0
427.149261 177.0
427.334534 172.0
427.519775 172.0
427.705048 176.0
427.890289 178.0
428.075562 178.0
428.260834 182.0
428.446106 170.0
428.631348 174.0
428.81662 181.0
429.001892 173.0
429.187164 168.0
429.372467 177.0
429.557709 172.0
429.743011 168.0
429.928284 175.0
430.113586 176.0
430.298889 181.0
430.484161 173.0
430.669464 178.0
430.854767 169.0
431.04007 176.0
431.225372 175.0
431.410675 169.0
431.596008 179.0
431.781311 172.0
431.966614 172.0
432.151917 181.0
432.33725 174.0
432.522583 171.0
432.707916 176.0
432.89325 176.0
433.078583 174.0
433.263916 176.0
433.449219 177.0
433.634583 175.0
433.819916 178.0
434.00528 178.0
434.190613 169.0
434.375946 178.0
434.56131 180.0
434.746674 174.0
434.932037 176.0
435.117401 173.0
435.302765 175.0
435.488129 177.0
435.673492 176.0
435.858856 176.0
436.04422 180.0
436.229614 176.0
436.415009 177.0
436.600372 185.0
436.785736 179.0
436.97113 176.0
437.156525 178.0
437.341919 176.0
437.527313 173.0
437.712738 176.0
437.898132 175.0
438.083527 168.0
438.268921 179.0
438.454346 179.0
438.63974 170.0
438.825165 179.0
439.01059 174.0
439.195984 169.0
439.381409 178.0
439.566833 179.0
439.752258 172.0
439.937683 179.0
440.123138 179.0
440.308563 175.0
440.494019 180.0
440.679413 175.0
440.864868 174.0
441.050323 179.0
441.235779 178.0
441.421234 175.0
441.606659 180.0
441.792114 180.0
441.97757 170.0
442.163055 179.0
442.348511 173.0
442.533997 171.0
442.719452 178.0
442.904938 170.0
443.090393 172.0
443.275848 176.0
443.461334 172.0
443.64682 173.0
443.832306 179.0
444.017792 181.0
444.203278 176.0
444.388763 175.0
444.57428 174.0
444.759766 175.0
444.945282 177.0
445.130768 176.0
445.316284 166.0
445.50177 174.0
445.687286 174.0
445.872803 170.0
446.058319 175.0
446.243835 176.0
446.429321 170.0
446.614868 177.0
446.800385 175.0
446.985931 170.0
447.171448 180.0
447.356995 179.0
447.542542 171.0
447.728088 174.0
447.913605 176.0
448.099152 168.0
448.284698 176.0
448.470245 180.0
448.655792 173.0
448.841339 177.0
449.026886 177.0
449.212463 170.0
449.39801 179.0
449.583588 174.0
449.769165 171.0
449.954712 176.0
450.140289 173.0
450.325836 171.0
450.511444 178.0
450.697021 172.0
450.882599 178.0
451.068176 175.0
451.253754 176.0
451.439331 177.0
451.624939 174.0
451.810547 176.0
451.996124 174.0
452.181732 181.0
452.36734 170.0
452.552948 175.0
452.738525 177.0
452.924164 173.0
453.109772 175.0
453.29538 180.0
453.481018 172.0
453.666595 172.0
453.852234 182.0
454.037842 172.0
454.22348 168.0
454.409119 180.0
454.594757 173.0
454.780396 170.0
454.966034 177.0
455.151642 176.0
455.337311 172.0
455.522949 177.0
455.708588 175.0
455.894257 170.0
456.079865 178.0
456.265533 174.0
456.451202 168.0
456.636871 174.0
456.82254 178.0
457.008209 173.0
457.193878 175.0
457.379547 174.0
457.565186 171.0
457.750854 176.0
457.936554 175.0
458.122223 174.0
458.307922 175.0
458.493591 173.0
458.67926 173.0
458.86496 179.0
459.050659 172.0
459.236359 170.0
459.422058 177.0
459.607758 176.0
459.793457 175.0
459.979156 176.0
460.164856 177.0
460.350586 173.0
460.536285 177.0
460.722015 177.0
460.907715 173.0
461.093414 176.0
461.279144 180.0
461.464874 172.0
461.650604 181.0
461.836334 176.0
462.022064 173.0
462.207825 181.0
462.393555 172.0
462.579285 174.0
462.765015 180.0
462.950775 176.0
463.136475 172.0
463.322235 181.0
463.507996 176.0
463.693756 169.0
463.879517 178.0
464.065277 179.0
464.251038 175.0
464.436798 176.0
464.622589 174.0
464.80835 175.0
464.99411 179.0
465.179871 177.0
465.365662 170.0
465.551422 184.0
465.737183 179.0
465.922974 168.0
466.108765 177.0
466.294556 176.0
466.480347 171.0
466.666168 177.0
466.851959 173.0
467.03775 173.0
467.223572 179.0
467.409332 176.0
467.595154 174.0
467.780975 176.0
467.966736 172.0
468.152557 171.0
468.338379 177.0
468.5242 177.0
468.710022 171.0
468.895844 178.0
469.081696 170.0
469.267517 172.0
469.453339 180.0
469.639191 173.0
469.824982 168.0
470.010834 180.0
470.196686 176.0
470.382507 175.0
470.568329 178.0
470.754181 179.0
470.940033 170.0
471.125916 176.0
471.311768 179.0
471.49762 175.0
471.683472 179.0
471.869354 173.0
472.055206 178.0
472.241058 180.0
472.42691 176.0
472.612793 180.0
472.798645 181.0
472.984528 176.0
473.17041 175.0
473.356293 179.0
473.542175 180.0
473.728058 175.0
473.913971 177.0
474.099854 178.0
474.285736 171.0
474.471649 179.0
474.657532 182.0
474.843414 176.0
475.029327 178.0
475.21521 177.0
475.401123 177.0
475.587036 176.0
475.772949 178.0
475.958862 176.0
476.144775 176.0
476.330719 179.0
476.516632 177.0
476.702545 174.0
476.888489 177.0
477.074402 174.0
477.260315 176.0
477.446259 177.0
477.632172 169.0
477.818115 182.0
478.004059 175.0
478.190002 174.0
478.375946 177.0
478.56189 170.0
478.747864 169.0
478.933807 184.0
479.119751 176.0
479.305725 168.0
479.491669 181.0
479.677612 176.0
479.863586 174.0
480.04953 178.0
480.235504 175.0
480.421478 172.0
480.607452 180.0
480.793427 176.0
480.979401 171.0
481.165405 183.0
481.351379 180.0
481.537354 171.0
481.723358 180.0
481.909332 178.0
482.095306 173.0
482.281311 185.0
482.467285 180.0
482.65329 169.0
482.839294 182.0
483.025299 176.0
483.211304 172.0
483.397308 176.0
483.583344 186.0
483.769348 173.0
483.955353 183.0
484.141388 178.0
484.327393 175.0
484.513397 182.0
484.699432 177.0
484.885437 173.0
485.071472 179.0
485.257507 175.0
485.443542 173.0
485.629578 175.0
485.815613 177.0
486.001648 172.0
486.187714 181.0
486.373749 174.0
486.559814 172.0
486.745819 181.0
486.931885 178.0
487.11795 169.0
487.303986 183.0
487.490051 173.0
487.676117 172.0
487.862183 177.0
488.048248 173.0
488.234314 169.0
488.42038 180.0
488.606445 176.0
488.792542 173.0
488.978607 176.0
489.164673 175.0
489.350769 169.0
489.536835 180.0
489.7229 175.0
489.908997 172.0
490.095093 179.0
490.281189 178.0
490.467285 171.0
490.653381 176.0
490.839508 175.0
491.025604 168.0
491.2117 185.0
491.397827 173.0
491.583893 175.0
491.77002 172.0
491.956146 176.0
492.142212 173.0
492.328339 172.0
492.514465 179.0
492.700592 175.0
492.886719 177.0
493.072845 178.0
493.258972 171.0
493.445129 181.0
493.631256 177.0
493.817413 175.0
494.00351 178.0
494.189667 177.0
494.375793 176.0
494.56192 182.0
494.748077 174.0
494.934235 171.0
495.120392 180.0
495.306549 178.0
495.492706 175.0
495.678864 180.0
495.865021 174.0
496.051178 172.0
496.237366 180.0
496.423492 169.0
496.60968 172.0
496.795837 180.0
496.981995 174.0
497.168182 172.0
497.35437 180.0
497.540558 172.0
497.726746 172.0
497.912933 179.0
498.099121 177.0
498.285309 168.0
498.471497 171.0
498.657715 178.0
498.843872 171.0
499.03009 183.0
499.216278 174.0
499.402466 168.0
499.588654 179.0
499.774872 183.0
499.96109 172.0
500.147308 174.0
500.333527 176.0
500.519745 170.0
500.705963 186.0
500.892181 180.0
501.07843 169.0
501.264618 177.0
501.450836 174.0
501.637085 174.0
501.823303 174.0
502.009521 181.0
502.19577 174.0
502.382019 180.0
502.568268 178.0
502.754486 172.0
502.940735 176.0
503.127014 172.0
503.313263 171.0
503.499512 179.0
503.68573 176.0
503.872009 174.0
504.058258 182.0
504.244507 177.0
504.430756 172.0
504.617035 178.0
504.803314 172.0
504.989563 176.0
505.175842 178.0
505.362122 174.0
505.548401 174.0
505.73468 179.0
505.920959 169.0
506.107239 171.0
506.293518 179.0
506.479797 174.0
506.666077 170.0
506.852356 174.0
507.038666 177.0
507.224945 170.0
507.411255 182.0
507.597565 176.0
507.783875 175.0
507.970184 181.0
508.156494 178.0
508.342804 166.0
508.529083 178.0
508.715393 174.0
508.901703 167.0
509.088013 175.0
509.274323 175.0
509.460663 168.0
509.646973 175.0
509.833313 178.0
510.019653 176.0
510.205963 174.0
510.392303 174.0
510.578644 175.0
510.764984 176.0
510.951294 176.0
511.137634 176.0
511.324005 176.0
511.510315 176.0
511.696655 171.0
511.883026 177.0
512.069397 174.0
512.255737 172.0
512.442078 176.0
512.628479 175.0
512.814819 172.0
513.00116 194.0
513.187561 174.0
513.373901 176.0
513.560303 181.0
513.746643 178.0
513.932983 172.0
514.119385 180.0
514.305725 176.0
514.492126 168.0
514.678528 176.0
514.864868 173.0
515.05127 170.0
515.237671 179.0
515.424072 181.0
515.610474 174.0
515.796814 180.0
515.983215 177.0
516.169617 168.0
516.356018 180.0
516.542419 173.0
516.728821 175.0
516.915222 185.0
517.101624 181.0
517.288086 172.0
517.474487 178.0
517.660889 174.0
517.84729 173.0
518.033752 175.0
518.220154 175.0
518.406616 176.0
518.593018 177.0
518.779358 175.0
518.96582 175.0
519.152283 175.0
519.338684 180.0
519.525146 173.0
519.711548 178.0
519.89801 176.0
520.084473 176.0
520.270935 176.0
520.457336 174.0
520.643738 172.0
520.8302 180.0
521.016663 174.0
521.203125 173.0
521.389587 180.0
521.57605 179.0
521.762512 169.0
521.948975 180.0
522.135437 176.0
522.321899 171.0
522.508362 176.0
522.694885 176.0
522.881348 172.0
523.06781 180.0
523.254272 176.0
523.440796 172.0
523.627197 177.0
523.813721 174.0
524.000183 172.0
524.186646 179.0
524.373169 178.0
524.559692 175.0
524.746155 180.0
524.932678 173.0
525.119141 174.0
525.305664 179.0
525.492126 174.0
525.678589 169.0
525.865112 175.0
526.051636 179.0
526.238159 172.0
526.424683 178.0
526.611206 179.0
526.797729 170.0
526.984253 180.0
527.170776 175.0
527.3573 176.0
527.543823 177.0
527.730347 174.0
527.91687 176.0
528.103394 177.0
528.289917 180.0
528.47644 175.0
528.662964 177.0
528.849487 175.0
529.036072 171.0
529.222595 174.0
529.409119 173.0
529.595703 171.0
529.782227 178.0
529.968811 171.0
530.155334 182.0
530.341858 176.0
530.528381 169.0
530.714966 173.0
530.90155 181.0
531.088074 168.0
531.274658 168.0
531.461243 175.0
531.647827 176.0
531.834412 168.0
532.020996 178.0
532.20752 180.0
532.394104 172.0
532.580688 180.0
532.767273 182.0
532.953857 177.0
533.140442 184.0
533.327026 180.0
533.513611 172.0
533.700195 183.0
533.88678 174.0
534.073364 176.0
534.26001 176.0
534.446594 176.0
534.633179 172.0
534.819824 176.0
535.006409 177.0
535.192932 177.0
535.379578 180.0
535.566162 177.0
535.752808 176.0
535.939392 181.0
536.126038 178.0
536.312683 174.0
536.499268 176.0
536.685913 176.0
536.872559 175.0
537.059143 180.0
537.245789 176.0
537.432434 170.0
537.61908 174.0
537.805725 172.0
537.992371 171.0
538.178955 180.0
538.365601 174.0
538.552246 170.0
538.738892 177.0
538.925537 172.0
539.112183 169.0
539.298828 177.0
539.485474 178.0
539.672119 170.0
539.858765 177.0
540.04541 170.0
540.232056 176.0
540.418701 178.0
540.605408 176.0
540.792053 175.0
540.97876 183.0
541.165405 177.0
541.352051 172.0
541.538757 175.0
541.725464 174.0
541.912109 170.0
542.098816 176.0
542.285461 175.0
542.472168 173.0
542.658875 174.0
542.845581 180.0
543.032166 170.0
543.218872 175.0
543.405579 175.0
543.592285 171.0
543.778992 173.0
543.965698 175.0
544.152405 175.0
544.339111 172.0
544.525818 178.0
544.712524 174.0
544.89917 173.0
545.085876 170.0
545.272583 173.0
545.45929 183.0
545.645996 174.0
545.832764 171.0
546.01947 177.0
546.206177 175.0
546.392944 171.0
546.579651 175.0
546.766357 169.0
546.953125 168.0
547.139832 181.0
547.326599 176.0
547.513306 175.0
547.700073 177.0
547.886719 175.0
548.073486 173.0
548.260254 182.0
548.44696 176.0
548.633728 171.0
548.820496 176.0
549.007263 177.0
549.19397 171.0
549.380737 178.0
549.567505 170.0
549.754211 171.0
549.940979 184.0
550.127747 175.0
550.314514 168.0
550.501282 173.0
550.688049 178.0
550.874817 171.0
551.061584 176.0
551.248352 174.0
551.435181 171.0
551.621948 178.0
551.808716 174.0
551.995483 175.0
552.182312 175.0
552.36908 181.0
552.555847 173.0
552.742615 178.0
552.929382 174.0
553.11615 173.0
553.302979 178.0
553.489746 177.0
553.676575 176.0
553.863403 179.0
554.050171 177.0
554.237 172.0
554.423767 175.0
554.610535 175.0
554.797363 173.0
554.984192 177.0
555.170959 173.0
555.357788 175.0
555.544617 179.0
555.731445 175.0
555.918274 177.0
556.105103 179.0
556.291931 172.0
556.47876 178.0
556.665588 178.0
556.852417 173.0
557.039246 172.0
557.226074 182.0
557.412903 175.0
557.59967 173.0
557.78656 181.0
557.973389 174.0
558.160217 169.0
558.347046 179.0
558.533936 176.0
558.720764 169.0
558.907654 181.0
559.094482 176.0
559.281311 171.0
559.46814 174.0
559.654968 178.0
559.841858 175.0
560.028687 179.0
560.215576 178.0
560.402466 173.0
560.589294 178.0
560.776184 177.0
560.963074 171.0
561.149963 180.0
561.336792 173.0
561.523682 175.0
561.710571 174.0
561.897461 181.0
562.084351 170.0
562.27124 173.0
562.458069 175.0
562.644958 174.0
562.831848 176.0
563.018738 176.0
563.205627 171.0
563.392517 178.0
563.579407 177.0
563.766296 175.0
563.953186 179.0
564.140076 173.0
564.326965 171.0
564.513855 179.0
564.700745 174.0
564.887695 172.0
565.074585 182.0
565.261475 178.0
565.448425 174.0
565.635315 177.0
565.822266 177.0
566.009155 176.0
566.196106 185.0
566.382996 176.0
566.569946 173.0
566.756897 180.0
566.943787 183.0
567.130737 172.0
567.317627 180.0
567.504517 180.0
567.691467 171.0
567.878418 179.0
568.065369 181.0
568.252319 172.0
568.43927 177.0
568.626221 176.0
568.81311 176.0
569.000061 174.0
569.186951 177.0
569.373901 173.0
569.560913 183.0
569.747864 176.0
569.934814 170.0
570.121765 179.0
570.308716 175.0
570.495667 176.0
570.682678 172.0
570.869629 179.0
571.05658 170.0
571.24353 180.0
571.430542 176.0
571.617493 177.0
571.804504 174.0
571.991455 175.0
572.178345 171.0
572.365356 178.0
572.552307 170.0
572.739319 171.0
572.926331 177.0
573.113281 179.0
573.300293 172.0
573.487244 180.0
573.674255 172.0
573.861267 173.0
574.048218 176.0
574.235168 172.0
574.42218 174.0
574.609192 176.0
574.796204 174.0
574.983215 174.0
575.170227 181.0
575.357239 176.0
575.54425 164.0
575.731262 177.0
575.918274 178.0
576.105286 172.0
576.292297 179.0
576.479309 176.0
576.666321 167.0
576.853333 178.0
577.040283 174.0
577.227356 175.0
577.414368 178.0
577.601379 179.0
577.788391 171.0
577.975464 175.0
578.162476 173.0
578.349548 173.0
578.53656 176.0
578.723572 182.0
578.910583 175.0
579.097595 176.0
579.284668 178.0
579.471741 173.0
579.658752 176.0
579.845825 179.0
580.032837 176.0
580.21991 182.0
580.406982 177.0
580.593994 173.0
580.781067 175.0
580.96814 175.0
581.155212 174.0
581.342285 179.0
581.529297 175.0
581.71637 175.0
581.903381 179.0
582.090454 176.0
582.277527 176.0
582.4646 179.0
582.651672 171.0
582.838745 169.0
583.025818 181.0
583.212891 177.0
583.400024 174.0
583.587097 179.0
583.774109 176.0
583.961182 174.0
584.148254 179.0
584.335388 177.0
584.522461 170.0
584.709534 177.0
584.896667 180.0
585.08374 173.0
585.270813 179.0
585.457947 175.0
585.64502 172.0
585.832153 175.0
586.019226 171.0
586.20636 166.0
586.393433 178.0
586.580566 175.0
586.767639 171.0
586.954712 173.0
587.141846 181.0
587.328979 172.0
587.516052 175.0
587.703186 175.0
587.89032 176.0
588.077454 177.0
588.264587 176.0
588.451721 175.0
588.638733 176.0
588.825867 178.0
589.013 171.0
589.200134 180.0
589.387268 173.0
589.574402 175.0
589.761536 174.0
589.948669 176.0
590.135864 175.0
590.322998 175.0
590.510132 176.0
590.697266 172.0
590.884399 178.0
591.071533 176.0
591.258728 170.0
591.445862 179.0
591.632935 169.0
591.82019 175.0
592.007263 177.0
592.194397 172.0
592.381592 169.0
592.568726 180.0
592.75592 172.0
592.943054 176.0
593.130249 176.0
593.317322 183.0
593.504517 172.0
593.691711 174.0
593.878845 177.0
594.06604 174.0
594.253235 174.0
594.440369 176.0
594.627563 174.0
594.814758 178.0
595.001953 176.0
595.189087 172.0
595.376282 175.0
595.563477 176.0
595.750671 172.0
595.937866 179.0
596.125061 176.0
596.312256 171.0
596.499451 177.0
596.686646 173.0
596.873779 173.0
597.060974 178.0
597.248169 176.0
597.435364 173.0
597.622559 172.0
597.809753 177.0
597.997009 169.0
598.184143 176.0
598.371338 176.0
598.558533 172.0
598.745789 183.0
598.932983 177.0
599.120178 171.0
599.307434 179.0
599.494629 172.0
599.681885 176.0
599.86908 178.0
600.056335 177.0
600.24353 172.0
600.430786 176.0
600.617981 170.0
600.805237 170.0
600.992432 180.0
601.179687 181.0
601.366943 169.0
601.554138 181.0
601.741333 171.0
601.928589 169.0
602.115845 172.0
602.30304 183.0
602.490295 170.0
602.677551 175.0
602.864807 176.0
603.052002 170.0
603.239258 176.0
603.426514 181.0
603.61377 176.0
603.801025 179.0
603.988281 179.0
604.175537 173.0
604.362793 180.0
604.550049 179.0
604.737305 167.0
604.924561 173.0
605.111816 178.0
605.299072 175.0
605.486389 179.0
605.673645 172.0
605.860901 171.0
606.048157 177.0
606.235474 173.0
606.422729 174.0
606.609924 177.0
606.797241 173.0
606.984497 173.0
607.171814 176.0
607.35907 177.0
607.546387 173.0
607.733643 176.0
607.920898 173.0
608.108154 165.0
608.295471 177.0
608.482727 178.0
608.670044 174.0
608.857361 179.0
609.044617 174.0
609.231934 175.0
609.41925 182.0
609.606567 175.0
609.793823 170.0
609.98114 175.0
610.168457 180.0
610.355774 170.0
610.543091 176.0
610.730408 180.0
610.917725 172.0
611.105042 176.0
611.292358 177.0
611.479614 173.0
611.666931 179.0
611.854248 176.0
612.041565 175.0
612.228882 179.0
612.416199 173.0
612.603516 175.0
612.790771 179.0
612.978088 172.0
613.165466 176.0
613.352783 177.0
613.5401 180.0
613.727417 174.0
613.914795 179.0
614.102112 176.0
614.28949 173.0
614.476807 178.0
614.664124 177.0
614.851501 174.0
615.038818 181.0
615.226196 182.0
615.413513 182.0
615.600891 190.0
615.788208 178.0
615.975586 174.0
616.162903 178.0
616.35022 176.0
616.537598 172.0
616.724915 175.0
616.912292 174.0
617.09967 172.0
617.287048 185.0
617.474365 179.0
617.661682 170.0
617.84906 179.0
618.036438 178.0
618.223816 167.0
618.411194 178.0
618.598511 174.0
618.785889 171.0
618.973267 177.0
619.160645 182.0
619.348022 171.0
619.5354 178.0
619.722778 175.0
619.910156 175.0
620.097595 180.0
620.284973 173.0
620.472351 168.0
620.659729 176.0
620.847107 174.0
621.034485 171.0
621.221863 174.0
621.409241 172.0
621.596619 172.0
621.783997 176.0
621.971436 175.0
622.158813 174.0
622.346252 176.0
622.533569 179.0
622.720947 177.0
622.908386 176.0
623.095764 178.0
623.283203 170.0
623.470581 175.0
623.65802 179.0
623.845398 172.0
624.032837 178.0
624.220276 173.0
624.407654 168.0
624.595093 181.0
624.782471 176.0
624.96991 170.0
625.157349 181.0
625.344788 171.0
625.532166 173.0
625.719604 182.0
625.907043 179.0
626.094421 168.0
626.28186 183.0
626.469299 172.0
626.656677 169.0
626.844116 176.0
627.031555 179.0
627.218994 170.0
627.406372 173.0
627.593811 176.0
627.78125 171.0
627.968689 177.0
628.156128 178.0
628.343628 180.0
628.531067 181.0
628.718506 176.0
628.905945 170.0
629.093384 177.0
629.280823 177.0
629.468323 177.0
629.655762 184.0
629.843201 174.0
630.030701 171.0
630.21814 173.0
630.405579 177.0
630.593079 170.0
630.780518 174.0
630.967896 172.0
631.155396 171.0
631.342834 178.0
631.530334 178.0
631.717773 174.0
631.905273 181.0
632.092712 175.0
632.280151 174.0
632.46759 180.0
632.65509 177.0
632.84259 170.0
633.030029 176.0
633.217529 174.0
633.405029 170.0
633.592529 177.0
633.779968 174.0
633.967468 169.0
634.154968 177.0
634.342468 172.0
634.529907 177.0
634.717407 179.0
634.904907 181.0
635.092407 172.0
635.279907 179.0
635.467407 178.0
635.654907 167.0
635.842346 178.0
636.029846 177.0
636.217346 174.0
636.404846 174.0
636.592346 174.0
636.779846 173.0
636.967346 177.0
637.154785 177.0
637.342346 170.0
637.529846 176.0
637.717346 177.0
637.904846 171.0
638.092346 175.0
638.279907 174.0
638.467407 176.0
638.654907 177.0
638.842468 176.0
639.029968 171.0
639.217468 179.0
639.405029 175.0
639.592529 171.0
639.78009 174.0
639.96759 175.0
640.15509 172.0
640.342651 178.0
640.530151 177.0
640.717651 173.0
640.905212 176.0
641.092712 178.0
641.280273 174.0
641.467773 181.0
641.655334 177.0
641.842896 174.0
642.030334 179.0
642.217896 172.0
642.405457 176.0
642.593018 176.0
642.780518 174.0
642.968079 169.0
643.15564 178.0
643.343201 177.0
643.530762 169.0
643.718323 174.0
643.905823 172.0
644.093384 169.0
644.280945 177.0
644.468506 174.0
644.656067 172.0
644.843628 180.0
645.031189 176.0
645.21875 171.0
645.406311 184.0
645.593811 178.0
645.781433 170.0
645.968994 181.0
646.156555 176.0
646.344116 173.0
646.531677 176.0
646.719238 172.0
646.906799 171.0
647.09436 172.0
647.281921 177.0
647.469482 169.0
647.657104 174.0
647.844666 180.0
648.032227 172.0
648.219849 181.0
648.40741 179.0
648.594971 173.0
648.782593 178.0
648.970154 176.0
649.157776 171.0
649.345337 178.0
649.532959 178.0
649.72052 169.0
649.908142 181.0
650.095703 174.0
650.283325 177.0
650.470886 176.0
650.658447 176.0
650.846069 178.0
651.033691 179.0
651.221252 173.0
651.408875 173.0
651.596497 180.0
651.784058 174.0
651.971619 173.0
652.159241 179.0
652.346863 173.0
652.534485 176.0
652.722107 176.0
652.909668 175.0
653.09729 166.0
653.284912 178.0
653.472534 175.0
653.660156 173.0
653.847778 177.0
654.0354 179.0
654.223022 175.0
654.410645 181.0
654.598267 178.0
654.785889 175.0
654.973511 183.0
655.161133 179.0
655.348755 175.0
655.536377 175.0
655.723999 177.0
655.911621 172.0
656.099243 180.0
656.286865 173.0
656.474548 171.0
656.662109 177.0
656.849731 177.0
657.037415 178.0
657.225037 180.0
657.412659 174.0
657.600342 177.0
657.787964 176.0
657.975586 179.0
658.163269 173.0
658.350891 181.0
658.538574 177.0
658.726196 173.0
658.913879 180.0
659.101501 175.0
659.289185 176.0
659.476807 183.0
659.66449 171.0
659.852112 173.0
660.039795 184.0
660.227417 174.0
660.415039 177.0
660.602722 185.0
660.790405 175.0
660.978027 172.0
661.16571 178.0
661.353394 178.0
661.541016 169.0
661.728638 178.0
661.916321 176.0
662.104004 169.0
662.291687 179.0
662.47937 177.0
662.666992 171.0
662.854675 182.0
663.042358 173.0
663.230042 171.0
663.417725 180.0
663.605408 178.0
663.793091 172.0
663.980774 174.0
664.168457 176.0
664.35614 172.0
664.543823 176.0
664.731506 177.0
664.919189 178.0
665.106812 178.0
665.294556 171.0
665.482239 172.0
665.669922 176.0
665.857605 174.0
666.045288 170.0
666.233032 173.0
666.420654 175.0
666.608337 170.0
666.796021 181.0
666.983765 175.0
667.171448 173.0
667.359131 179.0
667.546875 179.0
667.734558 172.0
667.922241 180.0
668.109985 176.0
668.297668 173.0
668.485413 179.0
668.673096 172.0
668.86084 170.0
669.048523 176.0
669.236267 174.0
669.42395 175.0
669.611694 182.0
669.799377 176.0
669.987061 174.0
670.174744 175.0
670.362488 172.0
670.550232 170.0
670.737915 182.0
670.925659 177.0
671.113403 172.0
671.301025 178.0
671.48877 179.0
671.676514 175.0
671.864258 184.0
672.052002 173.0
672.239685 170.0
672.427429 176.0
672.615173 178.0
672.802917 173.0
672.990662 176.0
673.178406 174.0
673.366089 170.0
673.553833 176.0
673.741577 176.0
673.929321 172.0
674.117065 180.0
674.30481 178.0
674.492554 175.0
674.680298 176.0
674.867981 177.0
675.055725 172.0
675.24353 177.0
675.431274 178.0
675.619019 175.0
675.806763 177.0
675.994507 173.0
676.18219 174.0
676.369934 180.0
676.557739 175.0
676.745483 166.0
676.933228 184.0
677.120972 175.0
677.308777 170.0
677.496521 176.0
677.684265 171.0
677.87207 172.0
678.059814 180.0
678.247559 178.0
678.435364 172.0
678.623108 180.0
678.810852 175.0
678.998657 170.0
679.186401 176.0
679.374207 174.0
679.561951 174.0
679.749695 180.0
679.937439 176.0
680.125244 171.0
680.312988 182.0
680.500793 178.0
680.688538 166.0
680.876343 179.0
681.064087 175.0
681.251831 171.0
681.439636 176.0
681.627441 176.0
681.815186 170.0
682.002991 171.0
682.190796 177.0
682.37854 169.0
682.566345 182.0
682.75415 176.0
682.941956 171.0
683.1297 176.0
683.317505 178.0
683.50531 172.0
683.693115 180.0
683.88092 176.0
684.068726 174.0
684.256531 178.0
684.444275 177.0
684.632019 170.0
684.819824 173.0
685.007629 169.0
685.195435 167.0
685.38324 176.0
685.571045 175.0
685.75885 171.0
685.946594 180.0
686.134399 176.0
686.322205 173.0
686.510071 179.0
686.697876 174.0
686.885681 174.0
687.073486 174.0
687.261292 178.0
687.449097 172.0
687.636902 183.0
687.824768 175.0
688.012573 169.0
688.200378 175.0
688.388184 182.0
688.57605 172.0
688.763855 177.0
688.95166 173.0
689.139526 169.0
689.327332 178.0
689.515076 180.0
689.702942 171.0
689.890747 178.0
690.078552 175.0
690.266418 174.0
690.454224 175.0
690.64209 175.0
690.829834 170.0
691.0177 175.0
691.205505 175.0
691.393372 173.0
691.581177 175.0
691.769043 176.0
691.956848 172.0
692.144714 169.0
692.33252 175.0
692.520386 172.0
692.708191 173.0
692.896057 175.0
693.083923 173.0
693.271729 176.0
693.459595 173.0
693.647461 173.0
693.835266 180.0
694.023132 169.0
694.210999 172.0
694.398804 177.0
694.586609 173.0
694.774475 178.0
694.962341 177.0
695.150208 175.0
695.338074 170.0
695.52594 174.0
695.713684 178.0
695.90155 173.0
696.089417 176.0
696.277283 174.0
696.465149 165.0
696.653015 176.0
696.840881 176.0
697.028748 171.0
697.216614 182.0
697.40448 174.0
697.592346 176.0
697.780212 174.0
697.968079 174.0
698.155945 174.0
698.343811 183.0
698.531677 173.0
698.719543 170.0
698.90741 177.0
699.095276 178.0
699.283142 170.0
699.471008 176.0
699.658875 175.0
699.846741 180.0
700.034607 177.0
700.222534 178.0
700.4104 175.0
700.598206 174.0
700.786072 172.0
700.973999 171.0
701.161865 175.0
701.349731 180.0
701.537598 168.0
701.725525 176.0
701.913391 179.0
702.101257 177.0
702.289185 178.0
702.477051 170.0
702.664978 172.0
702.852844 176.0
703.040771 178.0
703.228638 174.0
703.416504 180.0
703.604431 172.0
703.792297 170.0
703.980225 175.0
704.16803 178.0
704.355957 175.0
704.543884 183.0
704.73175 172.0
704.919678 172.0
705.107544 179.0
705.295471 179.0
705.483276 169.0
705.671204 177.0
705.859131 178.0
706.046997 170.0
706.234924 177.0
706.422852 179.0
706.610779 171.0
706.798645 175.0
706.986572 178.0
707.1745 172.0
707.362366 175.0
707.550293 170.0
707.73822 168.0
707.926147 172.0
708.114075 179.0
708.301941 167.0
708.489868 174.0
708.677795 181.0
708.865723 172.0
709.053589 178.0
709.241516 174.0
709.429443 176.0
709.617371 175.0
709.805298 177.0
709.993225 171.0
710.181152 171.0
710.369019 176.0
710.556946 169.0
710.744873 181.0
710.9328 177.0
711.120728 170.0
711.308655 172.0
711.496582 173.0
711.684509 172.0
711.872437 181.0
712.060364 175.0
712.248291 166.0
712.436218 177.0
712.624146 175.0
712.812134 168.0
713.000061 180.0
713.187988 176.0
713.375916 179.0
713.563843 177.0
713.751831 175.0
713.939697 178.0
714.127625 179.0
714.315552 175.0
714.50354 166.0
714.691467 180.0
714.879395 180.0
715.067322 167.0
715.255249 176.0
715.443176 186.0
715.631165 169.0
715.819092 176.0
716.007019 176.0
716.195007 172.0
716.382935 177.0
716.570862 173.0
716.75885 174.0
716.946777 172.0
717.134766 174.0
717.322693 169.0
717.510681 172.0
717.698608 175.0
717.886597 172.0
718.074524 176.0
718.262512 174.0
718.450439 172.0
718.638428 181.0
718.826355 174.0
719.014282 172.0
719.202271 180.0
719.390198 178.0
719.578186 177.0
719.766174 175.0
719.954102 171.0
720.142029 174.0
720.330017 180.0
720.517944 176.0
720.705933 173.0
720.893921 180.0
721.081848 176.0
721.269836 171.0
721.457825 183.0
721.645813 175.0
721.83374 171.0
722.021729 178.0
722.209717 177.0
722.397705 169.0
722.585693 176.0
722.773682 172.0
722.961609 172.0
723.149597 180.0
723.337585 178.0
723.525574 170.0
723.713501 175.0
723.901489 176.0
724.089478 172.0
724.277466 177.0
724.465454 174.0
724.653442 172.0
724.841431 172.0
725.029358 183.0
725.217346 172.0
725.405334 178.0
725.593323 173.0
725.781311 173.0
725.969299 174.0
726.157288 174.0
726.345276 173.0
726.533264 177.0
726.721252 176.0
726.909241 175.0
727.097229 168.0
727.285217 173.0
727.473206 174.0
727.661255 176.0
727.849243 173.0
728.037231 171.0
728.22522 179.0
728.413208 177.0
728.601135 174.0
728.789185 176.0
728.977173 181.0
729.165161 170.0
729.353149 174.0
729.541199 177.0
729.729187 177.0
729.917114 182.0
730.105164 173.0
730.293152 171.0
730.48114 181.0
730.669189 174.0
730.857178 170.0
731.045166 176.0
731.233215 175.0
731.421204 172.0
731.609192 179.0
731.797241 178.0
731.985229 172.0
732.173279 176.0
732.361267 179.0
732.549316 170.0
732.737305 178.0
732.925293 181.0
733.113342 171.0
733.301331 176.0
733.489319 179.0
733.677307 168.0
733.865356 174.0
734.053406 177.0
734.241394 172.0
734.429443 176.0
734.617432 167.0
734.80542 172.0
734.993408 181.0
735.181458 177.0
735.369507 177.0
735.557495 179.0
735.745544 177.0
735.933594 173.0
736.121582 173.0
736.309631 173.0
736.497681 174.0
736.685669 177.0
736.873718 171.0
737.061768 173.0
737.249756 177.0
737.437805 177.0
737.625854 170.0
737.813904 181.0
738.001892 173.0
738.189941 171.0
738.37793 180.0
738.565979 172.0
738.754028 175.0
738.942017 175.0
739.130066 176.0
739.318115 174.0
739.506165 172.0
739.694153 176.0
739.882202 169.0
740.070251 180.0
740.25824 177.0
740.446289 171.0
740.634338 173.0
740.822388 179.0
741.010437 175.0
741.198486 177.0
741.386536 179.0
741.574585 170.0
741.762634 179.0
741.950684 175.0
742.138733 173.0
742.326782 175.0
742.514832 175.0
742.702881 175.0
742.89093 178.0
743.078979 179.0
743.266968 173.0
743.455017 176.0
743.643066 172.0
743.831116 174.0
744.019165 177.0
744.207275 172.0
744.395325 172.0
744.583313 174.0
744.771362 177.0
744.959412 170.0
745.147461 175.0
745.33551 173.0
745.523621 174.0
745.71167 178.0
745.899719 171.0
746.087769 173.0
746.275818 179.0
746.463928 174.0
746.651978 169.0
746.840027 181.0
747.028076 174.0
747.216187 176.0
747.404236 180.0
747.592285 178.0
747.780334 170.0
747.968445 178.0
748.156433 174.0
748.344482 170.0
748.532593 179.0
748.720642 176.0
748.908691 174.0
749.096802 180.0
749.284851 173.0
749.4729 177.0
749.66095 173.0
749.848999 177.0
750.037109 171.0
750.225159 181.0
750.413269 174.0
750.601318 167.0
750.789368 182.0
750.977478 179.0
751.165527 171.0
751.353638 173.0
751.541687 173.0
751.729797 170.0
751.917847 177.0
752.105957 175.0
752.294006 176.0
752.482117 178.0
752.670166 173.0
752.858276 170.0
753.046265 176.0
753.234375 178.0
753.422485 174.0
753.610535 179.0
753.798645 177.0
753.986694 175.0
754.174805 171.0
754.362854 175.0
754.550903 175.0
754.739014 180.0
754.927124 177.0
755.115173 172.0
755.303284 176.0
755.491394 171.0
755.679443 168.0
755.867554 177.0
756.055664 180.0
756.243713 175.0
756.431824 178.0
756.619934 174.0
756.807983 169.0
756.996094 179.0
757.184204 171.0
757.372314 165.0
757.560364 182.0
757.748474 177.0
757.936523 170.0
758.124634 177.0
758.312744 177.0
758.500793 173.0
758.688904 177.0
758.877014 169.0
759.065125 172.0
759.253174 185.0
759.441284 175.0
759.629333 173.0
759.817444 179.0
760.005554 175.0
760.193665 174.0
760.381775 176.0
760.569885 177.0
760.757996 172.0
760.946106 177.0
761.134216 174.0
761.322327 174.0
761.510437 177.0
761.698486 174.0
761.886597 175.0
762.074707 174.0
762.262817 181.0
762.450928 170.0
762.639038 175.0
762.827087 173.0
763.015198 169.0
763.203308 178.0
763.391418 172.0
763.579529 173.0
763.767639 174.0
763.95575 173.0
764.14386 173.0
764.33197 177.0
764.520081 177.0
764.708191 172.0
764.896301 178.0
765.084412 175.0
765.272522 176.0
765.460632 177.0
765.648743 174.0
765.836853 171.0
766.024963 179.0
766.213135 170.0
766.401245 170.0
766.589355 181.0
766.777466 177.0
766.965576 171.0
767.153687 174.0
767.341858 175.0
767.529968 171.0
767.718018 175.0
767.906128 175.0
768.094238 171.0
768.28241 181.0
768.47052 173.0
768.65863 172.0
768.846741 177.0
769.034851 180.0
769.222961 170.0
769.411072 179.0
769.599182 179.0
769.787354 173.0
769.975464 177.0
770.163574 172.0
770.351746 170.0
770.539856 178.0
770.727966 177.0
770.916138 170.0
771.104248 173.0
771.292358 180.0
771.48053 169.0
771.66864 174.0
771.85675 172.0
772.044922 172.0
772.233032 175.0
772.421143 179.0
772.609253 174.0
772.797363 177.0
772.985535 175.0
773.173645 173.0
773.361755 181.0
773.549927 174.0
773.738037 171.0
773.926147 177.0
774.114258 177.0
774.302429 170.0
774.49054 173.0
774.67865 176.0
774.866821 175.0
775.054932 183.0
775.243103 173.0
775.431213 176.0
775.619385 182.0
775.807495 177.0
775.995667 178.0
776.183777 195.0
776.371948 224.0
776.560059 324.0
776.74823 419.0
776.93634 463.0
777.124512 429.0
777.312683 386.0
777.500732 306.0
777.688904 246.0
777.877014 208.0
778.065186 192.0
778.253296 185.0
778.441467 185.0
778.629639 180.0
778.817688 183.0
779.005859 180.0
779.19397 181.0
779.382141 174.0
779.570312 176.0
779.758423 176.0
779.946594 172.0
780.134766 181.0
780.322876 177.0
780.511047 171.0
780.699219 175.0
780.887329 176.0
781.0755 173.0
781.263672 182.0
781.451782 175.0
781.639954 174.0
781.828125 180.0
782.016235 176.0
782.204407 173.0
782.392517 182.0
782.580688 177.0
782.768799 176.0
782.95697 178.0
783.145142 173.0
783.333313 170.0
783.521423 176.0
783.709534 172.0
783.897705 171.0
784.085876 180.0
784.273987 176.0
784.462158 168.0
784.65033 176.0
784.838501 175.0
785.026672 171.0
785.214783 180.0
785.402954 181.0
785.591125 176.0
785.779297 173.0
785.967468 175.0
786.155579 172.0
786.34375 178.0
786.531921 176.0
786.720093 168.0
786.908264 176.0
787.096436 172.0
787.284546 175.0
787.472656 175.0
787.660828 174.0
787.848999 170.0
788.03717 173.0
788.225342 168.0
788.413513 178.0
788.601624 181.0
788.789795 180.0
788.977966 172.0
789.166138 179.0
789.354248 175.0
789.542419 166.0
789.730591 179.0
789.918762 170.0
790.106934 171.0
790.295105 179.0
790.483276 174.0
790.671448 167.0
790.859619 180.0
791.047791 170.0
791.235962 168.0
791.424133 176.0
791.612305 172.0
791.800476 171.0
791.988647 178.0
792.176758 174.0
792.364929 170.0
792.553101 176.0
792.741272 175.0
792.929443 171.0
793.117615 178.0
793.305786 175.0
793.493896 172.0
793.682068 180.0
793.870239 176.0
794.058411 167.0
794.246582 176.0
794.434753 175.0
794.622925 170.0
794.811096 172.0
794.999329 174.0
795.1875 168.0
795.375671 175.0
795.563843 173.0
795.752014 173.0
795.940186 171.0
796.128357 175.0
796.316528 170.0
796.5047 180.0
796.692871 174.0
796.881042 176.0
797.069214 180.0
797.257385 172.0
797.445557 172.0
797.633728 175.0
797.821899 172.0
798.010071 168.0
798.198242 175.0
798.386414 174.0
798.574585 174.0
798.762756 177.0
798.950928 176.0
799.139099 175.0
799.327271 175.0
799.515442 173.0
799.703674 171.0
799.891846 184.0
800.080017 174.0
800.268188 174.0
800.45636 179.0
800.644592 174.0
800.832764 168.0
801.020935 178.0
801.209106 177.0
801.397278 169.0
801.58551 173.0
801.773682 178.0
801.961792 172.0
802.149963 182.0
802.338196 175.0
802.526367 170.0
802.714539 179.0
802.90271 172.0
803.090942 165.0
803.279053 177.0
803.467224 177.0
803.655396 170.0
803.843628 178.0
804.031799 174.0
804.219971 174.0
804.408142 176.0
804.596375 176.0
804.784546 179.0
804.972717 175.0
805.160889 176.0
805.349121 172.0
805.537292 174.0
805.725464 175.0
805.913696 174.0
806.101868 175.0
806.290039 172.0
806.478271 169.0
806.666443 173.0
806.854553 174.0
807.042725 172.0
807.230957 177.0
807.419128 178.0
807.6073 167.0
807.795532 182.0
807.983704 172.0
808.171814 168.0
808.360046 180.0
808.548218 173.0
808.73645 167.0
808.924622 180.0
809.112793 174.0
809.301025 168.0
809.489197 178.0
809.677368 171.0
809.865601 167.0
810.053772 178.0
810.241943 174.0
810.430176 170.0
810.618347 174.0
810.80658 172.0
810.994751 171.0
811.182922 180.0
811.371155 175.0
811.559326 169.0
811.747437 176.0
811.935669 174.0
812.12384 164.0
812.312073 173.0
812.500244 171.0
812.688416 173.0
812.876648 172.0
813.064758 177.0
813.252991 170.0
813.441162 177.0
813.629395 175.0
813.817566 173.0
814.005737 175.0
814.19397 174.0
814.382141 172.0
814.570374 174.0
814.758545 174.0
814.946777 175.0
815.134949 176.0
815.32312 176.0
815.511353 169.0
815.699524 181.0
815.887756 169.0
816.075928 168.0
816.26416 178.0
816.452332 174.0
816.640503 170.0
816.828674 179.0
817.016907 174.0
817.205078 176.0
817.39325 179.0
817.581482 171.0
817.769653 168.0
817.957825 176.0
818.145996 170.0
818.334229 170.0
818.5224 177.0
818.710632 178.0
818.898804 170.0
819.087036 174.0
819.275208 176.0
819.46344 168.0
819.651611 183.0
819.839844 175.0
820.028015 172.0
820.216248 178.0
820.404419 173.0
820.592651 171.0
820.780823 176.0
820.969055 180.0
821.157227 169.0
821.345459 180.0
821.533569 174.0
821.721802 172.0
821.909973 176.0
822.098206 177.0
822.286377 173.0
822.474609 178.0
822.662781 175.0
822.850952 170.0
823.039124 176.0
823.227356 177.0
823.415527 175.0
823.60376 175.0
823.791931 172.0
823.980164 177.0
824.168396 179.0
824.356567 170.0
824.5448 173.0
824.732971 182.0
824.921204 171.0
825.109375 174.0
825.297607 186.0
825.485779 170.0
825.674011 172.0
825.862183 178.0
826.050415 175.0
826.238586 172.0
826.426758 180.0
826.61499 174.0
826.803162 170.0
826.991394 177.0
827.179565 179.0
827.367798 169.0
827.555969 176.0
827.744141 179.0
827.932312 172.0
828.120544 176.0
828.308777 171.0
828.496948 174.0
828.685181 174.0
828.873352 168.0
829.061584 164.0
829.249756 176.0
829.437988 176.0
829.62616 169.0
829.814392 174.0
830.002625 176.0
830.190796 168.0
830.379028 178.0
830.5672 170.0
830.755432 171.0
830.943604 176.0
831.131836 174.0
831.320007 170.0
831.508179 177.0
831.696411 171.0
831.884583 170.0
832.072815 179.0
832.260986 173.0
832.449219 172.0
832.63739 181.0
832.825562 177.0
833.013794 170.0
833.201965 178.0
833.390198 176.0
833.578369 172.0
833.766602 177.0
833.954834 175.0
834.143005 170.0
834.331238 180.0
834.519409 176.0
834.707642 172.0
834.895874 175.0
835.084045 173.0
835.272278 170.0
835.460449 175.0
835.648682 176.0
835.836853 168.0
836.025085 184.0
836.213257 180.0
836.401428 167.0
836.589661 176.0
836.777832 176.0
836.966064 170.0
837.154236 178.0
837.342468 174.0
837.53064 171.0
837.718811 178.0
837.907043 181.0
838.095215 173.0
838.283447 174.0
838.47168 181.0
838.659851 169.0
838.848083 176.0
839.036255 175.0
839.224487 178.0
839.412659 180.0
839.600891 176.0
839.789124 177.0
839.977295 177.0
840.165527 172.0
840.353699 171.0
840.541931 175.0
840.730103 170.0
840.918335 173.0
841.106506 173.0
841.294678 169.0
841.48291 172.0
841.671082 175.0
841.859314 174.0
842.047546 167.0
842.235718 181.0
842.423889 171.0
842.612061 173.0
842.800293 171.0
842.988464 175.0
843.176697 175.0
843.364929 182.0
843.553101 187.0
843.741333 235.0
843.929504 284.0
844.117737 270.0
844.305908 272.0
844.494141 279.0
844.682312 268.0
844.870544 230.0
845.058777 221.0
845.246948 196.0
845.435181 182.0
845.623352 178.0
845.811584 180.0
845.999695 175.0
846.187927 187.0
846.37616 175.0
846.564331 174.0
846.752563 175.0
846.940735 178.0
847.128967 171.0
847.317078 177.0
847.50531 170.0
847.693481 175.0
847.881714 176.0
848.069946 174.0
848.258118 171.0
848.44635 179.0
848.634521 174.0
848.822754 166.0
849.010925 175.0
849.199158 174.0
849.387329 171.0
849.575562 183.0
849.763733 177.0
849.951965 174.0
850.140137 178.0
850.328369 172.0
850.516602 171.0
850.704773 177.0
850.892944 176.0
851.081116 174.0
851.269348 173.0
851.45752 167.0
851.645752 172.0
851.833923 175.0
852.022156 174.0
852.210266 173.0
852.398499 177.0
852.58667 175.0
852.774902 173.0
852.963074 177.0
853.151306 175.0
853.339478 171.0
853.52771 174.0
853.715881 177.0
853.904114 172.0
854.092285 179.0
854.280518 179.0
854.468689 171.0
854.656921 177.0
854.845093 177.0
855.033325 170.0
855.221497 177.0
855.409729 182.0
855.5979 171.0
855.786133 177.0
855.974304 175.0
856.162537 170.0
856.350708 174.0
856.538818 175.0
856.72699 173.0
856.915222 178.0
857.103394 176.0
857.291626 173.0
857.479797 176.0
857.667969 172.0
857.856201 169.0
858.044373 182.0
858.232605 174.0
858.420776 172.0
858.609009 180.0
858.79718 168.0
858.985413 176.0
859.173584 180.0
859.361816 173.0
859.549988 174.0
859.738159 182.0
859.926392 174.0
860.114563 174.0
860.302795 178.0
860.490967 174.0
860.679199 172.0
860.867371 178.0
861.055542 172.0
861.243774 173.0
861.431824 176.0
861.620056 168.0
861.808228 171.0
861.996399 178.0
862.184631 180.0
862.372803 176.0
862.561035 175.0
862.749207 176.0
862.937378 168.0
863.12561 180.0
863.313782 174.0
863.502014 172.0
863.690186 175.0
863.878357 173.0
864.066589 173.0
864.254761 177.0
864.442993 177.0
864.631165 174.0
864.819336 175.0
865.007568 180.0
865.19574 172.0
865.383911 178.0
865.572144 170.0
865.760315 172.0
865.948486 178.0
866.136719 173.0
866.324768 174.0
866.512939 176.0
866.701172 179.0
866.889343 173.0
867.077515 180.0
867.265747 176.0
867.453918 171.0
867.64209 178.0
867.830322 173.0
868.018494 173.0
868.206665 181.0
868.394897 175.0
868.583069 172.0
868.77124 176.0
868.959473 175.0
869.147644 172.0
869.335815 176.0
869.523987 176.0
869.712219 172.0
869.900391 180.0
870.088562 180.0
870.276733 170.0
870.464966 177.0
870.653137 177.0
870.841309 168.0
871.029541 181.0
871.21759 176.0
871.405762 170.0
871.593933 179.0
871.782166 172.0
871.970337 171.0
872.158508 181.0
872.34668 174.0
872.534851 175.0
872.723083 177.0
872.911255 180.0
873.099426 167.0
873.287598 176.0
873.47583 175.0
873.664001 171.0
873.852173 183.0
874.040344 175.0
874.228516 174.0
874.416748 175.0
874.604919 177.0
874.793091 179.0
874.981262 178.0
875.169434 177.0
875.357605 170.0
875.545837 180.0
875.734009 172.0
875.92218 177.0
876.110229 179.0
876.298401 180.0
876.486572 176.0
876.674805 175.0
876.862976 174.0
877.051147 171.0
877.239319 179.0
877.42749 173.0
877.615662 172.0
877.803833 178.0
877.992004 175.0
878.180176 174.0
878.368408 178.0
878.55658 172.0
878.744751 173.0
878.932922 182.0
879.121094 174.0
879.309265 168.0
879.497437 179.0
879.685608 177.0
879.873779 173.0
880.061951 178.0
880.250122 176.0
880.438293 175.0
880.626465 179.0
880.814636 175.0
881.002747 167.0
881.190918 176.0
881.379089 174.0
881.567261 175.0
881.755432 178.0
881.943604 177.0
882.131775 172.0
882.319946 175.0
882.508118 174.0
882.696289 174.0
882.88446 179.0
883.072632 175.0
883.260803 170.0
883.448975 173.0
883.637146 179.0
883.825317 177.0
884.013428 177.0
884.201599 177.0
884.389771 171.0
884.577942 178.0
884.766113 172.0
884.954285 172.0
885.142456 180.0
885.330627 179.0
885.518799 171.0
885.70697 183.0
885.89502 172.0
886.083191 172.0
886.271362 176.0
886.459534 178.0
886.647644 174.0
886.835815 180.0
887.023987 173.0
887.212158 173.0
887.40033 178.0
887.588501 171.0
887.776672 169.0
887.964783 174.0
888.152954 173.0
888.341125 169.0
888.529297 176.0
888.717468 174.0
888.90564 169.0
889.09375 172.0
889.281921 175.0
889.470093 170.0
889.658264 173.0
889.846436 172.0
890.034546 169.0
890.222717 183.0
890.410889 176.0
890.59906 173.0
890.787109 177.0
890.97522 173.0
891.163391 172.0
891.351562 178.0
891.539734 175.0
891.727844 173.0
891.916016 175.0
892.104187 176.0
892.292358 169.0
892.480469 177.0
892.66864 175.0
892.856812 176.0
893.044922 182.0
893.233093 169.0
893.421265 170.0
893.609375 180.0
893.797546 173.0
893.985718 173.0
894.173828 178.0
894.362 176.0
894.550171 171.0
894.738281 177.0
894.926453 176.0
895.114624 173.0
895.302734 180.0
895.490906 175.0
895.678894 172.0
895.867065 180.0
896.055237 174.0
896.243347 174.0
896.431519 175.0
896.619629 172.0
896.8078 175.0
896.995972 182.0
897.184082 178.0
897.372253 169.0
897.560364 178.0
897.748535 180.0
897.936646 170.0
898.124817 180.0
898.312927 179.0
898.501099 173.0
898.689209 178.0
898.87738 178.0
899.065491 171.0
899.253662 167.0
899.441772 175.0
899.629944 171.0
899.818054 175.0
900.006226 173.0
900.194336 171.0
900.382507 171.0
900.570496 177.0
900.758667 176.0
900.946777 178.0
901.134888 177.0
901.323059 168.0
901.511169 178.0
901.699341 177.0
901.887451 173.0
902.075562 173.0
902.263733 177.0
902.451843 169.0
902.640015 176.0
902.828125 178.0
903.016235 171.0
903.204407 178.0
903.392517 174.0
903.580627 173.0
903.768799 179.0
903.956909 178.0
904.14502 175.0
904.33313 179.0
904.521301 174.0
904.709412 170.0
904.897522 180.0
905.085693 177.0
905.273804 171.0
905.461792 174.0
905.649902 175.0
905.838074 170.0
906.026184 178.0
906.214294 179.0
906.402405 173.0
906.590576 180.0
906.778687 173.0
906.966797 169.0
907.154907 178.0
907.343018 184.0
907.531189 168.0
907.719299 176.0
907.90741 179.0
908.09552 173.0
908.28363 180.0
908.471741 179.0
908.659851 171.0
908.848022 174.0
909.036133 176.0
909.224243 172.0
909.412354 179.0
909.600464 171.0
909.788574 173.0
909.976685 180.0
910.164795 176.0
910.352783 174.0
910.540894 178.0
910.729004 174.0
910.917114 174.0
911.105225 179.0
911.293335 172.0
911.481445 169.0
911.669556 175.0
911.857666 175.0
912.045776 171.0
912.233887 174.0
912.421997 174.0
912.610107 173.0
912.798218 181.0
912.986328 177.0
913.174438 174.0
913.362549 186.0
913.550659 176.0
913.73877 172.0
913.92688 179.0
914.11499 172.0
914.303101 170.0
914.491211 176.0
914.679321 178.0
914.867371 167.0
915.055481 183.0
915.243469 176.0
915.43158 173.0
915.61969 179.0
915.8078 178.0
915.99585 173.0
916.18396 176.0
916.37207 176.0
916.560181 174.0
916.748291 173.0
916.93634 181.0
917.124451 174.0
917.312561 180.0
917.500671 181.0
917.688721 172.0
917.876831 178.0
918.064941 174.0
918.253052 171.0
918.441101 178.0
918.629211 178.0
918.817322 176.0
919.005371 178.0
919.193481 172.0
919.381592 170.0
919.569641 175.0
919.757751 168.0
919.945862 174.0
920.133789 176.0
920.321899 188.0
920.509949 170.0
920.698059 179.0
920.886169 177.0
921.074219 173.0
921.262329 179.0
921.450378 174.0
921.638489 170.0
921.826538 180.0
922.014648 171.0
922.202759 171.0
922.390808 174.0
922.578918 171.0
922.766968 169.0
922.955078 178.0
923.143127 184.0
923.331238 172.0
923.519287 177.0
923.707336 184.0
923.895447 170.0
924.083496 178.0
924.271606 175.0
924.459656 174.0
924.647766 179.0
924.835815 177.0
925.023743 175.0
925.211853 181.0
925.399902 179.0
925.588013 176.0
925.776062 186.0
925.964111 183.0
926.152222 174.0
926.340271 183.0
926.52832 177.0
926.71637 180.0
926.90448 183.0
927.092529 177.0
927.280579 177.0
927.468689 183.0
927.656738 176.0
927.844788 168.0
928.032837 180.0
928.220947 173.0
928.408997 174.0
928.597046 175.0
928.785095 178.0
928.973145 171.0
929.161255 174.0
929.349304 174.0
929.537354 175.0
929.725403 181.0
929.91333 176.0
930.101379 174.0
930.289429 180.0
930.477539 172.0
930.665588 174.0
930.853638 179.0
931.041687 171.0
931.229736 172.0
931.417786 177.0
931.605835 175.0
931.793884 171.0
931.981934 178.0
932.169983 176.0
932.358032 172.0
932.546082 176.0
932.734131 174.0
932.92218 173.0
933.110229 180.0
933.298279 176.0
933.486328 167.0
933.674377 179.0
933.862427 173.0
934.050476 169.0
934.238525 178.0
934.426575 177.0
934.614563 173.0
934.80249 175.0
934.99054 180.0
935.178589 174.0
935.366638 178.0
935.554687 174.0
935.742676 172.0
935.930725 176.0
936.118774 181.0
936.306824 176.0
936.494873 175.0
936.682861 173.0
936.870911 174.0
937.05896 179.0
937.247009 176.0
937.434998 172.0
937.623047 177.0
937.811096 174.0
937.999146 172.0
938.187134 176.0
938.375183 172.0
938.563232 169.0
938.751221 178.0
938.93927 178.0
939.127258 177.0
939.315308 179.0
939.503357 182.0
939.691223 170.0
939.879272 175.0
940.067261 177.0
940.25531 169.0
940.443359 174.0
940.631348 180.0
940.819397 172.0
941.007385 176.0
941.195435 177.0
941.383423 171.0
941.571472 180.0
941.75946 181.0
941.94751 176.0
942.135498 178.0
942.323486 177.0
942.511536 169.0
942.699524 175.0
942.887573 175.0
943.075562 172.0
943.26355 175.0
943.451599 175.0
943.639587 172.0
943.827637 175.0
944.015625 178.0
944.203613 172.0
944.391663 175.0
944.579529 169.0
944.767517 173.0
944.955505 177.0
945.143555 182.0
945.331543 172.0
945.519531 177.0
945.70752 174.0
945.895569 172.0
946.083557 183.0
946.271545 175.0
946.459534 174.0
946.647522 179.0
946.835571 173.0
947.02356 172.0
947.211548 177.0
947.399536 176.0
947.587524 172.0
947.775513 173.0
947.963501 175.0
948.151489 176.0
948.339478 173.0
948.527527 175.0
948.715515 166.0
948.903503 180.0
949.091492 179.0
949.27948 171.0
949.467346 175.0
949.655334 175.0
949.843323 171.0
950.031311 176.0
950.219299 174.0
950.407227 166.0
950.595215 179.0
950.783203 176.0
950.971191 167.0
951.15918 177.0
951.347168 178.0
951.535156 172.0
951.723145 174.0
951.911133 175.0
952.09906 174.0
952.287048 176.0
952.475037 173.0
952.663025 174.0
952.851013 179.0
953.03894 175.0
953.226929 171.0
953.414917 176.0
953.602905 170.0
953.790833 174.0
953.978821 176.0
954.166809 171.0
954.354614 173.0
954.542603 176.0
954.730591 177.0
954.918518 170.0
955.106506 178.0
955.294495 174.0
955.482422 177.0
955.67041 178.0
955.858337 172.0
956.046326 169.0
956.234253 174.0
956.422241 178.0
956.610168 177.0
956.798157 185.0
956.986084 174.0
957.174072 167.0
957.362 177.0
957.549988 178.0
957.737915 168.0
957.925903 180.0
958.113831 173.0
958.301819 173.0
958.489746 174.0
958.677673 177.0
958.865662 172.0
959.053589 180.0
959.241455 175.0
959.429382 169.0
959.61731 180.0
959.805237 178.0
959.993225 169.0
960.181152 180.0
960.36908 178.0
960.557068 175.0
960.744995 172.0
960.932922 177.0
961.12085 170.0
961.308777 174.0
961.496765 171.0
961.684692 174.0
961.87262 179.0
962.060547 177.0
962.248474 168.0
962.436401 177.0
962.624329 174.0
962.812317 168.0
963.000244 178.0
963.188171 176.0
963.376099 178.0
963.564026 178.0
963.751953 173.0
963.93988 176.0
964.127686 179.0
964.315613 179.0
964.50354 170.0
964.691467 184.0
964.879395 175.0
965.067322 177.0
965.255249 183.0
965.443115 179.0
965.631042 172.0
965.81897 177.0
966.006897 171.0
966.194824 171.0
966.382751 178.0
966.570679 178.0
966.758545 175.0
966.946472 179.0
967.134399 176.0
967.322327 174.0
967.510193 178.0
967.69812 175.0
967.886047 170.0
968.073975 177.0
968.261841 176.0
968.449768 171.0
968.637695 172.0
968.825562 175.0
969.013367 170.0
969.201294 179.0
969.38916 176.0
969.577087 173.0
969.764954 178.0
969.952881 174.0
970.140747 172.0
970.328674 181.0
970.516602 175.0
970.704468 173.0
970.892395 174.0
971.080261 178.0
971.268188 175.0
971.456055 186.0
971.643921 170.0
971.831848 173.0
972.019714 177.0
972.207642 178.0
972.395508 175.0
972.583374 186.0
972.771301 172.0
972.959167 177.0
973.147034 179.0
973.334961 174.0
973.522827 172.0
973.710693 178.0
973.898499 179.0
974.086365 170.0
974.274231 180.0
974.462097 174.0
974.649963 171.0
974.837891 178.0
975.025757 176.0
975.213623 168.0
975.401489 173.0
975.589355 175.0
975.777222 170.0
975.965088 175.0
976.153015 178.0
976.340881 172.0
976.528748 185.0
976.716614 179.0
976.90448 169.0
977.092346 179.0
977.280212 174.0
977.468079 176.0
977.655945 177.0
977.843811 180.0
978.031677 176.0
978.219543 177.0
978.407349 179.0
978.595215 174.0
978.782959 188.0
978.970825 178.0
979.158691 172.0
979.346558 173.0
979.534424 182.0
979.722229 172.0
979.910095 180.0
980.097961 175.0
980.285828 176.0
980.473633 176.0
980.661499 169.0
980.849365 168.0
981.037231 181.0
981.225037 177.0
981.412903 172.0
981.600769 178.0
981.788574 179.0
981.97644 175.0
982.164246 180.0
982.352112 172.0
982.539978 170.0
982.727783 182.0
982.915649 172.0
983.103455 172.0
983.291321 180.0
983.479126 177.0
983.66687 173.0
983.854675 177.0
984.042542 177.0
984.230347 173.0
984.418152 178.0
984.606018 177.0
984.793823 173.0
984.981689 177.0
985.169495 171.0
985.3573 173.0
985.545166 184.0
985.732971 176.0
985.920776 176.0
986.108582 177.0
986.296448 174.0
986.484253 174.0
986.672058 180.0
986.859863 175.0
987.047668 174.0
987.235535 176.0
987.42334 180.0
987.611145 174.0
987.79895 176.0
987.986755 174.0
988.174561 171.0
988.362366 175.0
988.550049 173.0
988.737854 175.0
988.925659 177.0
989.113464 173.0
989.30127 177.0
989.489075 180.0
989.67688 179.0
989.864685 175.0
990.05249 179.0
990.240295 176.0
990.428101 172.0
990.615906 182.0
990.803711 174.0
990.991516 175.0
991.179321 181.0
991.367065 175.0
991.554871 171.0
991.742676 175.0
991.930481 176.0
992.118225 176.0
992.30603 173.0
992.493835 180.0
992.681641 172.0
992.869385 181.0
993.05719 179.0
993.244995 172.0
993.432617 179.0
993.620422 174.0
993.808167 176.0
993.995972 178.0
994.183777 175.0
994.371521 169.0
994.559326 176.0
994.74707 174.0
994.934875 172.0
995.12262 177.0
995.310425 173.0
995.498169 174.0
995.685974 175.0
995.873718 175.0
996.061462 173.0
996.249268 174.0
996.437012 179.0
996.624756 172.0
996.812561 177.0
997.000305 174.0
997.188049 171.0
997.375854 176.0
997.563599 173.0
997.751343 172.0
997.939087 177.0
998.126892 171.0
998.314514 170.0
998.502258 176.0
998.690002 171.0
998.877747 169.0
999.065491 184.0
999.253235 174.0
999.440979 169.0
999.628784 182.0
999.816528 173.0
1000.004272 169.0
1000.192017 0.0
1000.379761 0.0
1000.567505 0.0
1000.755249 0.0
1000.942993 0.0
1001.130676 0.0
1001.31842 0.0
1001.506165 0.0
1001.693909 0.0
1001.881653 0.0
1002.069397 0.0
1002.257141 0.0
1002.444824 0.0
1002.632568 0.0
1002.820312 0.0
1003.008057 0.0
1003.195679 0.0
1003.383362 0.0
1003.571106 0.0
1003.75885 0.0
1003.946533 0.0
1004.134277 0.0
1004.322021 0.0
1004.509705 0.0
1004.697449 0.0
1004.885132 0.0
1005.072876 0.0
1005.260559 0.0
1005.448303 0.0
1005.635986 0.0
1005.82373 0.0
1006.011414 0.0
1006.199158 0.0
1006.386841 0.0
1006.574585 0.0
1006.762268 0.0
1006.949951 0.0
1007.137695 0.0
1007.325378 0.0
1007.513062 0.0
1007.700806 0.0
1007.888489 0.0
1008.07605 0.0
1008.263794 0.0
1008.451477 0.0
1008.63916 0.0
1008.826843 0.0
1009.014526 0.0
1009.202271 0.0
1009.389954 0.0
1009.577637 0.0
1009.76532 0.0
1009.953003 0.0
1010.140686 0.0
1010.328369 0.0
1010.516052 0.0
1010.703735 0.0
1010.891418 0.0
1011.079102 0.0
1011.266785 0.0
1011.454468 0.0
1011.642151 0.0
1011.829834 0.0
1012.017517 0.0
1012.205139 0.0
1012.392822 0.0
1012.580505 0.0
1012.768188 0.0
1012.95575 0.0
1013.143372 0.0
1013.331055 0.0
1013.518738 0.0
1013.706421 0.0
1013.894043 0.0
1014.081726 0.0
1014.269409 0.0
1014.457031 0.0
1014.644714 0.0
1014.832336 0.0
1015.02002 0.0
1015.207703 0.0
