339.61327788 0.0
340.06583261 0.0
340.51844356 0.0
340.97111069 0.0
341.42383397 0.0
341.87661336 0.0
342.32944883 0.0
342.78234033 0.0
343.23528784 0.0
343.68829131 0.0
344.1413507 0.0
344.59446599 0.0
345.04763714 0.0
345.5008641 0.0
345.95414684 0.0
346.40748532 0.0
346.86087951 0.0
347.31432937 0.0
347.76783486 0.0
348.22139595 0.0
348.6750126 0.0
349.12868478 0.0
349.58241244 0.0
350.03619554 77.6666666667
350.49003406 284.5
350.94392796 257.0
351.3978772 257.5
351.85188173 264.0
352.30594153 256.0
352.76005657 265.666666667
353.21422679 282.0
353.66845217 249.0
354.12273266 274.0
354.57706824 256.0
355.03145886 270.0
355.48590449 274.5
355.94040509 259.666666667
356.39496062 275.0
356.84957105 257.333333333
357.30423634 263.0
357.75895646 264.0
358.21373136 247.0
358.66856102 266.333333333
359.12344538 254.5
359.57838442 263.0
360.03337811 284.0
360.48842639 254.333333333
360.94352924 268.0
361.39868662 282.0
361.8538985 238.0
362.30916483 264.333333333
362.76448558 260.0
363.21986071 262.0
363.67529018 259.666666667
364.13077397 245.5
364.58631202 271.333333333
365.04190431 258.0
365.4975508 253.0
365.95325145 275.5
366.40900623 250.333333333
366.86481509 260.0
367.32067801 275.333333333
367.77659494 245.5
368.23256584 261.0
368.68859069 262.5
369.14466944 245.666666667
369.60080206 281.5
370.05698851 261.333333333
370.51322875 251.0
370.96952275 271.333333333
371.42587047 247.0
371.88227187 269.0
372.33872691 250.333333333
372.79523557 267.0
373.2517978 267.0
373.70841357 244.5
374.16508283 266.0
374.62180556 252.0
375.07858171 247.666666667
375.53541125 276.0
375.99229415 251.0
376.44923035 272.0
376.90621984 268.0
377.36326257 237.5
377.8203585 268.0
378.2775076 257.0
378.73470984 250.333333333
379.19196516 276.5
379.64927355 266.0
380.10663495 257.5
380.56404934 261.666666667
381.02151668 238.0
381.47903693 263.333333333
381.93661005 261.5
382.394236 259.5
382.85191476 266.666666667
383.30964628 249.0
383.76743053 263.333333333
384.22526746 271.5
384.68315705 265.0
385.14109926 293.0
385.59909404 252.0
386.05714137 263.0
386.5152412 272.333333333
386.97339351 242.5
387.43159824 267.666666667
387.88985537 262.0
388.34816486 258.666666667
388.80652667 299.0
389.26494076 256.666666667
389.7234071 258.5
390.18192566 263.333333333
390.64049638 242.0
391.09911925 265.666666667
391.55779422 260.5
392.01652125 259.333333333
392.4753003 282.0
392.93413135 265.0
393.39301436 254.0
393.85194927 275.333333333
394.31093607 258.5
394.76997472 278.5
395.22906517 243.666666667
395.68820739 266.5
396.14740134 264.666666667
396.60664699 250.0
397.06594429 268.0
397.52529322 272.0
397.98469374 249.0
398.44414581 272.5
398.90364938 256.0
399.36320444 264.5
399.82281093 275.333333333
400.28246882 243.0
400.74217808 269.666666667
401.20193867 250.0
401.66175054 256.0
402.12161368 281.5
402.58152803 254.333333333
403.04149356 266.5
403.50151023 272.0
403.96157802 236.0
404.42169687 267.0
404.88186676 268.5
405.34208764 251.666666667
405.80235949 283.0
406.26268226 252.666666667
406.72305591 257.0
407.18348042 268.0
407.64395574 245.0
408.10448183 275.333333333
408.56505866 258.0
409.0256862 252.666666667
409.4863644 263.0
409.94709324 254.666666667
410.40787266 261.5
410.86870264 269.666666667
411.32958314 238.5
411.79051412 270.0
412.25149554 262.5
412.71252738 245.333333333
413.17360958 288.5
413.63474212 249.0
414.09592496 248.5
414.55715806 257.5
415.01844138 271.666666667
415.4797749 316.5
415.94115856 269.666666667
416.40259233 264.0
416.86407619 269.666666667
417.32561008 233.0
417.78719398 276.333333333
418.24882784 267.5
418.71051164 270.333333333
419.17224533 300.0
419.63402887 286.666666667
420.09586223 277.5
420.55774538 274.666666667
421.01967827 224.0
421.48166087 265.0
421.94369315 262.5
422.40577506 251.333333333
422.86790657 294.0
423.33008764 248.333333333
423.79231823 259.0
424.25459832 278.666666667
424.71692786 229.0
425.17930681 273.333333333
425.64173514 276.0
426.10421281 260.666666667
426.56673978 297.0
427.02931602 263.333333333
427.4919415 273.0
427.95461617 275.666666667
428.41733999 255.0
428.88011294 275.0
429.34293497 269.5
429.80580604 254.666666667
430.26872613 295.5
430.73169519 251.0
431.19471319 257.5
431.65778008 258.0
432.12089584 235.5
432.58406043 272.333333333
433.0472738 279.0
433.51053593 260.333333333
433.97384677 290.5
434.4372063 255.333333333
434.90061446 277.0
435.36407123 275.0
435.82757657 240.5
436.29113044 271.333333333
436.75473281 270.0
437.21838363 247.666666667
437.68208288 284.5
438.14583051 249.666666667
438.60962648 286.0
439.07347077 273.0
439.53736333 229.5
440.00130413 267.666666667
440.46529314 266.5
440.9293303 255.0
441.39341559 297.5
441.85754898 270.0
442.32173041 252.0
442.78595986 261.0
443.2502373 231.0
443.71456267 258.333333333
444.17893595 260.5
444.64335711 253.666666667
445.10782609 314.0
445.57234287 265.666666667
446.03690741 261.0
446.50151967 275.666666667
446.96617962 234.5
447.43088721 264.0
447.89564242 247.5
448.3604452 243.0
448.82529553 295.5
449.29019335 250.333333333
449.75513864 273.0
450.22013135 271.0
450.68517146 230.0
451.15025892 272.666666667
451.6153937 262.5
452.08057576 257.666666667
452.54580506 284.5
453.01108157 247.0
453.47640525 268.0
453.94177607 260.333333333
454.40719398 236.5
454.87265895 270.0
455.33817095 268.0
455.80372993 232.0
456.26933586 271.333333333
456.7349887 261.5
457.20068842 244.0
457.66643498 276.5
458.13222835 248.0
458.59806847 252.5
459.06395533 267.0
459.52988888 238.5
459.99586908 275.333333333
460.4618959 260.5
460.92796931 252.666666667
461.39408926 286.0
461.86025571 247.333333333
462.32646864 262.5
462.792728 275.333333333
463.25903377 236.0
463.72538589 273.0
464.19178433 264.0
464.65822906 252.333333333
465.12472005 291.0
465.59125725 265.0
466.05784062 258.5
466.52447013 266.333333333
466.99114575 230.5
467.45786744 271.333333333
467.92463515 262.0
468.39144886 245.333333333
468.85830852 296.5
469.3252141 252.0
469.79216557 264.0
470.25916288 271.666666667
470.726206 253.0
471.19329489 268.666666667
471.66042952 288.5
472.12760985 270.666666667
472.59483583 275.5
473.06210745 259.666666667
473.52942465 253.0
473.9967874 273.666666667
474.46419567 245.0
474.93164941 287.0
475.3991486 271.5
475.86669319 248.666666667
476.33428315 265.0
476.80191844 253.5
477.26959902 247.0
477.73732486 293.0
478.20509592 263.666666667
478.67291216 257.5
479.14077355 267.0
479.60868006 230.0
480.07663163 264.666666667
480.54462824 254.5
481.01266985 258.666666667
481.48075642 293.5
481.94888792 255.333333333
482.4170643 266.0
482.88528554 266.666666667
483.3535516 245.0
483.82186243 271.666666667
484.29021801 264.5
484.75861829 247.666666667
485.22706324 292.5
485.69555282 253.666666667
486.16408699 255.0
486.63266573 273.333333333
487.10128898 230.0
487.56995672 268.333333333
488.03866891 248.5
488.50742551 252.333333333
488.97622648 287.0
489.44507179 254.0
489.91396139 257.0
490.38289527 300.5
490.85187337 254.333333333
491.32089566 255.5
491.7899621 270.0
492.25907266 244.5
492.7282273 262.666666667
493.19742598 262.5
493.66666867 240.333333333
494.13595533 299.5
494.60528591 257.333333333
495.0746604 255.0
495.54407874 273.333333333
496.01354091 236.5
496.48304686 271.333333333
496.95259656 265.5
497.42218997 252.666666667
497.89182706 275.0
498.36150779 253.0
498.83123211 260.0
499.301 272.333333333
499.77081142 222.5
500.24066633 270.0
500.71056469 284.0
501.18050648 239.0
501.65049164 265.0
502.12052014 263.5
502.59059195 262.0
503.06070704 288.0
503.53086535 244.666666667
504.00106686 272.0
504.47131154 270.666666667
504.94159933 237.5
505.41193021 275.333333333
505.88230414 255.0
506.35272109 249.333333333
506.82318101 295.5
507.29368386 256.333333333
507.76422962 260.0
508.23481825 274.666666667
508.7054497 237.0
509.17612395 270.333333333
509.64684095 258.0
510.11760067 262.666666667
510.58840307 277.666666667
511.05924812 260.0
511.53013577 256.666666667
512.001066 296.0
512.47203875 252.666666667
512.94305401 260.0
513.41411173 261.666666667
513.88521187 244.5
514.3563544 263.333333333
514.82753927 257.5
515.29876647 249.0
515.77003593 289.0
516.24134764 255.666666667
516.71270155 256.0
517.18409763 282.0
517.65553584 226.5
518.12701614 263.666666667
518.5985385 270.0
519.07010287 239.5
519.54170923 279.0
520.01335753 250.0
520.48504774 254.0
520.95677983 293.5
521.42855375 253.333333333
521.90036946 268.0
522.37222694 265.333333333
522.84412615 235.5
523.31606704 272.333333333
523.78804958 261.5
524.26007374 251.666666667
524.73213947 301.5
525.20424675 255.0
525.67639553 261.5
526.14858578 267.333333333
526.62081745 254.333333333
527.09309052 260.0
527.56540495 268.333333333
528.0377607 246.0
528.51015773 265.666666667
528.98259601 258.5
529.4550755 248.666666667
529.92759616 287.0
530.40015795 252.0
530.87276085 261.5
531.34540481 266.666666667
531.81808979 232.5
532.29081576 267.0
532.76358269 249.5
533.23639053 260.0
533.70923924 277.666666667
534.1821288 268.5
534.65505917 251.333333333
535.1280303 296.0
535.60104217 251.333333333
536.07409473 264.5
536.54718794 267.0
537.02032178 234.5
537.4934962 263.666666667
537.96671117 255.0
538.43996665 243.666666667
538.91326261 280.5
539.386599 253.0
539.85997579 253.666666667
540.33339294 280.0
540.80685042 251.666666667
541.28034819 264.0
541.75388622 272.333333333
542.22746446 233.0
542.70108287 265.666666667
543.17474144 265.5
543.6484401 262.333333333
544.12217884 286.0
544.59595761 253.0
545.06977637 269.5
545.5436351 286.0
546.01753374 253.0
546.49147227 268.333333333
546.96545065 264.333333333
547.43946884 248.0
547.9135268 266.666666667
548.3876245 264.0
548.86176191 253.0
549.33593897 297.5
549.81015567 250.666666667
550.28441195 251.5
550.75870779 258.333333333
551.23304315 235.0
551.70741799 278.0
552.18183227 262.5
552.65628595 254.333333333
553.13077901 264.333333333
553.6053114 260.0
554.07988309 252.333333333
554.55449403 282.5
555.0291442 246.333333333
555.50383356 262.0
555.97856206 273.666666667
556.45332968 225.0
556.92813637 264.333333333
557.4029821 258.0
557.87786683 243.666666667
558.35279053 269.666666667
558.82775315 253.5
559.30275467 261.333333333
559.77779504 271.5
560.25287423 262.666666667
560.72799221 266.0
561.20314892 267.333333333
561.67834435 232.5
562.15357844 268.333333333
562.62885117 253.0
563.10416249 249.666666667
563.57951238 261.333333333
564.05490079 259.0
564.53032769 246.666666667
565.00579303 277.5
565.48129679 251.333333333
565.95683893 264.0
566.4324194 270.666666667
566.90803818 248.0
567.38369523 278.333333333
567.8593905 267.5
568.33512397 249.0
568.81089559 278.5
569.28670533 253.666666667
569.76255316 256.333333333
570.23843902 281.5
570.7143629 253.0
571.19032475 259.5
571.66632453 272.0
572.14236222 229.0
572.61843776 272.666666667
573.09455113 247.0
573.57070228 259.333333333
574.04689119 281.0
574.52311781 252.666666667
574.99938211 253.333333333
575.47568405 285.0
575.95202359 251.666666667
576.4284007 256.0
576.90481534 267.0
577.38126747 229.5
577.85775706 267.333333333
578.33428407 248.0
578.81084846 261.333333333
579.2874502 268.666666667
579.76408925 260.5
580.24076557 248.0
580.71747912 290.5
581.19422988 273.0
581.6710178 256.0
582.14784284 280.666666667
582.62470497 231.5
583.10160416 262.0
583.57854035 258.0
584.05551353 269.333333333
584.53252365 272.666666667
585.00957067 266.0
585.48665456 251.0
585.96377529 277.5
586.4409328 246.666666667
586.91812708 270.0
587.39535807 278.666666667
587.87262575 236.0
588.34993007 296.333333333
588.82727101 291.666666667
589.30464852 234.0
589.78206256 288.666666667
590.25951311 271.0
590.73700012 255.666666667
591.21452355 301.0
591.69208338 251.333333333
592.16967956 281.0
592.64731205 287.0
593.12498082 233.5
593.60268584 281.666666667
594.08042706 290.0
594.55820445 234.0
595.03601797 288.0
595.51386759 264.0
595.99175326 280.333333333
596.46967496 292.0
596.94763264 256.666666667
597.42562627 263.0
597.90365581 275.0
598.38172122 266.333333333
598.85982248 279.5
599.33795953 279.333333333
599.81613235 240.0
600.29434089 269.0
600.77258513 252.5
601.25086501 262.333333333
601.72918052 283.5
602.20753161 244.333333333
602.68591823 261.0
603.16434037 312.0
603.64279797 265.0
604.12129101 288.5
604.59981945 285.0
605.07838324 232.5
605.55698236 288.333333333
606.03561676 260.5
606.51428641 253.333333333
606.99299127 274.0
607.47173131 285.5
607.95050648 258.0
608.42931676 283.5
608.9081621 254.0
609.38704248 272.0
609.86595784 264.666666667
610.34490816 237.5
610.82389339 274.333333333
611.30291351 276.666666667
611.78196847 241.5
612.26105823 268.666666667
612.74018277 259.5
613.21934204 255.333333333
613.69853601 292.0
614.17776464 250.0
614.65702789 261.5
615.13632573 278.333333333
615.61565812 255.333333333
616.09502502 259.0
616.5744264 265.666666667
617.05386221 242.5
617.53333243 278.0
618.01283702 260.5
618.49237593 252.0
618.97194914 280.5
619.4515566 257.0
619.93119828 255.0
620.41087415 286.0
620.89058415 250.666666667
621.37032827 259.0
621.85010646 268.0
622.32991868 235.5
622.8097649 265.666666667
623.28964508 262.333333333
623.76955919 248.0
624.24950718 268.333333333
624.72948902 256.0
625.20950468 247.0
625.68955412 283.5
626.16963729 254.0
626.64975417 266.0
627.12990471 269.333333333
627.61008889 254.333333333
628.09030666 245.5
628.57055798 270.333333333
629.05084283 234.0
629.53116115 265.333333333
630.01151293 281.0
630.49189811 256.333333333
630.97231666 258.333333333
631.45276855 260.0
631.93325374 249.333333333
632.41377219 285.0
632.89432387 258.0
633.37490873 261.5
633.85552675 261.0
634.33617788 237.0
634.81686209 265.333333333
635.29757934 274.666666667
635.77832959 236.5
636.25911281 273.333333333
636.73992897 262.5
637.22077801 260.666666667
637.70165992 272.0
638.18257464 259.0
638.66352215 257.0
639.1445024 288.0
639.62551537 250.333333333
640.10656101 255.5
640.58763928 271.333333333
641.06875016 243.5
641.54989359 280.666666667
642.03106956 271.0
642.51227801 244.5
642.99351892 272.666666667
643.47479224 276.0
643.95609794 245.0
644.43743598 278.0
644.91880633 252.333333333
645.40020894 259.0
645.88164379 260.0
646.36311083 248.666666667
646.84461003 260.5
647.32614135 264.333333333
647.80770476 232.0
648.28930022 275.333333333
648.77092768 268.5
649.25258712 255.666666667
649.7342785 267.333333333
650.21600177 269.5
650.69775691 256.666666667
651.17954388 278.5
651.66136264 258.666666667
652.14321315 261.5
652.62509538 269.333333333
653.10700929 249.0
653.58895484 248.0
654.070932 270.0
654.55294072 250.0
655.03498098 278.333333333
655.51705274 252.0
655.99915595 245.666666667
656.48129059 259.333333333
656.96345661 257.0
657.44565398 250.666666667
657.92788266 278.5
658.41014262 254.666666667
658.89243382 258.5
659.37475621 267.0
659.85710978 251.333333333
660.33949447 257.5
660.82191025 281.0
661.30435708 232.5
661.78683493 275.666666667
662.26934377 253.0
662.75188354 254.333333333
663.23445423 266.666666667
663.71705578 261.0
664.19968817 252.0
664.68235136 274.5
665.1650453 253.666666667
665.64776997 248.0
666.13052532 267.333333333
666.61331133 258.333333333
667.09612794 261.0
667.57897514 283.333333333
668.06185287 237.0
668.5447611 267.333333333
669.0276998 250.0
669.51066893 257.333333333
669.99366845 267.0
670.47669833 260.0
670.95975852 251.666666667
671.442849 271.5
671.92596972 255.0
672.40912065 253.0
672.89230175 275.333333333
673.37551298 265.0
673.85875431 265.5
674.3420257 270.0
674.82532712 249.5
675.30865852 278.0
675.79201988 279.0
676.27541115 251.0
676.75883229 265.666666667
677.24228328 270.5
677.72576406 251.666666667
678.20927462 282.0
678.6928149 245.666666667
679.17638488 258.0
679.65998451 266.666666667
680.14361377 244.333333333
680.6272726 259.0
681.11096098 264.0
681.59467887 235.5
682.07842623 263.666666667
682.56220303 258.5
683.04600923 250.666666667
683.52984478 264.666666667
684.01370967 258.0
684.49760384 246.666666667
684.98152726 292.0
685.46547989 244.333333333
685.94946171 260.666666667
686.43347266 289.0
686.91751272 268.666666667
687.40158185 267.5
687.88568001 271.0
688.36980716 241.5
688.85396327 278.0
689.33814829 258.0
689.82236221 240.5
690.30660496 262.333333333
690.79087653 249.0
691.27517687 246.333333333
691.75950595 285.5
692.24386373 245.666666667
692.72825017 244.0
693.21266523 291.0
693.69710889 257.666666667
694.18158109 276.0
694.66608181 274.333333333
695.15061101 270.333333333
695.63516866 290.0
696.1197547 1212.33333333
696.60436912 1027.5
697.08901187 413.0
697.57368291 282.0
698.05838221 264.0
698.54310973 276.666666667
699.02786544 260.0
699.51264929 248.666666667
699.99746125 314.0
700.48230129 255.333333333
700.96716936 258.0
701.45206544 276.333333333
701.93698948 253.666666667
702.42194144 261.5
702.9069213 292.0
703.391929 250.0
703.87696453 269.0
704.36202783 274.666666667
704.84711888 246.5
705.33223763 277.0
705.81738405 280.5
706.30255811 860.0
706.78775976 916.0
707.27298897 364.666666667
707.7582457 265.666666667
708.24352991 288.5
708.72884158 254.666666667
709.21418065 260.0
709.6995471 278.0
710.18494089 251.666666667
710.67036198 263.5
711.15581034 273.666666667
711.64128592 224.5
712.12678869 273.666666667
712.61231862 262.5
713.09787566 244.666666667
713.58345979 287.0
714.06907095 284.0
714.55470913 346.333333333
715.04037427 316.5
715.52606635 267.0
716.01178533 247.333333333
716.49753116 283.0
716.98330382 248.0
717.46910326 253.5
717.95492946 265.0
718.44078236 226.5
718.92666194 265.333333333
719.41256816 269.666666667
719.89850098 229.5
720.38446037 264.666666667
720.87044629 276.0
721.3564587 261.333333333
721.84249756 268.666666667
722.32856284 254.0
722.8146545 242.333333333
723.30077251 288.5
723.78691682 254.0
724.27308741 272.0
724.75928423 258.333333333
725.24550724 251.333333333
725.73175642 265.5
726.21803172 266.0
726.70433311 295.5
727.19066055 532.333333333
727.677014 334.0
728.16339343 242.0
728.6497988 279.0
729.13623007 260.5
729.62268721 253.0
730.10917018 269.0
730.59567893 265.5
731.08221345 251.0
731.56877369 286.0
732.0553596 255.0
732.54197116 270.0
733.02860834 270.333333333
733.51527108 254.333333333
734.00195936 262.5
734.48867313 277.0
734.97541237 231.5
735.46217703 277.666666667
735.94896708 273.333333333
736.43578248 240.0
736.9226232 303.333333333
737.40948919 299.0
737.89638043 1027.66666667
738.38329686 1271.66666667
738.87023847 470.5
739.3572052 299.666666667
739.84419703 290.0
740.33121392 264.666666667
740.81825582 269.0
741.30532271 277.666666667
741.79241455 271.666666667
742.27953129 260.5
742.76667291 277.0
743.25383936 244.5
743.74103061 273.666666667
744.22824663 276.333333333
744.71548737 227.0
745.2027528 277.0
745.69004288 269.0
746.17735758 262.0
746.66469685 280.0
747.15206067 277.0
747.63944899 265.333333333
748.12686178 303.0
748.614299 275.666666667
749.10176061 300.0
749.58924659 450.5
750.07675688 1641.66666667
750.56429146 1063.5
751.05185028 1431.0
751.53943332 1231.0
752.02704053 507.333333333
752.51467187 310.666666667
753.00232732 250.0
753.49000683 287.666666667
753.97771036 268.5
754.46543789 261.333333333
754.95318936 274.333333333
755.44096476 258.0
755.92876403 260.0
756.41658715 313.0
756.90443407 250.0
757.39230476 253.0
757.88019918 290.5
758.3681173 273.0
758.85605908 277.5
759.34402448 275.0
759.83201346 262.666666667
760.32002599 277.0
760.80806203 288.666666667
761.29612155 264.5
761.78420451 320.0
762.27231086 367.0
762.76044058 1148.0
763.24859363 3710.0
763.73676997 3390.5
764.22496956 750.333333333
764.71319237 362.333333333
765.20143836 302.5
765.68970749 282.666666667
766.17799973 302.0
766.66631504 267.333333333
767.15465338 258.666666667
767.64301472 308.0
768.13139902 258.0
768.61980624 273.0
769.10823635 281.333333333
769.5966893 241.5
770.08516507 287.666666667
770.57366361 274.666666667
771.06218489 257.5
771.55072888 435.0
772.03929553 1716.0
772.5278848 1361.66666667
773.01649667 469.0
773.50513109 301.5
773.99378804 267.666666667
774.48246746 293.5
774.97116932 258.333333333
775.4598936 257.0
775.94864024 289.5
776.43740922 260.0
776.9262005 265.5
777.41501403 280.666666667
777.90384979 249.666666667
778.39270774 268.0
778.88158784 266.666666667
779.37049004 237.0
779.85941433 269.666666667
780.34836066 272.0
780.83732898 222.5
781.32631928 270.0
781.8153315 264.0
782.30436562 253.333333333
782.79342159 272.0
783.28249938 261.5
783.77159895 254.333333333
784.26072027 282.0
784.74986329 254.0
785.23902799 257.333333333
785.72821432 297.0
786.21742225 241.666666667
786.70665174 265.5
787.19590276 269.0
787.68517526 250.666666667
788.17446922 249.0
788.66378459 280.333333333
789.15312133 237.5
789.64247942 274.666666667
790.13185881 272.0
790.62125947 240.0
791.11068135 274.333333333
791.60012443 259.5
792.08958867 257.0
792.57907402 271.333333333
793.06858046 271.5
793.55810795 278.333333333
794.04765644 515.5
794.53722591 1362.66666667
795.02681631 894.0
795.51642762 405.0
796.00605978 288.0
796.49571277 282.5
796.98538655 285.666666667
797.47508108 258.666666667
797.96479632 262.0
798.45453224 276.333333333
798.94428881 245.5
799.43406597 296.333333333
799.92386371 632.666666667
800.41368198 860.0
800.90352074 1365.33333333
801.39337996 1403.5
801.8832596 752.0
802.37315962 348.333333333
802.86307999 295.5
803.35302067 263.0
803.84298163 289.5
804.33296282 268.333333333
804.82296421 269.0
805.31298576 299.5
805.80302744 260.0
806.29308921 264.333333333
806.78317103 285.0
807.27327287 275.666666667
807.76339468 282.0
808.25353644 285.0
808.74369811 289.666666667
809.23387964 335.0
809.724081 1138.33333333
810.21430216 1588.5
810.70454308 1946.0
811.19480372 3705.0
811.68508405 3483.5
812.17538402 1037.0
812.6657036 420.0
813.15604276 317.333333333
813.64640146 309.666666667
814.13677965 282.5
814.62717731 269.666666667
815.1175944 319.0
815.60803088 261.666666667
816.09848671 260.666666667
816.58896185 290.5
817.07945628 253.333333333
817.56996995 257.5
818.06050283 270.333333333
818.55105488 255.666666667
819.04162606 276.0
819.53221633 265.0
820.02282567 239.0
820.51345402 273.666666667
821.00410137 271.666666667
821.49476766 242.5
821.98545286 267.666666667
822.47615694 268.333333333
822.96687986 242.5
