339.61327788 0.0
340.06583261 0.0
340.51844356 0.0
340.97111069 0.0
341.42383397 0.0
341.87661336 0.0
342.32944883 0.0
342.78234033 0.0
343.23528784 0.0
343.68829131 0.0
344.1413507 0.0
344.59446599 0.0
345.04763714 0.0
345.5008641 0.0
345.95414684 0.0
346.40748532 0.0
346.86087951 0.0
347.31432937 0.0
347.76783486 0.0
348.22139595 0.0
348.6750126 0.0
349.12868478 0.0
349.58241244 0.0
350.03619554 75.3333333333
350.49003406 287.0
350.94392796 254.333333333
351.3978772 254.0
351.85188173 261.0
352.30594153 256.5
352.76005657 266.666666667
353.21422679 284.0
353.66845217 250.0
354.12273266 277.0
354.57706824 257.0
355.03145886 269.0
355.48590449 271.0
355.94040509 256.666666667
356.39496062 276.0
356.84957105 255.666666667
357.30423634 265.0
357.75895646 263.333333333
358.21373136 247.5
358.66856102 267.0
359.12344538 253.5
359.57838442 263.666666667
360.03337811 285.5
360.48842639 254.666666667
360.94352924 264.5
361.39868662 284.0
361.8538985 236.5
362.30916483 264.666666667
362.76448558 257.0
363.21986071 259.5
363.67529018 259.333333333
364.13077397 245.5
364.58631202 272.333333333
365.04190431 260.0
365.4975508 250.0
365.95325145 274.0
366.40900623 250.0
366.86481509 261.5
367.32067801 274.0
367.77659494 245.5
368.23256584 264.333333333
368.68859069 263.0
369.14466944 244.0
369.60080206 282.0
370.05698851 263.333333333
370.51322875 253.0
370.96952275 273.333333333
371.42587047 249.5
371.88227187 266.5
372.33872691 251.333333333
372.79523557 267.0
373.2517978 268.0
373.70841357 245.0
374.16508283 262.666666667
374.62180556 252.5
375.07858171 250.333333333
375.53541125 277.5
375.99229415 250.333333333
376.44923035 272.0
376.90621984 269.333333333
377.36326257 238.5
377.8203585 271.0
378.2775076 259.5
378.73470984 252.666666667
379.19196516 279.0
379.64927355 268.0
380.10663495 259.5
380.56404934 265.333333333
381.02151668 240.5
381.47903693 265.0
381.93661005 262.0
382.394236 259.5
382.85191476 269.0
383.30964628 245.5
383.76743053 266.0
384.22526746 274.0
384.68315705 265.0
385.14109926 295.5
385.59909404 251.666666667
386.05714137 267.0
386.5152412 277.666666667
386.97339351 242.5
387.43159824 271.0
387.88985537 267.5
388.34816486 264.333333333
388.80652667 303.0
389.26494076 259.0
389.7234071 263.5
390.18192566 266.0
390.64049638 250.5
391.09911925 269.0
391.55779422 263.5
392.01652125 260.333333333
392.4753003 288.0
392.93413135 265.0
393.39301436 257.5
393.85194927 277.0
394.31093607 260.5
394.76997472 279.0
395.22906517 250.0
395.68820739 266.5
396.14740134 264.666666667
396.60664699 249.5
397.06594429 275.0
397.52529322 266.0
397.98469374 256.666666667
398.44414581 281.5
398.90364938 261.0
399.36320444 272.0
399.82281093 283.333333333
400.28246882 252.5
400.74217808 274.333333333
401.20193867 258.0
401.66175054 264.0
402.12161368 286.5
402.58152803 259.666666667
403.04149356 270.0
403.50151023 279.666666667
403.96157802 235.5
404.42169687 272.0
404.88186676 277.0
405.34208764 260.0
405.80235949 288.5
406.26268226 261.666666667
406.72305591 268.5
407.18348042 273.0
407.64395574 255.0
408.10448183 282.0
408.56505866 263.5
409.0256862 260.333333333
409.4863644 279.0
409.94709324 264.666666667
410.40787266 272.5
410.86870264 278.333333333
411.32958314 248.5
411.79051412 276.666666667
412.25149554 275.5
412.71252738 249.333333333
413.17360958 290.0
413.63474212 253.333333333
414.09592496 250.0
414.55715806 258.5
415.01844138 263.666666667
415.4797749 301.0
415.94115856 255.0
416.40259233 257.0
416.86407619 270.333333333
417.32561008 238.0
417.78719398 281.666666667
418.24882784 266.5
418.71051164 264.0
419.17224533 277.5
419.63402887 259.666666667
420.09586223 262.5
420.55774538 276.0
421.01967827 231.0
421.48166087 271.0
421.94369315 264.5
422.40577506 257.333333333
422.86790657 305.5
423.33008764 257.666666667
423.79231823 264.5
424.25459832 281.333333333
424.71692786 231.5
425.17930681 271.333333333
425.64173514 271.0
426.10421281 252.333333333
426.56673978 285.5
427.02931602 254.0
427.4919415 271.5
427.95461617 279.0
428.41733999 260.0
428.88011294 278.0
429.34293497 268.0
429.80580604 252.333333333
430.26872613 292.5
430.73169519 254.666666667
431.19471319 264.0
431.65778008 266.0
432.12089584 243.0
432.58406043 274.0
433.0472738 294.0
433.51053593 293.333333333
433.97384677 330.5
434.4372063 280.0
434.90061446 282.0
435.36407123 279.333333333
435.82757657 246.0
436.29113044 273.333333333
436.75473281 275.5
437.21838363 252.333333333
437.68208288 291.0
438.14583051 255.0
438.60962648 295.0
439.07347077 277.666666667
439.53736333 232.0
440.00130413 271.666666667
440.46529314 269.5
440.9293303 260.333333333
441.39341559 303.0
441.85754898 279.666666667
442.32173041 262.5
442.78595986 266.666666667
443.2502373 236.5
443.71456267 264.333333333
444.17893595 266.5
444.64335711 262.666666667
445.10782609 322.0
445.57234287 270.0
446.03690741 262.0
446.50151967 283.0
446.96617962 240.5
447.43088721 269.0
447.89564242 255.0
448.3604452 251.666666667
448.82529553 305.0
449.29019335 255.333333333
449.75513864 277.5
450.22013135 277.333333333
450.68517146 236.0
451.15025892 272.333333333
451.6153937 270.0
452.08057576 261.666666667
452.54580506 286.0
453.01108157 250.666666667
453.47640525 270.5
453.94177607 266.666666667
454.40719398 236.0
454.87265895 274.333333333
455.33817095 276.333333333
455.80372993 235.5
456.26933586 276.0
456.7349887 268.0
457.20068842 252.0
457.66643498 282.5
458.13222835 256.666666667
458.59806847 255.0
459.06395533 266.666666667
459.52988888 241.5
459.99586908 276.333333333
460.4618959 263.0
460.92796931 253.666666667
461.39408926 288.5
461.86025571 256.333333333
462.32646864 269.5
462.792728 282.666666667
463.25903377 243.5
463.72538589 279.0
464.19178433 268.5
464.65822906 254.666666667
465.12472005 294.0
465.59125725 269.0
466.05784062 266.5
466.52447013 272.0
466.99114575 231.0
467.45786744 272.0
467.92463515 266.5
468.39144886 251.0
468.85830852 301.0
469.3252141 257.333333333
469.79216557 265.5
470.25916288 273.333333333
470.726206 257.0
471.19329489 271.0
471.66042952 291.0
472.12760985 271.666666667
472.59483583 282.0
473.06210745 263.333333333
473.52942465 255.0
473.9967874 275.0
474.46419567 245.5
474.93164941 286.666666667
475.3991486 273.5
475.86669319 250.666666667
476.33428315 270.0
476.80191844 253.5
477.26959902 254.666666667
477.73732486 296.5
478.20509592 270.333333333
478.67291216 266.0
479.14077355 273.0
479.60868006 234.5
480.07663163 274.0
480.54462824 258.0
481.01266985 261.333333333
481.48075642 300.5
481.94888792 262.333333333
482.4170643 272.0
482.88528554 277.0
483.3535516 253.5
483.82186243 280.333333333
484.29021801 274.5
484.75861829 266.666666667
485.22706324 378.5
485.69555282 590.333333333
486.16408699 657.0
486.63266573 397.0
487.10128898 248.0
487.56995672 280.666666667
488.03866891 254.5
488.50742551 255.0
488.97622648 296.0
489.44507179 256.666666667
489.91396139 259.666666667
490.38289527 307.5
490.85187337 259.0
491.32089566 260.5
491.7899621 276.0
492.25907266 248.5
492.7282273 271.0
493.19742598 270.0
493.66666867 246.333333333
494.13595533 304.0
494.60528591 257.333333333
495.0746604 256.0
495.54407874 276.0
496.01354091 241.5
496.48304686 277.0
496.95259656 270.0
497.42218997 254.333333333
497.89182706 279.5
498.36150779 258.0
498.83123211 263.0
499.301 274.333333333
499.77081142 225.5
500.24066633 274.666666667
500.71056469 286.666666667
501.18050648 243.0
501.65049164 271.666666667
502.12052014 262.5
502.59059195 264.666666667
503.06070704 290.5
503.53086535 246.333333333
504.00106686 272.0
504.47131154 275.333333333
504.94159933 241.0
505.41193021 278.666666667
505.88230414 257.5
506.35272109 252.666666667
506.82318101 294.0
507.29368386 261.666666667
507.76422962 263.5
508.23481825 277.0
508.7054497 238.5
509.17612395 272.666666667
509.64684095 263.0
510.11760067 265.666666667
510.58840307 281.666666667
511.05924812 262.5
511.53013577 258.0
512.001066 293.5
512.47203875 254.666666667
512.94305401 261.0
513.41411173 266.666666667
513.88521187 243.5
514.3563544 266.333333333
514.82753927 258.0
515.29876647 253.333333333
515.77003593 295.0
516.24134764 257.0
516.71270155 255.5
517.18409763 282.0
517.65553584 230.0
518.12701614 267.333333333
518.5985385 273.333333333
519.07010287 244.0
519.54170923 284.0
520.01335753 252.0
520.48504774 258.333333333
520.95677983 298.5
521.42855375 257.333333333
521.90036946 267.5
522.37222694 272.333333333
522.84412615 240.5
523.31606704 277.0
523.78804958 262.5
524.26007374 254.0
524.73213947 306.0
525.20424675 257.333333333
525.67639553 264.0
526.14858578 271.666666667
526.62081745 259.666666667
527.09309052 262.0
527.56540495 273.333333333
528.0377607 245.5
528.51015773 268.333333333
528.98259601 261.0
529.4550755 247.333333333
529.92759616 288.5
530.40015795 258.0
530.87276085 263.0
531.34540481 269.333333333
531.81808979 238.0
532.29081576 267.666666667
532.76358269 249.5
533.23639053 263.0
533.70923924 279.666666667
534.1821288 270.5
534.65505917 253.666666667
535.1280303 297.0
535.60104217 253.666666667
536.07409473 267.5
536.54718794 267.333333333
537.02032178 239.0
537.4934962 264.0
537.96671117 258.5
538.43996665 246.0
538.91326261 287.0
539.386599 254.333333333
539.85997579 257.0
540.33339294 280.5
540.80685042 250.666666667
541.28034819 266.5
541.75388622 269.0
542.22746446 234.5
542.70108287 268.0
543.17474144 269.5
543.6484401 262.333333333
544.12217884 289.0
544.59595761 253.0
545.06977637 268.5
545.5436351 284.0
546.01753374 250.0
546.49147227 267.0
546.96545065 264.666666667
547.43946884 246.0
547.9135268 268.333333333
548.3876245 264.0
548.86176191 250.333333333
549.33593897 297.5
549.81015567 250.0
550.28441195 254.0
550.75870779 260.0
551.23304315 239.5
551.70741799 280.0
552.18183227 263.0
552.65628595 258.333333333
553.13077901 268.666666667
553.6053114 261.5
554.07988309 255.0
554.55449403 283.0
555.0291442 245.666666667
555.50383356 261.5
555.97856206 275.666666667
556.45332968 228.0
556.92813637 266.333333333
557.4029821 258.5
557.87786683 247.666666667
558.35279053 270.0
558.82775315 258.0
559.30275467 263.666666667
559.77779504 276.5
560.25287423 263.0
560.72799221 264.0
561.20314892 267.666666667
561.67834435 235.5
562.15357844 267.666666667
562.62885117 250.0
563.10416249 250.666666667
563.57951238 260.333333333
564.05490079 263.0
564.53032769 246.333333333
565.00579303 273.5
565.48129679 257.666666667
565.95683893 269.0
566.4324194 270.0
566.90803818 251.0
567.38369523 282.333333333
567.8593905 269.5
568.33512397 254.666666667
568.81089559 283.0
569.28670533 254.0
569.76255316 259.666666667
570.23843902 286.0
570.7143629 257.0
571.19032475 266.0
571.66632453 274.0
572.14236222 233.0
572.61843776 278.666666667
573.09455113 255.0
573.57070228 264.333333333
574.04689119 285.0
574.52311781 255.666666667
574.99938211 258.0
575.47568405 295.0
575.95202359 255.333333333
576.4284007 260.0
576.90481534 269.333333333
577.38126747 238.0
577.85775706 273.333333333
578.33428407 252.5
578.81084846 269.333333333
579.2874502 271.333333333
579.76408925 262.5
580.24076557 252.333333333
580.71747912 299.0
581.19422988 285.0
581.6710178 263.5
582.14784284 286.0
582.62470497 235.5
583.10160416 266.333333333
583.57854035 264.0
584.05551353 270.666666667
584.53252365 276.333333333
585.00957067 270.0
585.48665456 252.666666667
585.96377529 280.5
586.4409328 248.0
586.91812708 279.0
587.39535807 279.333333333
587.87262575 235.5
588.34993007 300.0
588.82727101 300.0
589.30464852 234.5
589.78206256 287.333333333
590.25951311 268.5
590.73700012 261.666666667
591.21452355 304.5
591.69208338 257.666666667
592.16967956 290.5
592.64731205 287.333333333
593.12498082 237.5
593.60268584 292.0
594.08042706 297.666666667
594.55820445 239.0
595.03601797 289.333333333
595.51386759 269.0
595.99175326 285.333333333
596.46967496 295.5
596.94763264 261.666666667
597.42562627 275.5
597.90365581 281.333333333
598.38172122 274.333333333
598.85982248 282.5
599.33795953 283.0
599.81613235 244.0
600.29434089 277.666666667
600.77258513 254.5
601.25086501 270.0
601.72918052 293.5
602.20753161 253.666666667
602.68591823 270.333333333
603.16434037 315.0
603.64279797 276.666666667
604.12129101 285.0
604.59981945 289.666666667
605.07838324 234.5
605.55698236 287.666666667
606.03561676 267.0
606.51428641 260.0
606.99299127 277.666666667
607.47173131 290.5
607.95050648 263.333333333
608.42931676 285.0
608.9081621 257.0
609.38704248 276.5
609.86595784 268.666666667
610.34490816 241.5
610.82389339 275.666666667
611.30291351 275.666666667
611.78196847 244.0
612.26105823 279.0
612.74018277 265.5
613.21934204 262.0
613.69853601 296.0
614.17776464 251.666666667
614.65702789 258.5
615.13632573 282.0
615.61565812 258.666666667
616.09502502 263.5
616.5744264 267.333333333
617.05386221 242.5
617.53333243 281.0
618.01283702 263.5
618.49237593 254.666666667
618.97194914 281.5
619.4515566 260.333333333
619.93119828 262.666666667
620.41087415 285.0
620.89058415 253.0
621.37032827 260.0
621.85010646 270.0
622.32991868 242.0
622.8097649 270.666666667
623.28964508 264.666666667
623.76955919 245.5
624.24950718 265.0
624.72948902 257.5
625.20950468 249.0
625.68955412 286.5
626.16963729 255.333333333
626.64975417 266.5
627.12990471 268.666666667
627.61008889 257.333333333
628.09030666 249.0
628.57055798 271.333333333
629.05084283 236.0
629.53116115 265.333333333
630.01151293 285.0
630.49189811 251.333333333
630.97231666 258.0
631.45276855 259.0
631.93325374 254.0
632.41377219 289.0
632.89432387 260.333333333
633.37490873 264.0
633.85552675 262.666666667
634.33617788 236.0
634.81686209 266.666666667
635.29757934 275.0
635.77832959 237.0
636.25911281 273.333333333
636.73992897 263.5
637.22077801 258.0
637.70165992 270.0
638.18257464 257.333333333
638.66352215 257.0
639.1445024 290.0
639.62551537 249.666666667
640.10656101 255.5
640.58763928 272.333333333
641.06875016 242.0
641.54989359 268.0
642.03106956 271.0
642.51227801 246.0
642.99351892 271.666666667
643.47479224 276.5
643.95609794 247.0
644.43743598 282.0
644.91880633 249.666666667
645.40020894 260.5
645.88164379 262.333333333
646.36311083 252.333333333
646.84461003 264.0
647.32614135 267.666666667
647.80770476 232.0
648.28930022 276.0
648.77092768 271.0
649.25258712 258.333333333
649.7342785 271.0
650.21600177 276.5
650.69775691 261.0
651.17954388 286.5
651.66136264 268.666666667
652.14321315 270.5
652.62509538 278.666666667
653.10700929 260.0
653.58895484 268.0
654.070932 288.333333333
654.55294072 283.5
655.03498098 341.666666667
655.51705274 375.0
655.99915595 2826.0
656.48129059 2509.33333333
656.96345661 425.0
657.44565398 310.0
657.92788266 311.5
658.41014262 275.333333333
658.89243382 275.5
659.37475621 276.0
659.85710978 262.666666667
660.33949447 260.0
660.82191025 286.333333333
661.30435708 235.0
661.78683493 280.333333333
662.26934377 253.5
662.75188354 254.0
663.23445423 267.0
663.71705578 261.5
664.19968817 248.666666667
664.68235136 274.5
665.1650453 254.0
665.64776997 253.5
666.13052532 266.0
666.61331133 256.333333333
667.09612794 260.0
667.57897514 269.0
668.06185287 234.0
668.5447611 266.333333333
669.0276998 250.5
669.51066893 260.333333333
669.99366845 266.333333333
670.47669833 265.5
670.95975852 251.333333333
671.442849 270.0
671.92596972 258.333333333
672.40912065 250.0
672.89230175 276.333333333
673.37551298 260.0
673.85875431 263.5
674.3420257 271.333333333
674.82532712 239.0
675.30865852 260.0
675.79201988 274.5
676.27541115 248.333333333
676.75883229 263.333333333
677.24228328 269.0
677.72576406 251.333333333
678.20927462 280.0
678.6928149 243.0
679.17638488 260.0
679.65998451 264.666666667
680.14361377 245.333333333
680.6272726 264.0
681.11096098 263.0
681.59467887 234.5
682.07842623 264.333333333
682.56220303 257.5
683.04600923 253.333333333
683.52984478 268.0
684.01370967 258.0
684.49760384 244.666666667
684.98152726 292.5
685.46547989 246.333333333
685.94946171 261.666666667
686.43347266 287.5
686.91751272 246.0
687.40158185 262.5
687.88568001 269.333333333
688.36980716 240.0
688.85396327 274.333333333
689.33814829 260.666666667
689.82236221 241.0
690.30660496 265.0
690.79087653 247.0
691.27517687 244.666666667
691.75950595 287.0
692.24386373 242.666666667
692.72825017 242.666666667
693.21266523 288.5
693.69710889 244.333333333
694.18158109 269.0
694.66608181 262.0
695.15061101 254.0
695.63516866 257.0
696.1197547 272.333333333
696.60436912 225.5
697.08901187 270.666666667
697.57368291 255.0
698.05838221 251.0
698.54310973 266.666666667
699.02786544 250.0
699.51264929 241.666666667
699.99746125 316.0
700.48230129 249.666666667
700.96716936 255.5
701.45206544 272.333333333
701.93698948 247.333333333
702.42194144 256.0
702.9069213 271.666666667
703.391929 238.5
703.87696453 266.666666667
704.36202783 270.333333333
704.84711888 239.5
705.33223763 266.0
705.81738405 256.5
706.30255811 246.333333333
706.78775976 287.0
707.27298897 243.666666667
707.7582457 250.666666667
708.24352991 281.0
708.72884158 248.0
709.21418065 256.0
709.6995471 271.666666667
710.18494089 247.0
710.67036198 255.5
711.15581034 272.333333333
711.64128592 221.5
712.12678869 268.666666667
712.61231862 258.5
713.09787566 243.666666667
713.58345979 282.0
714.06907095 260.5
714.55470913 241.333333333
715.04037427 287.0
715.52606635 257.333333333
716.01178533 245.0
716.49753116 280.0
716.98330382 250.333333333
717.46910326 251.5
717.95492946 264.0
718.44078236 223.5
718.92666194 265.666666667
719.41256816 267.666666667
719.89850098 229.0
720.38446037 260.333333333
720.87044629 271.0
721.3564587 257.333333333
721.84249756 270.333333333
722.32856284 253.5
722.8146545 241.0
723.30077251 290.0
723.78691682 251.666666667
724.27308741 275.0
724.75928423 262.333333333
725.24550724 251.0
725.73175642 265.0
726.21803172 259.0
726.70433311 221.0
727.19066055 276.0
727.677014 274.0
728.16339343 231.0
728.6497988 274.333333333
729.13623007 259.0
729.62268721 253.0
730.10917018 266.666666667
730.59567893 265.5
731.08221345 251.0
731.56877369 283.5
732.0553596 255.333333333
732.54197116 268.0
733.02860834 268.666666667
733.51527108 251.0
734.00195936 259.5
734.48867313 272.666666667
734.97541237 224.0
735.46217703 272.333333333
735.94896708 267.333333333
736.43578248 228.0
736.9226232 263.333333333
737.40948919 250.0
737.89638043 250.333333333
738.38329686 263.333333333
738.87023847 265.5
739.3572052 252.333333333
739.84419703 274.5
740.33121392 254.0
740.81825582 258.0
741.30532271 269.0
741.79241455 265.666666667
742.27953129 257.5
742.76667291 274.0
743.25383936 237.0
743.74103061 266.0
744.22824663 272.333333333
744.71548737 222.0
745.2027528 274.333333333
745.69004288 262.0
746.17735758 252.666666667
746.66469685 269.0
747.15206067 265.5
747.63944899 257.333333333
748.12686178 287.0
748.614299 257.0
749.10176061 264.333333333
749.58924659 294.5
750.07675688 255.0
750.56429146 255.5
751.05185028 278.333333333
751.53943332 229.0
752.02704053 264.666666667
752.51467187 262.666666667
753.00232732 230.5
753.49000683 273.0
753.97771036 257.0
754.46543789 249.0
754.95318936 270.0
755.44096476 255.5
755.92876403 252.0
756.41658715 308.5
756.90443407 243.333333333
757.39230476 249.333333333
757.88019918 285.5
758.3681173 263.666666667
758.85605908 273.0
759.34402448 267.333333333
759.83201346 253.333333333
760.32002599 261.5
760.80806203 267.0
761.29612155 233.5
761.78420451 273.333333333
762.27231086 270.0
762.76044058 229.0
763.24859363 264.333333333
763.73676997 263.5
764.22496956 248.333333333
764.71319237 270.0
765.20143836 253.5
765.68970749 250.0
766.17799973 283.5
766.66631504 248.666666667
767.15465338 249.0
767.64301472 294.5
768.13139902 250.666666667
768.61980624 264.0
769.10823635 272.666666667
769.5966893 230.5
770.08516507 275.0
770.57366361 260.333333333
771.06218489 229.5
771.55072888 264.666666667
772.03929553 253.0
772.5278848 245.0
773.01649667 271.666666667
773.50513109 258.5
773.99378804 244.333333333
774.48246746 282.0
774.97116932 254.0
775.4598936 249.333333333
775.94864024 280.5
776.43740922 256.0
776.9262005 259.5
777.41501403 276.666666667
777.90384979 247.333333333
778.39270774 266.5
778.88158784 267.666666667
779.37049004 230.0
779.85941433 267.0
780.34836066 269.0
780.83732898 223.0
781.32631928 268.0
781.8153315 262.0
782.30436562 249.666666667
782.79342159 272.333333333
783.28249938 258.5
783.77159895 249.666666667
784.26072027 280.0
784.74986329 253.0
785.23902799 254.0
785.72821432 296.5
786.21742225 245.333333333
786.70665174 262.5
787.19590276 267.0
787.68517526 247.666666667
788.17446922 247.0
788.66378459 275.333333333
789.15312133 230.5
789.64247942 272.0
790.13185881 269.333333333
790.62125947 234.0
791.11068135 269.0
791.60012443 254.0
792.08958867 248.0
792.57907402 258.333333333
793.06858046 258.0
793.55810795 253.666666667
794.04765644 291.0
794.53722591 252.666666667
795.02681631 253.333333333
795.51642762 279.5
796.00605978 250.666666667
796.49571277 261.0
796.98538655 272.0
797.47508108 249.666666667
797.96479632 251.0
798.45453224 261.333333333
798.94428881 229.0
799.43406597 266.333333333
799.92386371 281.0
800.41368198 236.5
800.90352074 268.333333333
801.39337996 254.0
801.8832596 246.333333333
802.37315962 260.0
802.86307999 261.5
803.35302067 244.333333333
803.84298163 274.5
804.33296282 254.0
804.82296421 255.333333333
805.31298576 280.5
805.80302744 248.333333333
806.29308921 252.333333333
806.78317103 266.5
807.27327287 257.333333333
807.76339468 262.0
808.25353644 254.0
808.74369811 245.666666667
809.23387964 262.5
809.724081 267.666666667
810.21430216 238.0
810.70454308 264.333333333
811.19480372 272.333333333
811.68508405 238.5
812.17538402 272.0
812.6657036 266.5
813.15604276 245.0
813.64640146 271.0
814.13677965 254.5
814.62717731 251.666666667
815.1175944 303.0
815.60803088 250.0
816.09848671 252.0
816.58896185 280.5
817.07945628 248.0
817.56996995 251.0
818.06050283 263.666666667
818.55105488 249.666666667
819.04162606 273.0
819.53221633 262.666666667
820.02282567 237.5
820.51345402 268.666666667
821.00410137 267.666666667
821.49476766 234.5
821.98545286 261.333333333
822.47615694 262.666666667
822.96687986 235.5
