339.61327788 0.0
340.06583261 0.0
340.51844356 0.0
340.97111069 0.0
341.42383397 0.0
341.87661336 0.0
342.32944883 0.0
342.78234033 0.0
343.23528784 0.0
343.68829131 0.0
344.1413507 0.0
344.59446599 0.0
345.04763714 0.0
345.5008641 0.0
345.95414684 0.0
346.40748532 0.0
346.86087951 0.0
347.31432937 0.0
347.76783486 0.0
348.22139595 0.0
348.6750126 0.0
349.12868478 0.0
349.58241244 0.0
350.03619554 77.6666666667
350.49003406 283.5
350.94392796 254.0
351.3978772 256.5
351.85188173 260.0
352.30594153 251.5
352.76005657 266.0
353.21422679 277.5
353.66845217 245.666666667
354.12273266 279.5
354.57706824 256.0
355.03145886 264.0
355.48590449 269.0
355.94040509 257.666666667
356.39496062 275.5
356.84957105 258.666666667
357.30423634 261.5
357.75895646 265.333333333
358.21373136 248.5
358.66856102 266.0
359.12344538 258.0
359.57838442 267.0
360.03337811 285.0
360.48842639 252.666666667
360.94352924 262.5
361.39868662 278.333333333
361.8538985 233.0
362.30916483 265.0
362.76448558 254.0
363.21986071 261.0
363.67529018 258.333333333
364.13077397 245.5
364.58631202 271.0
365.04190431 260.5
365.4975508 252.0
365.95325145 275.5
366.40900623 247.666666667
366.86481509 262.0
367.32067801 272.333333333
367.77659494 243.0
368.23256584 264.666666667
368.68859069 260.5
369.14466944 247.666666667
369.60080206 285.5
370.05698851 267.666666667
370.51322875 251.0
370.96952275 273.0
371.42587047 247.0
371.88227187 269.5
372.33872691 249.0
372.79523557 266.0
373.2517978 268.333333333
373.70841357 241.5
374.16508283 265.666666667
374.62180556 253.0
375.07858171 247.333333333
375.53541125 274.0
375.99229415 249.666666667
376.44923035 269.5
376.90621984 267.333333333
377.36326257 243.0
377.8203585 272.333333333
378.2775076 254.5
378.73470984 252.333333333
379.19196516 278.0
379.64927355 268.0
380.10663495 260.0
380.56404934 261.333333333
381.02151668 239.5
381.47903693 263.666666667
381.93661005 256.0
382.394236 262.5
382.85191476 266.666666667
383.30964628 246.5
383.76743053 263.0
384.22526746 267.0
384.68315705 260.0
385.14109926 293.5
385.59909404 251.0
386.05714137 263.5
386.5152412 273.666666667
386.97339351 237.5
387.43159824 267.333333333
387.88985537 263.0
388.34816486 258.333333333
388.80652667 295.0
389.26494076 255.333333333
389.7234071 258.5
390.18192566 263.333333333
390.64049638 249.0
391.09911925 269.333333333
391.55779422 257.5
392.01652125 259.0
392.4753003 283.5
392.93413135 263.333333333
393.39301436 253.0
393.85194927 271.666666667
394.31093607 257.5
394.76997472 272.5
395.22906517 244.0
395.68820739 263.5
396.14740134 262.666666667
396.60664699 244.0
397.06594429 267.333333333
397.52529322 255.5
397.98469374 252.333333333
398.44414581 272.5
398.90364938 255.666666667
399.36320444 265.0
399.82281093 276.666666667
400.28246882 246.5
400.74217808 269.333333333
401.20193867 256.5
401.66175054 259.0
402.12161368 280.5
402.58152803 256.333333333
403.04149356 266.0
403.50151023 270.333333333
403.96157802 236.5
404.42169687 267.666666667
404.88186676 268.5
405.34208764 252.666666667
405.80235949 278.0
406.26268226 252.333333333
406.72305591 260.5
407.18348042 268.0
407.64395574 243.0
408.10448183 274.333333333
408.56505866 255.5
409.0256862 248.0
409.4863644 270.0
409.94709324 251.333333333
410.40787266 256.0
410.86870264 269.0
411.32958314 238.5
411.79051412 267.666666667
412.25149554 266.5
412.71252738 243.666666667
413.17360958 284.0
413.63474212 248.666666667
414.09592496 245.0
414.55715806 260.0
415.01844138 257.333333333
415.4797749 292.0
415.94115856 247.0
416.40259233 245.5
416.86407619 267.333333333
417.32561008 234.5
417.78719398 276.333333333
418.24882784 259.5
418.71051164 257.0
419.17224533 269.5
419.63402887 254.333333333
420.09586223 258.0
420.55774538 263.0
421.01967827 225.5
421.48166087 265.333333333
421.94369315 257.0
422.40577506 249.333333333
422.86790657 297.0
423.33008764 253.333333333
423.79231823 259.0
424.25459832 278.0
424.71692786 227.0
425.17930681 266.666666667
425.64173514 267.0
426.10421281 247.333333333
426.56673978 282.5
427.02931602 251.333333333
427.4919415 261.5
427.95461617 269.666666667
428.41733999 255.5
428.88011294 270.666666667
429.34293497 265.5
429.80580604 250.0
430.26872613 285.5
430.73169519 248.666666667
431.19471319 255.5
431.65778008 260.0
432.12089584 234.0
432.58406043 269.666666667
433.0472738 270.5
433.51053593 251.666666667
433.97384677 290.0
434.4372063 252.0
434.90061446 278.5
435.36407123 282.666666667
435.82757657 249.5
436.29113044 275.0
436.75473281 275.0
437.21838363 249.666666667
437.68208288 286.0
438.14583051 251.333333333
438.60962648 281.5
439.07347077 276.0
439.53736333 234.5
440.00130413 266.666666667
440.46529314 267.0
440.9293303 257.666666667
441.39341559 299.0
441.85754898 275.333333333
442.32173041 258.0
442.78595986 266.666666667
443.2502373 231.0
443.71456267 262.666666667
444.17893595 262.0
444.64335711 258.333333333
445.10782609 318.5
445.57234287 267.333333333
446.03690741 261.0
446.50151967 279.0
446.96617962 238.0
447.43088721 270.333333333
447.89564242 255.0
448.3604452 248.0
448.82529553 300.0
449.29019335 253.0
449.75513864 273.0
450.22013135 274.666666667
450.68517146 232.5
451.15025892 272.0
451.6153937 263.5
452.08057576 260.0
452.54580506 288.0
453.01108157 249.666666667
453.47640525 275.0
453.94177607 266.0
454.40719398 239.0
454.87265895 275.0
455.33817095 279.333333333
455.80372993 235.0
456.26933586 275.666666667
456.7349887 273.5
457.20068842 251.0
457.66643498 282.0
458.13222835 257.666666667
458.59806847 261.5
459.06395533 275.333333333
459.52988888 248.5
459.99586908 289.333333333
460.4618959 271.0
460.92796931 267.333333333
461.39408926 301.0
461.86025571 267.333333333
462.32646864 283.5
462.792728 295.0
463.25903377 253.0
463.72538589 294.666666667
464.19178433 286.0
464.65822906 278.666666667
465.12472005 316.0
465.59125725 293.0
466.05784062 291.0
466.52447013 297.333333333
466.99114575 261.0
467.45786744 305.0
467.92463515 303.5
468.39144886 283.333333333
468.85830852 334.0
469.3252141 298.333333333
469.79216557 310.5
470.25916288 323.666666667
470.726206 313.0
471.19329489 324.666666667
471.66042952 352.5
472.12760985 335.666666667
472.59483583 348.5
473.06210745 336.333333333
473.52942465 333.5
473.9967874 355.666666667
474.46419567 334.5
474.93164941 386.666666667
475.3991486 370.5
475.86669319 359.333333333
476.33428315 385.666666667
476.80191844 380.5
477.26959902 383.666666667
477.73732486 429.5
478.20509592 415.333333333
478.67291216 420.0
479.14077355 440.666666667
479.60868006 412.0
480.07663163 455.333333333
480.54462824 450.0
481.01266985 465.0
481.48075642 514.5
481.94888792 494.0
482.4170643 514.5
482.88528554 535.333333333
483.3535516 522.5
483.82186243 567.333333333
484.29021801 578.5
484.75861829 579.0
485.22706324 645.5
485.69555282 620.666666667
486.16408699 635.0
486.63266573 679.666666667
487.10128898 660.0
487.56995672 718.0
488.03866891 721.0
488.50742551 746.0
488.97622648 809.0
489.44507179 804.0
489.91396139 839.333333333
490.38289527 904.5
490.85187337 886.0
491.32089566 921.5
491.7899621 971.333333333
492.25907266 970.5
492.7282273 1024.33333333
493.19742598 1054.5
493.66666867 1070.66666667
494.13595533 1171.0
494.60528591 1176.66666667
495.0746604 1208.0
495.54407874 1266.0
496.01354091 1270.5
496.48304686 1356.33333333
496.95259656 1405.0
497.42218997 1424.0
497.89182706 1495.0
498.36150779 1525.33333333
498.83123211 1590.0
499.301 1661.66666667
499.77081142 1658.5
500.24066633 1788.33333333
500.71056469 1871.33333333
501.18050648 1887.0
501.65049164 1988.66666667
502.12052014 2050.5
502.59059195 2126.66666667
503.06070704 2219.0
503.53086535 2222.0
504.00106686 2320.0
504.47131154 2403.66666667
504.94159933 2436.5
505.41193021 2548.66666667
505.88230414 2603.5
506.35272109 2667.66666667
506.82318101 2781.5
507.29368386 2839.33333333
507.76422962 2906.0
508.23481825 2995.66666667
508.7054497 3052.0
509.17612395 3123.33333333
509.64684095 3174.5
510.11760067 3240.33333333
510.58840307 3315.33333333
511.05924812 3350.5
511.53013577 3395.33333333
512.001066 3481.0
512.47203875 3487.66666667
512.94305401 3529.0
513.41411173 3556.66666667
513.88521187 3601.0
514.3563544 3624.66666667
514.82753927 3645.0
515.29876647 3661.0
515.77003593 3678.0
516.24134764 3679.0
516.71270155 3679.0
517.18409763 3684.33333333
517.65553584 3687.0
518.12701614 3691.66666667
518.5985385 3694.66666667
519.07010287 3681.5
519.54170923 3686.0
520.01335753 3659.5
520.48504774 3653.66666667
520.95677983 3660.5
521.42855375 3631.66666667
521.90036946 3624.5
522.37222694 3599.33333333
522.84412615 3555.0
523.31606704 3546.0
523.78804958 3506.5
524.26007374 3459.66666667
524.73213947 3446.5
525.20424675 3371.66666667
525.67639553 3331.5
526.14858578 3281.33333333
526.62081745 3213.0
527.09309052 3180.5
527.56540495 3145.66666667
528.0377607 3054.0
528.51015773 3046.0
528.98259601 2993.5
529.4550755 2933.33333333
529.92759616 2909.5
530.40015795 2823.66666667
530.87276085 2768.5
531.34540481 2713.66666667
531.81808979 2641.5
532.29081576 2603.66666667
532.76358269 2539.0
533.23639053 2491.33333333
533.70923924 2449.0
534.1821288 2365.5
534.65505917 2312.0
535.1280303 2323.5
535.60104217 2223.33333333
536.07409473 2190.5
536.54718794 2148.66666667
537.02032178 2062.0
537.4934962 2045.66666667
537.96671117 1987.0
538.43996665 1914.66666667
538.91326261 1913.0
539.386599 1841.66666667
539.85997579 1789.66666667
540.33339294 1763.0
540.80685042 1705.0
541.28034819 1678.5
541.75388622 1637.33333333
542.22746446 1571.5
542.70108287 1555.0
543.17474144 1524.0
543.6484401 1481.66666667
544.12217884 1467.5
544.59595761 1406.66666667
545.06977637 1395.5
545.5436351 1380.33333333
546.01753374 1312.0
546.49147227 1294.0
546.96545065 1250.0
547.43946884 1195.0
547.9135268 1192.0
548.3876245 1162.0
548.86176191 1119.33333333
549.33593897 1120.0
549.81015567 1067.0
550.28441195 1046.0
550.75870779 1025.66666667
551.23304315 976.0
551.70741799 990.0
552.18183227 956.0
552.65628595 926.0
553.13077901 910.333333333
553.6053114 887.0
554.07988309 858.666666667
554.55449403 872.0
555.0291442 816.666666667
555.50383356 817.0
555.97856206 803.666666667
556.45332968 747.5
556.92813637 761.333333333
557.4029821 743.5
557.87786683 711.0
558.35279053 718.333333333
558.82775315 688.5
559.30275467 685.333333333
559.77779504 683.5
560.25287423 654.666666667
560.72799221 646.5
561.20314892 642.0
561.67834435 590.0
562.15357844 620.0
562.62885117 593.0
563.10416249 582.333333333
563.57951238 577.0
564.05490079 573.0
564.53032769 540.0
565.00579303 557.5
565.48129679 530.0
565.95683893 531.0
566.4324194 532.333333333
566.90803818 504.0
567.38369523 520.333333333
567.8593905 504.0
568.33512397 482.0
568.81089559 503.0
569.28670533 467.333333333
569.76255316 463.333333333
570.23843902 493.5
570.7143629 447.666666667
571.19032475 452.0
571.66632453 456.666666667
572.14236222 405.0
572.61843776 445.333333333
573.09455113 424.0
573.57070228 420.666666667
574.04689119 432.0
574.52311781 402.666666667
574.99938211 397.333333333
575.47568405 431.0
575.95202359 384.666666667
576.4284007 389.5
576.90481534 392.0
577.38126747 359.5
577.85775706 390.666666667
578.33428407 362.5
578.81084846 375.666666667
579.2874502 376.333333333
579.76408925 369.0
580.24076557 351.0
580.71747912 389.5
581.19422988 365.333333333
581.6710178 347.5
582.14784284 368.333333333
582.62470497 324.5
583.10160416 348.0
583.57854035 337.0
584.05551353 346.0
584.53252365 349.0
585.00957067 342.0
585.48665456 323.666666667
585.96377529 350.0
586.4409328 316.666666667
586.91812708 336.0
587.39535807 345.333333333
587.87262575 304.5
588.34993007 352.0
588.82727101 349.333333333
589.30464852 306.0
589.78206256 343.0
590.25951311 329.0
590.73700012 311.333333333
591.21452355 344.0
591.69208338 310.0
592.16967956 334.0
592.64731205 328.333333333
593.12498082 281.0
593.60268584 328.666666667
594.08042706 328.333333333
594.55820445 281.0
595.03601797 326.0
595.51386759 308.5
595.99175326 319.333333333
596.46967496 327.0
596.94763264 298.0
597.42562627 302.0
597.90365581 310.333333333
598.38172122 305.0
598.85982248 312.5
599.33795953 306.333333333
599.81613235 266.0
600.29434089 299.0
600.77258513 280.0
601.25086501 290.666666667
601.72918052 307.0
602.20753161 272.0
602.68591823 283.666666667
603.16434037 321.0
603.64279797 292.333333333
604.12129101 298.5
604.59981945 309.0
605.07838324 263.0
605.55698236 305.666666667
606.03561676 276.5
606.51428641 269.666666667
606.99299127 289.333333333
607.47173131 310.5
607.95050648 274.333333333
608.42931676 298.5
608.9081621 274.0
609.38704248 283.5
609.86595784 278.666666667
610.34490816 257.5
610.82389339 302.0
611.30291351 309.666666667
611.78196847 270.5
612.26105823 290.666666667
612.74018277 277.0
613.21934204 271.333333333
613.69853601 303.5
614.17776464 263.0
614.65702789 272.5
615.13632573 292.333333333
615.61565812 265.333333333
616.09502502 265.5
616.5744264 275.666666667
617.05386221 251.0
617.53333243 286.333333333
618.01283702 273.5
618.49237593 263.0
618.97194914 289.5
619.4515566 265.333333333
619.93119828 265.333333333
620.41087415 294.5
620.89058415 257.333333333
621.37032827 267.5
621.85010646 278.333333333
622.32991868 243.5
622.8097649 275.333333333
623.28964508 266.0
623.76955919 253.0
624.24950718 275.0
624.72948902 265.5
625.20950468 252.0
625.68955412 287.0
626.16963729 258.333333333
626.64975417 274.5
627.12990471 275.333333333
627.61008889 258.333333333
628.09030666 254.5
628.57055798 274.666666667
629.05084283 240.0
629.53116115 266.0
630.01151293 288.0
630.49189811 259.666666667
630.97231666 262.333333333
631.45276855 269.5
631.93325374 255.0
632.41377219 286.5
632.89432387 261.333333333
633.37490873 265.0
633.85552675 265.333333333
634.33617788 242.0
634.81686209 270.0
635.29757934 277.666666667
635.77832959 237.5
636.25911281 276.333333333
636.73992897 262.0
637.22077801 262.666666667
637.70165992 275.5
638.18257464 257.666666667
638.66352215 258.666666667
639.1445024 291.5
639.62551537 250.666666667
640.10656101 258.0
640.58763928 274.333333333
641.06875016 245.0
641.54989359 269.666666667
642.03106956 273.666666667
642.51227801 247.5
642.99351892 272.666666667
643.47479224 275.5
643.95609794 248.666666667
644.43743598 280.5
644.91880633 250.666666667
645.40020894 261.0
645.88164379 264.666666667
646.36311083 251.333333333
646.84461003 259.5
647.32614135 265.666666667
647.80770476 233.5
648.28930022 272.0
648.77092768 270.5
649.25258712 256.0
649.7342785 264.333333333
650.21600177 273.5
650.69775691 256.0
651.17954388 283.0
651.66136264 259.0
652.14321315 262.0
652.62509538 270.0
653.10700929 250.333333333
653.58895484 247.5
654.070932 268.666666667
654.55294072 245.5
655.03498098 279.0
655.51705274 248.5
655.99915595 246.333333333
656.48129059 260.333333333
656.96345661 257.5
657.44565398 252.666666667
657.92788266 277.5
658.41014262 254.333333333
658.89243382 258.5
659.37475621 263.333333333
659.85710978 252.333333333
660.33949447 253.5
660.82191025 280.666666667
661.30435708 235.0
661.78683493 272.0
662.26934377 247.0
662.75188354 255.0
663.23445423 265.666666667
663.71705578 261.0
664.19968817 248.333333333
664.68235136 273.0
665.1650453 253.333333333
665.64776997 251.5
666.13052532 260.333333333
666.61331133 255.666666667
667.09612794 260.0
667.57897514 265.0
668.06185287 235.5
668.5447611 264.333333333
669.0276998 247.5
669.51066893 258.666666667
669.99366845 263.0
670.47669833 263.0
670.95975852 253.0
671.442849 273.0
671.92596972 258.333333333
672.40912065 251.0
672.89230175 274.0
673.37551298 260.333333333
673.85875431 259.5
674.3420257 269.333333333
674.82532712 240.0
675.30865852 257.0
675.79201988 271.0
676.27541115 249.333333333
676.75883229 262.0
677.24228328 266.5
677.72576406 248.0
678.20927462 281.0
678.6928149 247.333333333
679.17638488 254.0
679.65998451 266.0
680.14361377 242.666666667
680.6272726 263.5
681.11096098 261.666666667
681.59467887 235.0
682.07842623 262.333333333
682.56220303 258.0
683.04600923 252.0
683.52984478 263.666666667
684.01370967 255.5
684.49760384 244.0
684.98152726 293.5
685.46547989 248.666666667
685.94946171 257.666666667
686.43347266 283.0
686.91751272 246.333333333
687.40158185 260.0
687.88568001 269.333333333
688.36980716 229.0
688.85396327 275.0
689.33814829 259.0
689.82236221 237.5
690.30660496 262.666666667
690.79087653 244.0
691.27517687 245.666666667
691.75950595 287.5
692.24386373 244.666666667
692.72825017 242.0
693.21266523 282.0
693.69710889 242.666666667
694.18158109 266.5
694.66608181 263.333333333
695.15061101 252.0
695.63516866 260.0
696.1197547 269.333333333
696.60436912 225.5
697.08901187 269.0
697.57368291 256.0
698.05838221 250.333333333
698.54310973 267.666666667
699.02786544 251.5
699.51264929 242.666666667
699.99746125 312.5
700.48230129 249.666666667
700.96716936 250.5
701.45206544 272.333333333
701.93698948 249.666666667
702.42194144 261.0
702.9069213 267.0
703.391929 237.0
703.87696453 263.333333333
704.36202783 269.333333333
704.84711888 240.0
705.33223763 267.666666667
705.81738405 262.0
706.30255811 249.333333333
706.78775976 289.0
707.27298897 243.0
707.7582457 248.666666667
708.24352991 276.0
708.72884158 246.0
709.21418065 258.5
709.6995471 270.666666667
710.18494089 247.666666667
710.67036198 254.0
711.15581034 266.666666667
711.64128592 222.5
712.12678869 271.666666667
712.61231862 264.0
713.09787566 245.0
713.58345979 279.666666667
714.06907095 257.5
714.55470913 240.666666667
715.04037427 285.0
715.52606635 256.0
716.01178533 241.666666667
716.49753116 281.0
716.98330382 244.333333333
717.46910326 253.5
717.95492946 264.0
718.44078236 221.0
718.92666194 264.666666667
719.41256816 268.666666667
719.89850098 230.5
720.38446037 259.333333333
720.87044629 271.0
721.3564587 258.333333333
721.84249756 265.666666667
722.32856284 253.5
722.8146545 238.333333333
723.30077251 285.5
723.78691682 249.0
724.27308741 264.5
724.75928423 259.0
725.24550724 248.0
725.73175642 259.5
726.21803172 255.666666667
726.70433311 224.0
727.19066055 270.666666667
727.677014 272.0
728.16339343 231.0
728.6497988 272.666666667
729.13623007 256.5
729.62268721 249.333333333
730.10917018 265.666666667
730.59567893 264.5
731.08221345 244.333333333
731.56877369 279.5
732.0553596 253.666666667
732.54197116 266.5
733.02860834 264.666666667
733.51527108 249.333333333
734.00195936 259.5
734.48867313 271.333333333
734.97541237 220.0
735.46217703 267.333333333
735.94896708 266.0
736.43578248 223.5
736.9226232 262.333333333
737.40948919 251.0
737.89638043 249.0
738.38329686 261.0
738.87023847 265.0
739.3572052 250.333333333
739.84419703 271.0
740.33121392 252.333333333
740.81825582 261.0
741.30532271 271.333333333
741.79241455 264.333333333
742.27953129 255.5
742.76667291 272.333333333
743.25383936 230.5
743.74103061 265.333333333
744.22824663 271.333333333
744.71548737 223.0
745.2027528 273.0
745.69004288 259.5
746.17735758 249.333333333
746.66469685 267.333333333
747.15206067 263.0
747.63944899 250.0
748.12686178 288.0
748.614299 253.333333333
749.10176061 262.333333333
749.58924659 291.5
750.07675688 255.666666667
750.56429146 252.0
751.05185028 276.666666667
751.53943332 228.5
752.02704053 260.0
752.51467187 262.0
753.00232732 227.5
753.49000683 270.0
753.97771036 250.0
754.46543789 246.0
754.95318936 263.666666667
755.44096476 255.0
755.92876403 254.333333333
756.41658715 301.5
756.90443407 240.666666667
757.39230476 247.333333333
757.88019918 279.0
758.3681173 262.666666667
758.85605908 272.0
759.34402448 265.333333333
759.83201346 248.0
760.32002599 256.0
760.80806203 264.666666667
761.29612155 228.5
761.78420451 272.666666667
762.27231086 267.333333333
762.76044058 231.0
763.24859363 261.0
763.73676997 263.0
764.22496956 248.333333333
764.71319237 269.333333333
765.20143836 252.0
765.68970749 247.666666667
766.17799973 286.5
766.66631504 249.0
767.15465338 244.333333333
767.64301472 292.5
768.13139902 243.666666667
768.61980624 261.5
769.10823635 267.0
769.5966893 229.0
770.08516507 272.0
770.57366361 257.333333333
771.06218489 226.0
771.55072888 263.333333333
772.03929553 249.5
772.5278848 246.666666667
773.01649667 272.0
773.50513109 262.0
773.99378804 244.666666667
774.48246746 276.5
774.97116932 246.666666667
775.4598936 246.0
775.94864024 279.0
776.43740922 252.666666667
776.9262005 257.0
777.41501403 274.333333333
777.90384979 247.666666667
778.39270774 262.5
778.88158784 264.0
779.37049004 229.5
779.85941433 264.0
780.34836066 267.666666667
780.83732898 220.5
781.32631928 268.0
781.8153315 259.5
782.30436562 251.666666667
782.79342159 270.333333333
783.28249938 256.5
783.77159895 246.666666667
784.26072027 279.5
784.74986329 248.666666667
785.23902799 254.0
785.72821432 289.5
786.21742225 240.333333333
786.70665174 256.5
787.19590276 263.333333333
787.68517526 245.0
788.17446922 248.5
788.66378459 273.666666667
789.15312133 224.0
789.64247942 266.333333333
790.13185881 266.0
790.62125947 231.0
791.11068135 267.333333333
791.60012443 253.5
792.08958867 249.0
792.57907402 256.333333333
793.06858046 255.0
793.55810795 255.333333333
794.04765644 285.5
794.53722591 249.0
795.02681631 251.0
795.51642762 277.5
796.00605978 250.333333333
796.49571277 257.0
796.98538655 265.666666667
797.47508108 245.666666667
797.96479632 251.0
798.45453224 260.0
798.94428881 231.0
799.43406597 265.0
799.92386371 279.0
800.41368198 232.0
800.90352074 268.333333333
801.39337996 256.0
801.8832596 243.333333333
802.37315962 262.333333333
802.86307999 264.5
803.35302067 242.0
803.84298163 272.0
804.33296282 252.333333333
804.82296421 253.333333333
805.31298576 280.0
805.80302744 246.333333333
806.29308921 251.0
806.78317103 271.5
807.27327287 255.666666667
807.76339468 258.0
808.25353644 255.0
808.74369811 244.666666667
809.23387964 259.5
809.724081 268.0
810.21430216 240.5
810.70454308 264.666666667
811.19480372 271.666666667
811.68508405 236.0
812.17538402 272.333333333
812.6657036 261.0
813.15604276 244.666666667
813.64640146 271.333333333
814.13677965 260.0
814.62717731 249.0
815.1175944 300.0
815.60803088 249.333333333
816.09848671 249.0
816.58896185 278.5
817.07945628 244.666666667
817.56996995 253.5
818.06050283 262.333333333
818.55105488 248.0
819.04162606 267.5
819.53221633 262.333333333
820.02282567 236.0
820.51345402 269.666666667
821.00410137 263.666666667
821.49476766 236.5
821.98545286 259.0
822.47615694 261.0
822.96687986 236.0
