333.051300	0.000000
333.235016	0.000000
333.418732	0.000000
333.602448	0.000000
333.786163	0.000000
333.969879	0.000000
334.153625	0.000000
334.337372	0.000000
334.521088	0.000000
334.704834	0.000000
334.888550	0.000000
335.072327	0.000000
335.256073	0.000000
335.439819	0.000000
335.623596	0.000000
335.807343	0.000000
335.991119	0.000000
336.174866	0.000000
336.358643	0.000000
336.542419	0.000000
336.726196	0.000000
336.909973	0.000000
337.093750	0.000000
337.277527	0.000000
337.461304	0.000000
337.645111	0.000000
337.828918	0.000000
338.012726	0.000000
338.196533	0.000000
338.380341	0.000000
338.564117	0.000000
338.747925	0.000000
338.931763	0.000000
339.115570	0.000000
339.299408	0.000000
339.483215	0.000000
339.667023	0.000000
339.850861	0.000000
340.034698	0.000000
340.218536	0.000000
340.402405	0.000000
340.586243	0.000000
340.770111	0.000000
340.953918	0.000000
341.137787	0.000000
341.321655	0.000000
341.505524	0.000000
341.689392	0.000000
341.873260	0.000000
342.057098	0.000000
342.240967	0.000000
342.424866	0.000000
342.608734	0.000000
342.792633	0.000000
342.976532	0.000000
343.160431	0.000000
343.344299	0.000000
343.528198	0.000000
343.712097	0.000000
343.895996	0.000000
344.079926	0.000000
344.263824	0.000000
344.447723	0.000000
344.631653	0.000000
344.815552	0.000000
344.999481	0.000000
345.183411	0.000000
345.367371	0.000000
345.551300	0.000000
345.735199	0.000000
345.919159	0.000000
346.103088	0.000000
346.287048	0.000000
346.471008	0.000000
346.654968	0.000000
346.838898	0.000000
347.022858	0.000000
347.206818	0.000000
347.390778	0.000000
347.574768	0.000000
347.758728	0.000000
347.942719	0.000000
348.126678	0.000000
348.310669	0.000000
348.494659	0.000000
348.678650	0.000000
348.862640	0.000000
349.046631	0.000000
349.230591	0.000000
349.414612	0.000000
349.598602	0.000000
349.782623	0.000000
349.966644	236.000000
350.150665	285.000000
350.334686	286.000000
350.518677	254.000000
350.702698	241.000000
350.886749	270.000000
351.070770	274.000000
351.254822	240.000000
351.438843	242.000000
351.622864	282.000000
351.806915	269.000000
351.990967	256.000000
352.175018	253.000000
352.359070	283.000000
352.543121	275.000000
352.727203	234.000000
352.911224	266.000000
353.095306	286.000000
353.279358	260.000000
353.463440	242.000000
353.647522	240.000000
353.831604	287.000000
354.015656	271.000000
354.199738	240.000000
354.383850	237.000000
354.567932	287.000000
354.752045	285.000000
354.936127	246.000000
355.120239	250.000000
355.304321	288.000000
355.488434	277.000000
355.672546	242.000000
355.856659	254.000000
356.040771	273.000000
356.224915	273.000000
356.408997	244.000000
356.593140	241.000000
356.777252	289.000000
356.961395	274.000000
357.145538	243.000000
357.329681	244.000000
357.513824	269.000000
357.697937	278.000000
357.882111	241.000000
358.066254	254.000000
358.250397	273.000000
358.434570	275.000000
358.618744	253.000000
358.802887	246.000000
358.987061	262.000000
359.171234	282.000000
359.355408	258.000000
359.539581	247.000000
359.723755	287.000000
359.907959	282.000000
360.092102	245.000000
360.276306	238.000000
360.460510	276.000000
360.644684	273.000000
360.828888	252.000000
361.013092	251.000000
361.197296	299.000000
361.381500	290.000000
361.565704	243.000000
361.749939	234.000000
361.934143	276.000000
362.118378	275.000000
362.302612	244.000000
362.486786	228.000000
362.671021	280.000000
362.855255	290.000000
363.039520	235.000000
363.223755	243.000000
363.407990	275.000000
363.592224	270.000000
363.776459	243.000000
363.960724	248.000000
364.144989	271.000000
364.329254	276.000000
364.513519	263.000000
364.697784	232.000000
364.882019	277.000000
365.066284	271.000000
365.250580	234.000000
365.434845	243.000000
365.619141	267.000000
365.803436	276.000000
365.987701	244.000000
366.171967	235.000000
366.356262	270.000000
366.540558	284.000000
366.724884	244.000000
366.909180	245.000000
367.093445	291.000000
367.277771	284.000000
367.462097	235.000000
367.646393	250.000000
367.830719	277.000000
368.015045	264.000000
368.199371	245.000000
368.383698	238.000000
368.567993	276.000000
368.752350	267.000000
368.936676	229.000000
369.121033	240.000000
369.305359	281.000000
369.489685	286.000000
369.674042	252.000000
369.858398	262.000000
370.042755	280.000000
370.227112	256.000000
370.411469	241.000000
370.595856	244.000000
370.780212	274.000000
370.964569	292.000000
371.148926	250.000000
371.333313	244.000000
371.517700	268.000000
371.702087	268.000000
371.886444	243.000000
372.070831	248.000000
372.255219	260.000000
372.439636	286.000000
372.624023	242.000000
372.808441	249.000000
372.992828	276.000000
373.177246	274.000000
373.361633	245.000000
373.546051	246.000000
373.730469	279.000000
373.914886	273.000000
374.099304	243.000000
374.283722	238.000000
374.468140	272.000000
374.652588	266.000000
374.837006	241.000000
375.021454	246.000000
375.205902	279.000000
375.390350	271.000000
375.574799	260.000000
375.759216	234.000000
375.943665	264.000000
376.128143	283.000000
376.312592	258.000000
376.497070	250.000000
376.681488	284.000000
376.865967	270.000000
377.050446	244.000000
377.234924	240.000000
377.419403	270.000000
377.603882	294.000000
377.788361	243.000000
377.972870	231.000000
378.157318	270.000000
378.341827	266.000000
378.526306	249.000000
378.710815	241.000000
378.895325	290.000000
379.079803	266.000000
379.264313	249.000000
379.448822	253.000000
379.633331	288.000000
379.817841	276.000000
380.002380	242.000000
380.186890	240.000000
380.371429	284.000000
380.555939	262.000000
380.740479	235.000000
380.924988	246.000000
381.109528	277.000000
381.294098	274.000000
381.478607	232.000000
381.663147	235.000000
381.847717	274.000000
382.032257	283.000000
382.216827	232.000000
382.401367	236.000000
382.585937	286.000000
382.770508	275.000000
382.955048	253.000000
383.139618	239.000000
383.324188	268.000000
383.508789	276.000000
383.693359	251.000000
383.877930	251.000000
384.062500	292.000000
384.247101	280.000000
384.431702	258.000000
384.616302	245.000000
384.800903	293.000000
384.985504	298.000000
385.170105	229.000000
385.354675	239.000000
385.539276	282.000000
385.723907	273.000000
385.908508	252.000000
386.093140	242.000000
386.277740	288.000000
386.462372	282.000000
386.647003	240.000000
386.831635	240.000000
387.016266	285.000000
387.200897	271.000000
387.385559	245.000000
387.570190	254.000000
387.754791	273.000000
387.939453	279.000000
388.124115	230.000000
388.308777	265.000000
388.493439	302.000000
388.678070	287.000000
388.862732	254.000000
389.047394	237.000000
389.232056	283.000000
389.416748	276.000000
389.601410	239.000000
389.786102	240.000000
389.970795	274.000000
390.155426	262.000000
390.340118	253.000000
390.524811	237.000000
390.709503	277.000000
390.894196	293.000000
391.078888	231.000000
391.263580	230.000000
391.448303	292.000000
391.632996	273.000000
391.817719	239.000000
392.002441	261.000000
392.187134	292.000000
392.371857	272.000000
392.556549	253.000000
392.741302	236.000000
392.926025	302.000000
393.110748	277.000000
393.295502	235.000000
393.480194	239.000000
393.664948	287.000000
393.849670	300.000000
394.034424	253.000000
394.219177	256.000000
394.403931	270.000000
394.588684	271.000000
394.773468	237.000000
394.958191	243.000000
395.142944	261.000000
395.327728	270.000000
395.512482	267.000000
395.697266	224.000000
395.882019	283.000000
396.066803	284.000000
396.251587	240.000000
396.436371	247.000000
396.621155	276.000000
396.805939	275.000000
396.990723	256.000000
397.175537	241.000000
397.360291	274.000000
397.545105	284.000000
397.729919	237.000000
397.914703	241.000000
398.099518	283.000000
398.284302	273.000000
398.469116	241.000000
398.653961	251.000000
398.838776	286.000000
399.023590	291.000000
399.208435	242.000000
399.393250	239.000000
399.578094	307.000000
399.762909	289.000000
399.947754	259.000000
400.132599	235.000000
400.317444	296.000000
400.502289	282.000000
400.687103	244.000000
400.871948	254.000000
401.056824	261.000000
401.241669	291.000000
401.426544	250.000000
401.611420	238.000000
401.796265	284.000000
401.981140	276.000000
402.165985	244.000000
402.350861	238.000000
402.535767	287.000000
402.720642	277.000000
402.905518	260.000000
403.090393	260.000000
403.275269	281.000000
403.460175	284.000000
403.645081	247.000000
403.829956	237.000000
404.014862	270.000000
404.199768	282.000000
404.384674	278.000000
404.569580	249.000000
404.754486	303.000000
404.939392	288.000000
405.124329	236.000000
405.309235	251.000000
405.494141	288.000000
405.679077	284.000000
405.864014	245.000000
406.048950	244.000000
406.233887	302.000000
406.418823	284.000000
406.603760	259.000000
406.788696	248.000000
406.973633	276.000000
407.158569	291.000000
407.343536	257.000000
407.528473	253.000000
407.713440	306.000000
407.898376	284.000000
408.083344	269.000000
408.268311	239.000000
408.453278	290.000000
408.638275	294.000000
408.823242	238.000000
409.008209	256.000000
409.193207	284.000000
409.378143	279.000000
409.563141	256.000000
409.748138	264.000000
409.933136	294.000000
410.118134	288.000000
410.303101	273.000000
410.488098	250.000000
410.673096	312.000000
410.858124	310.000000
411.043121	264.000000
411.228149	257.000000
411.413147	321.000000
411.598175	300.000000
411.783173	263.000000
411.968201	278.000000
412.153229	306.000000
412.338257	312.000000
412.523285	260.000000
412.708282	249.000000
412.893341	322.000000
413.078369	316.000000
413.263428	259.000000
413.448456	258.000000
413.633514	330.000000
413.818573	308.000000
414.003632	258.000000
414.188660	262.000000
414.373718	327.000000
414.558777	320.000000
414.743835	276.000000
414.928925	313.000000
415.113953	341.000000
415.299042	340.000000
415.484100	291.000000
415.669189	274.000000
415.854279	340.000000
416.039368	330.000000
416.224457	280.000000
416.409546	294.000000
416.594604	354.000000
416.779694	349.000000
416.964813	309.000000
417.149902	300.000000
417.335022	362.000000
417.520081	365.000000
417.705200	325.000000
417.890320	322.000000
418.075439	364.000000
418.260559	386.000000
418.445679	324.000000
418.630798	335.000000
418.815918	363.000000
419.001038	367.000000
419.186157	334.000000
419.371307	331.000000
419.556427	387.000000
419.741577	387.000000
419.926697	344.000000
420.111847	347.000000
420.296997	410.000000
420.482147	391.000000
420.667297	350.000000
420.852448	358.000000
421.037628	427.000000
421.222778	408.000000
421.407928	377.000000
421.593079	383.000000
421.778259	440.000000
421.963440	443.000000
422.148621	401.000000
422.333771	396.000000
422.518951	490.000000
422.704132	456.000000
422.889313	430.000000
423.074493	413.000000
423.259705	473.000000
423.444885	465.000000
423.630096	464.000000
423.815277	445.000000
424.000458	530.000000
424.185669	513.000000
424.370880	456.000000
424.556091	468.000000
424.741272	519.000000
424.926514	543.000000
425.111725	487.000000
425.296936	501.000000
425.482178	576.000000
425.667389	562.000000
425.852631	526.000000
426.037872	535.000000
426.223083	586.000000
426.408325	588.000000
426.593567	550.000000
426.778809	568.000000
426.964050	623.000000
427.149261	635.000000
427.334534	618.000000
427.519775	619.000000
427.705048	663.000000
427.890289	677.000000
428.075562	666.000000
428.260834	648.000000
428.446106	686.000000
428.631348	725.000000
428.816620	675.000000
429.001892	680.000000
429.187164	746.000000
429.372467	762.000000
429.557709	721.000000
429.743011	730.000000
429.928284	802.000000
430.113586	805.000000
430.298889	785.000000
430.484161	777.000000
430.669464	838.000000
430.854767	857.000000
431.040070	823.000000
431.225372	817.000000
431.410675	907.000000
431.596008	887.000000
431.781311	893.000000
431.966614	878.000000
432.151917	976.000000
432.337250	963.000000
432.522583	946.000000
432.707916	977.000000
432.893250	1040.000000
433.078583	1059.000000
433.263916	1002.000000
433.449219	1019.000000
433.634583	1111.000000
433.819916	1098.000000
434.005280	1084.000000
434.190613	1099.000000
434.375946	1184.000000
434.561310	1213.000000
434.746674	1170.000000
434.932037	1177.000000
435.117401	1275.000000
435.302765	1325.000000
435.488129	1265.000000
435.673492	1272.000000
435.858856	1374.000000
436.044220	1396.000000
436.229614	1342.000000
436.415009	1342.000000
436.600372	1474.000000
436.785736	1462.000000
436.971130	1445.000000
437.156525	1456.000000
437.341919	1549.000000
437.527313	1583.000000
437.712738	1564.000000
437.898132	1567.000000
438.083527	1662.000000
438.268921	1693.000000
438.454346	1723.000000
438.639740	1701.000000
438.825165	1804.000000
439.010590	1822.000000
439.195984	1800.000000
439.381409	1826.000000
439.566833	1911.000000
439.752258	1955.000000
439.937683	1956.000000
440.123138	1968.000000
440.308563	2078.000000
440.494019	2105.000000
440.679413	2080.000000
440.864868	2124.000000
441.050323	2239.000000
441.235779	2228.000000
441.421234	2258.000000
441.606659	2272.000000
441.792114	2354.000000
441.977570	2359.000000
442.163055	2341.000000
442.348511	2384.000000
442.533997	2471.000000
442.719452	2513.000000
442.904938	2492.000000
443.090393	2530.000000
443.275848	2599.000000
443.461334	2623.000000
443.646820	2627.000000
443.832306	2646.000000
444.017792	2734.000000
444.203278	2766.000000
444.388763	2736.000000
444.574280	2789.000000
444.759766	2861.000000
444.945282	2867.000000
445.130768	2835.000000
445.316284	2821.000000
445.501770	2912.000000
445.687286	2926.000000
445.872803	2880.000000
446.058319	2881.000000
446.243835	2927.000000
446.429321	2964.000000
446.614868	2911.000000
446.800385	2894.000000
446.985931	2962.000000
447.171448	2945.000000
447.356995	2900.000000
447.542542	2905.000000
447.728088	2937.000000
447.913605	2923.000000
448.099152	2877.000000
448.284698	2864.000000
448.470245	2904.000000
448.655792	2909.000000
448.841339	2838.000000
449.026886	2808.000000
449.212463	2843.000000
449.398010	2839.000000
449.583588	2711.000000
449.769165	2684.000000
449.954712	2740.000000
450.140289	2702.000000
450.325836	2599.000000
450.511444	2605.000000
450.697021	2619.000000
450.882599	2617.000000
451.068176	2520.000000
451.253754	2494.000000
451.439331	2532.000000
451.624939	2508.000000
451.810547	2413.000000
451.996124	2362.000000
452.181732	2401.000000
452.367340	2329.000000
452.552948	2265.000000
452.738525	2236.000000
452.924164	2249.000000
453.109772	2217.000000
453.295380	2158.000000
453.481018	2103.000000
453.666595	2148.000000
453.852234	2087.000000
454.037842	2002.000000
454.223480	2022.000000
454.409119	2021.000000
454.594757	1993.000000
454.780396	1926.000000
454.966034	1881.000000
455.151642	1895.000000
455.337311	1874.000000
455.522949	1801.000000
455.708588	1744.000000
455.894257	1816.000000
456.079865	1754.000000
456.265533	1688.000000
456.451202	1694.000000
456.636871	1730.000000
456.822540	1665.000000
457.008209	1602.000000
457.193878	1582.000000
457.379547	1598.000000
457.565186	1587.000000
457.750854	1519.000000
457.936554	1495.000000
458.122223	1528.000000
458.307922	1506.000000
458.493591	1438.000000
458.679260	1403.000000
458.864960	1476.000000
459.050659	1440.000000
459.236359	1350.000000
459.422058	1352.000000
459.607758	1403.000000
459.793457	1390.000000
459.979156	1305.000000
460.164856	1288.000000
460.350586	1336.000000
460.536285	1306.000000
460.722015	1243.000000
460.907715	1244.000000
461.093414	1257.000000
461.279144	1272.000000
461.464874	1184.000000
461.650604	1177.000000
461.836334	1214.000000
462.022064	1218.000000
462.207825	1131.000000
462.393555	1112.000000
462.579285	1186.000000
462.765015	1166.000000
462.950775	1069.000000
463.136475	1073.000000
463.322235	1115.000000
463.507996	1090.000000
463.693756	1027.000000
463.879517	999.000000
464.065277	1072.000000
464.251038	1048.000000
464.436798	990.000000
464.622589	960.000000
464.808350	1010.000000
464.994110	1004.000000
465.179871	924.000000
465.365662	927.000000
465.551422	973.000000
465.737183	953.000000
465.922974	858.000000
466.108765	853.000000
466.294556	919.000000
466.480347	887.000000
466.666168	822.000000
466.851959	813.000000
467.037750	866.000000
467.223572	867.000000
467.409332	791.000000
467.595154	759.000000
467.780975	816.000000
467.966736	795.000000
468.152557	735.000000
468.338379	733.000000
468.524200	790.000000
468.710022	758.000000
468.895844	697.000000
469.081696	696.000000
469.267517	732.000000
469.453339	727.000000
469.639191	664.000000
469.824982	656.000000
470.010834	696.000000
470.196686	705.000000
470.382507	667.000000
470.568329	636.000000
470.754181	680.000000
470.940033	658.000000
471.125916	584.000000
471.311768	626.000000
471.497620	649.000000
471.683472	644.000000
471.869354	580.000000
472.055206	604.000000
472.241058	603.000000
472.426910	599.000000
472.612793	567.000000
472.798645	550.000000
472.984528	580.000000
473.170410	577.000000
473.356293	514.000000
473.542175	520.000000
473.728058	581.000000
473.913971	554.000000
474.099854	509.000000
474.285736	496.000000
474.471649	548.000000
474.657532	569.000000
474.843414	509.000000
475.029327	504.000000
475.215210	537.000000
475.401123	526.000000
475.587036	465.000000
475.772949	460.000000
475.958862	511.000000
476.144775	502.000000
476.330719	455.000000
476.516632	443.000000
476.702545	486.000000
476.888489	483.000000
477.074402	438.000000
477.260315	429.000000
477.446259	496.000000
477.632172	468.000000
477.818115	430.000000
478.004059	427.000000
478.190002	494.000000
478.375946	470.000000
478.561890	406.000000
478.747864	399.000000
478.933807	457.000000
479.119751	457.000000
479.305725	393.000000
479.491669	395.000000
479.677612	435.000000
479.863586	450.000000
480.049530	379.000000
480.235504	368.000000
480.421478	427.000000
480.607452	438.000000
480.793427	378.000000
480.979401	390.000000
481.165405	435.000000
481.351379	427.000000
481.537354	376.000000
481.723358	358.000000
481.909332	416.000000
482.095306	412.000000
482.281311	364.000000
482.467285	350.000000
482.653290	402.000000
482.839294	407.000000
483.025299	352.000000
483.211304	354.000000
483.397308	402.000000
483.583344	408.000000
483.769348	343.000000
483.955353	343.000000
484.141388	386.000000
484.327393	387.000000
484.513397	328.000000
484.699432	323.000000
484.885437	406.000000
485.071472	379.000000
485.257507	335.000000
485.443542	330.000000
485.629578	370.000000
485.815613	361.000000
486.001648	320.000000
486.187714	329.000000
486.373749	364.000000
486.559814	368.000000
486.745819	320.000000
486.931885	304.000000
487.117950	365.000000
487.303986	364.000000
487.490051	304.000000
487.676117	306.000000
487.862183	334.000000
488.048248	354.000000
488.234314	288.000000
488.420380	304.000000
488.606445	343.000000
488.792542	352.000000
488.978607	301.000000
489.164673	288.000000
489.350769	352.000000
489.536835	359.000000
489.722900	297.000000
489.908997	292.000000
490.095093	343.000000
490.281189	360.000000
490.467285	298.000000
490.653381	311.000000
490.839508	311.000000
491.025604	327.000000
491.211700	284.000000
491.397827	274.000000
491.583893	339.000000
491.770020	335.000000
491.956146	278.000000
492.142212	297.000000
492.328339	314.000000
492.514465	317.000000
492.700592	287.000000
492.886719	273.000000
493.072845	330.000000
493.258972	303.000000
493.445129	271.000000
493.631256	262.000000
493.817413	350.000000
494.003510	324.000000
494.189667	267.000000
494.375793	287.000000
494.561920	333.000000
494.748077	320.000000
494.934235	264.000000
495.120392	268.000000
495.306549	312.000000
495.492706	336.000000
495.678864	266.000000
495.865021	270.000000
496.051178	320.000000
496.237366	327.000000
496.423492	264.000000
496.609680	276.000000
496.795837	315.000000
496.981995	298.000000
497.168182	260.000000
497.354370	268.000000
497.540558	299.000000
497.726746	299.000000
497.912933	259.000000
498.099121	257.000000
498.285309	309.000000
498.471497	294.000000
498.657715	266.000000
498.843872	249.000000
499.030090	340.000000
499.216278	304.000000
499.402466	246.000000
499.588654	253.000000
499.774872	307.000000
499.961090	305.000000
500.147308	252.000000
500.333527	245.000000
500.519745	314.000000
500.705963	347.000000
500.892181	261.000000
501.078430	242.000000
501.264618	308.000000
501.450836	297.000000
501.637085	244.000000
501.823303	255.000000
502.009521	300.000000
502.195770	327.000000
502.382019	258.000000
502.568268	249.000000
502.754486	311.000000
502.940735	299.000000
503.127014	233.000000
503.313263	247.000000
503.499512	298.000000
503.685730	310.000000
503.872009	257.000000
504.058258	241.000000
504.244507	318.000000
504.430756	294.000000
504.617035	244.000000
504.803314	248.000000
504.989563	306.000000
505.175842	294.000000
505.362122	262.000000
505.548401	242.000000
505.734680	290.000000
505.920959	282.000000
506.107239	250.000000
506.293518	250.000000
506.479797	292.000000
506.666077	300.000000
506.852356	249.000000
507.038666	241.000000
507.224945	314.000000
507.411255	289.000000
507.597565	243.000000
507.783875	247.000000
507.970184	306.000000
508.156494	290.000000
508.342804	234.000000
508.529083	268.000000
508.715393	294.000000
508.901703	297.000000
509.088013	237.000000
509.274323	244.000000
509.460663	288.000000
509.646973	293.000000
509.833313	265.000000
510.019653	253.000000
510.205963	302.000000
510.392303	300.000000
510.578644	254.000000
510.764984	241.000000
510.951294	298.000000
511.137634	317.000000
511.324005	240.000000
511.510315	232.000000
511.696655	314.000000
511.883026	284.000000
512.069397	232.000000
512.255737	244.000000
512.442078	290.000000
512.628479	293.000000
512.814819	234.000000
513.001160	237.000000
513.187561	279.000000
513.373901	282.000000
513.560303	256.000000
513.746643	232.000000
513.932983	292.000000
514.119385	277.000000
514.305725	232.000000
514.492126	234.000000
514.678528	289.000000
514.864868	277.000000
515.051270	237.000000
515.237671	243.000000
515.424072	284.000000
515.610474	297.000000
515.796814	262.000000
515.983215	231.000000
516.169617	284.000000
516.356018	287.000000
516.542419	230.000000
516.728821	251.000000
516.915222	309.000000
517.101624	293.000000
517.288086	233.000000
517.474487	231.000000
517.660889	275.000000
517.847290	279.000000
518.033752	242.000000
518.220154	239.000000
518.406616	296.000000
518.593018	286.000000
518.779358	243.000000
518.965820	241.000000
519.152283	296.000000
519.338684	306.000000
519.525146	242.000000
519.711548	235.000000
519.898010	269.000000
520.084473	300.000000
520.270935	233.000000
520.457336	239.000000
520.643738	299.000000
520.830200	304.000000
521.016663	240.000000
521.203125	244.000000
521.389587	278.000000
521.576050	298.000000
521.762512	241.000000
521.948975	232.000000
522.135437	283.000000
522.321899	292.000000
522.508362	228.000000
522.694885	243.000000
522.881348	303.000000
523.067810	288.000000
523.254272	240.000000
523.440796	239.000000
523.627197	289.000000
523.813721	275.000000
524.000183	232.000000
524.186646	248.000000
524.373169	299.000000
524.559692	301.000000
524.746155	244.000000
524.932678	232.000000
525.119141	291.000000
525.305664	285.000000
525.492126	236.000000
525.678589	246.000000
525.865112	282.000000
526.051636	278.000000
526.238159	226.000000
526.424683	235.000000
526.611206	303.000000
526.797729	292.000000
526.984253	235.000000
527.170776	243.000000
527.357300	286.000000
527.543823	286.000000
527.730347	261.000000
527.916870	231.000000
528.103394	285.000000
528.289917	282.000000
528.476440	241.000000
528.662964	233.000000
528.849487	282.000000
529.036072	285.000000
529.222595	225.000000
529.409119	230.000000
529.595703	295.000000
529.782227	283.000000
529.968811	236.000000
530.155334	251.000000
530.341858	282.000000
530.528381	284.000000
530.714966	232.000000
530.901550	227.000000
531.088074	271.000000
531.274658	307.000000
531.461243	228.000000
531.647827	234.000000
531.834412	280.000000
532.020996	276.000000
532.207520	238.000000
532.394104	231.000000
532.580688	281.000000
532.767273	285.000000
532.953857	259.000000
533.140442	240.000000
533.327026	304.000000
533.513611	291.000000
533.700195	237.000000
533.886780	233.000000
534.073364	299.000000
534.260010	292.000000
534.446594	228.000000
534.633179	235.000000
534.819824	294.000000
535.006409	298.000000
535.192932	237.000000
535.379578	235.000000
535.566162	284.000000
535.752808	283.000000
535.939392	251.000000
536.126038	244.000000
536.312683	279.000000
536.499268	283.000000
536.685913	234.000000
536.872559	237.000000
537.059143	291.000000
537.245789	282.000000
537.432434	226.000000
537.619080	238.000000
537.805725	281.000000
537.992371	287.000000
538.178955	228.000000
538.365601	231.000000
538.552246	291.000000
538.738892	295.000000
538.925537	247.000000
539.112183	240.000000
539.298828	288.000000
539.485474	298.000000
539.672119	251.000000
539.858765	243.000000
540.045410	285.000000
540.232056	295.000000
540.418701	258.000000
540.605408	239.000000
540.792053	302.000000
540.978760	314.000000
541.165405	261.000000
541.352051	275.000000
541.538757	304.000000
541.725464	295.000000
541.912109	253.000000
542.098816	261.000000
542.285461	292.000000
542.472168	305.000000
542.658875	248.000000
542.845581	253.000000
543.032166	308.000000
543.218872	316.000000
543.405579	248.000000
543.592285	265.000000
543.778992	299.000000
543.965698	300.000000
544.152405	260.000000
544.339111	246.000000
544.525818	303.000000
544.712524	322.000000
544.899170	249.000000
545.085876	255.000000
545.272583	330.000000
545.459290	345.000000
545.645996	295.000000
545.832764	288.000000
546.019470	305.000000
546.206177	298.000000
546.392944	259.000000
546.579651	253.000000
546.766357	295.000000
546.953125	291.000000
547.139832	274.000000
547.326599	243.000000
547.513306	302.000000
547.700073	288.000000
547.886719	241.000000
548.073486	248.000000
548.260254	306.000000
548.446960	298.000000
548.633728	247.000000
548.820496	238.000000
549.007263	312.000000
549.193970	288.000000
549.380737	234.000000
549.567505	233.000000
549.754211	297.000000
549.940979	288.000000
550.127747	225.000000
550.314514	238.000000
550.501282	273.000000
550.688049	281.000000
550.874817	255.000000
551.061584	238.000000
551.248352	296.000000
551.435181	308.000000
551.621948	248.000000
551.808716	230.000000
551.995483	297.000000
552.182312	288.000000
552.369080	236.000000
552.555847	248.000000
552.742615	291.000000
552.929382	267.000000
553.116150	244.000000
553.302979	234.000000
553.489746	289.000000
553.676575	292.000000
553.863403	238.000000
554.050171	233.000000
554.237000	292.000000
554.423767	280.000000
554.610535	225.000000
554.797363	232.000000
554.984192	272.000000
555.170959	274.000000
555.357788	239.000000
555.544617	232.000000
555.731445	291.000000
555.918274	302.000000
556.105103	229.000000
556.291931	227.000000
556.478760	297.000000
556.665588	281.000000
556.852417	223.000000
557.039246	228.000000
557.226074	284.000000
557.412903	278.000000
557.599670	228.000000
557.786560	225.000000
557.973389	270.000000
558.160217	276.000000
558.347046	247.000000
558.533936	228.000000
558.720764	279.000000
558.907654	282.000000
559.094482	254.000000
559.281311	245.000000
559.468140	266.000000
559.654968	277.000000
559.841858	246.000000
560.028687	256.000000
560.215576	276.000000
560.402466	287.000000
560.589294	242.000000
560.776184	233.000000
560.963074	278.000000
561.149963	281.000000
561.336792	234.000000
561.523682	229.000000
561.710571	277.000000
561.897461	298.000000
562.084351	233.000000
562.271240	225.000000
562.458069	272.000000
562.644958	294.000000
562.831848	228.000000
563.018738	224.000000
563.205627	278.000000
563.392517	261.000000
563.579407	239.000000
563.766296	236.000000
563.953186	285.000000
564.140076	278.000000
564.326965	239.000000
564.513855	229.000000
564.700745	280.000000
564.887695	267.000000
565.074585	237.000000
565.261475	239.000000
565.448425	292.000000
565.635315	296.000000
565.822266	230.000000
566.009155	238.000000
566.196106	284.000000
566.382996	282.000000
566.569946	248.000000
566.756897	258.000000
566.943787	308.000000
567.130737	293.000000
567.317627	237.000000
567.504517	256.000000
567.691467	274.000000
567.878418	288.000000
568.065369	230.000000
568.252319	229.000000
568.439270	280.000000
568.626221	275.000000
568.813110	245.000000
569.000061	229.000000
569.186951	280.000000
569.373901	276.000000
569.560913	247.000000
569.747864	239.000000
569.934814	281.000000
570.121765	289.000000
570.308716	261.000000
570.495667	238.000000
570.682678	261.000000
570.869629	276.000000
571.056580	245.000000
571.243530	232.000000
571.430542	286.000000
571.617493	298.000000
571.804504	230.000000
571.991455	235.000000
572.178345	290.000000
572.365356	301.000000
572.552307	226.000000
572.739319	237.000000
572.926331	266.000000
573.113281	290.000000
573.300293	255.000000
573.487244	238.000000
573.674255	284.000000
573.861267	281.000000
574.048218	246.000000
574.235168	228.000000
574.422180	296.000000
574.609192	300.000000
574.796204	235.000000
574.983215	235.000000
575.170227	294.000000
575.357239	272.000000
575.544250	223.000000
575.731262	245.000000
575.918274	287.000000
576.105286	292.000000
576.292297	236.000000
576.479309	232.000000
576.666321	282.000000
576.853333	293.000000
577.040283	226.000000
577.227356	235.000000
577.414368	288.000000
577.601379	287.000000
577.788391	224.000000
577.975464	234.000000
578.162476	259.000000
578.349548	312.000000
578.536560	239.000000
578.723572	245.000000
578.910583	290.000000
579.097595	293.000000
579.284668	238.000000
579.471741	240.000000
579.658752	290.000000
579.845825	278.000000
580.032837	239.000000
580.219910	231.000000
580.406982	301.000000
580.593994	281.000000
580.781067	254.000000
580.968140	268.000000
581.155212	294.000000
581.342285	285.000000
581.529297	233.000000
581.716370	249.000000
581.903381	307.000000
582.090454	297.000000
582.277527	249.000000
582.464600	222.000000
582.651672	284.000000
582.838745	271.000000
583.025818	237.000000
583.212891	230.000000
583.400024	289.000000
583.587097	297.000000
583.774109	257.000000
583.961182	259.000000
584.148254	292.000000
584.335388	278.000000
584.522461	256.000000
584.709534	241.000000
584.896667	295.000000
585.083740	294.000000
585.270813	243.000000
585.457947	226.000000
585.645020	285.000000
585.832153	273.000000
586.019226	224.000000
586.206360	233.000000
586.393433	286.000000
586.580566	280.000000
586.767639	258.000000
586.954712	237.000000
587.141846	306.000000
587.328979	292.000000
587.516052	241.000000
587.703186	241.000000
587.890320	314.000000
588.077454	300.000000
588.264587	274.000000
588.451721	236.000000
588.638733	316.000000
588.825867	323.000000
589.013000	228.000000
589.200134	238.000000
589.387268	295.000000
589.574402	332.000000
589.761536	228.000000
589.948669	238.000000
590.135864	313.000000
590.322998	281.000000
590.510132	231.000000
590.697266	272.000000
590.884399	290.000000
591.071533	305.000000
591.258728	235.000000
591.445862	231.000000
591.632935	287.000000
591.820190	312.000000
592.007263	266.000000
592.194397	242.000000
592.381592	319.000000
592.568726	297.000000
592.755920	224.000000
592.943054	230.000000
593.130249	304.000000
593.317322	306.000000
593.504517	242.000000
593.691711	236.000000
593.878845	302.000000
594.066040	336.000000
594.253235	239.000000
594.440369	227.000000
594.627563	307.000000
594.814758	297.000000
595.001953	244.000000
595.189087	236.000000
595.376282	296.000000
595.563477	308.000000
595.750671	290.000000
595.937866	245.000000
596.125061	288.000000
596.312256	294.000000
596.499451	242.000000
596.686646	232.000000
596.873779	298.000000
597.060974	310.000000
597.248169	223.000000
597.435364	244.000000
597.622559	285.000000
597.809753	297.000000
597.997009	264.000000
598.184143	228.000000
598.371338	315.000000
598.558533	302.000000
598.745789	263.000000
598.932983	264.000000
599.120178	289.000000
599.307434	276.000000
599.494629	229.000000
599.681885	253.000000
599.869080	297.000000
600.056335	285.000000
600.243530	228.000000
600.430786	229.000000
600.617981	271.000000
600.805237	301.000000
600.992432	235.000000
601.179687	240.000000
601.366943	287.000000
601.554138	283.000000
601.741333	228.000000
601.928589	232.000000
602.115845	274.000000
602.303040	309.000000
602.490295	244.000000
602.677551	232.000000
602.864807	299.000000
603.052002	293.000000
603.239258	261.000000
603.426514	237.000000
603.613770	304.000000
603.801025	293.000000
603.988281	267.000000
604.175537	236.000000
604.362793	308.000000
604.550049	300.000000
604.737305	229.000000
604.924561	233.000000
605.111816	311.000000
605.299072	296.000000
605.486389	240.000000
605.673645	230.000000
605.860901	288.000000
606.048157	302.000000
606.235474	227.000000
606.422729	237.000000
606.609924	301.000000
606.797241	285.000000
606.984497	229.000000
607.171814	244.000000
607.359070	328.000000
607.546387	298.000000
607.733643	238.000000
607.920898	232.000000
608.108154	282.000000
608.295471	287.000000
608.482727	243.000000
608.670044	228.000000
608.857361	292.000000
609.044617	277.000000
609.231934	266.000000
609.419250	236.000000
609.606567	291.000000
609.793823	279.000000
609.981140	232.000000
610.168457	247.000000
610.355774	313.000000
610.543091	293.000000
610.730408	268.000000
610.917725	283.000000
611.105042	321.000000
611.292358	304.000000
611.479614	262.000000
611.666931	260.000000
611.854248	292.000000
612.041565	297.000000
612.228882	249.000000
612.416199	237.000000
612.603516	300.000000
612.790771	299.000000
612.978088	240.000000
613.165466	242.000000
613.352783	291.000000
613.540100	297.000000
613.727417	237.000000
613.914795	236.000000
614.102112	290.000000
614.289490	296.000000
614.476807	234.000000
614.664124	234.000000
614.851501	315.000000
615.038818	299.000000
615.226196	239.000000
615.413513	228.000000
615.600891	302.000000
615.788208	284.000000
615.975586	232.000000
616.162903	235.000000
616.350220	284.000000
616.537598	284.000000
616.724915	227.000000
616.912292	250.000000
617.099670	296.000000
617.287048	284.000000
617.474365	255.000000
617.661682	250.000000
617.849060	280.000000
618.036438	289.000000
618.223816	233.000000
618.411194	242.000000
618.598511	284.000000
618.785889	280.000000
618.973267	230.000000
619.160645	269.000000
619.348022	275.000000
619.535400	295.000000
619.722778	235.000000
619.910156	237.000000
620.097595	300.000000
620.284973	279.000000
620.472351	240.000000
620.659729	230.000000
620.847107	280.000000
621.034485	267.000000
621.221863	257.000000
621.409241	227.000000
621.596619	289.000000
621.783997	293.000000
621.971436	232.000000
622.158813	236.000000
622.346252	282.000000
622.533569	277.000000
622.720947	241.000000
622.908386	228.000000
623.095764	279.000000
623.283203	286.000000
623.470581	248.000000
623.658020	242.000000
623.845398	295.000000
624.032837	285.000000
624.220276	231.000000
624.407654	235.000000
624.595093	278.000000
624.782471	265.000000
624.969910	242.000000
625.157349	235.000000
625.344788	277.000000
625.532166	288.000000
625.719604	241.000000
625.907043	248.000000
626.094421	280.000000
626.281860	307.000000
626.469299	228.000000
626.656677	235.000000
626.844116	278.000000
627.031555	291.000000
627.218994	242.000000
627.406372	233.000000
627.593811	291.000000
627.781250	268.000000
627.968689	228.000000
628.156128	233.000000
628.343628	290.000000
628.531067	293.000000
628.718506	229.000000
628.905945	236.000000
629.093384	275.000000
629.280823	268.000000
629.468323	249.000000
629.655762	275.000000
629.843201	288.000000
630.030701	281.000000
630.218140	248.000000
630.405579	226.000000
630.593079	269.000000
630.780518	273.000000
630.967896	237.000000
631.155396	230.000000
631.342834	294.000000
631.530334	273.000000
631.717773	245.000000
631.905273	241.000000
632.092712	289.000000
632.280151	284.000000
632.467590	249.000000
632.655090	241.000000
632.842590	284.000000
633.030029	269.000000
633.217529	254.000000
633.405029	234.000000
633.592529	265.000000
633.779968	281.000000
633.967468	248.000000
634.154968	225.000000
634.342468	267.000000
634.529907	283.000000
634.717407	240.000000
634.904907	255.000000
635.092407	286.000000
635.279907	278.000000
635.467407	238.000000
635.654907	233.000000
635.842346	275.000000
636.029846	286.000000
636.217346	246.000000
636.404846	244.000000
636.592346	267.000000
636.779846	303.000000
636.967346	242.000000
637.154785	227.000000
637.342346	276.000000
637.529846	268.000000
637.717346	228.000000
637.904846	250.000000
638.092346	279.000000
638.279907	276.000000
638.467407	250.000000
638.654907	239.000000
638.842468	285.000000
639.029968	284.000000
639.217468	244.000000
639.405029	223.000000
639.592529	265.000000
639.780090	271.000000
639.967590	241.000000
640.155090	238.000000
640.342651	286.000000
640.530151	287.000000
640.717651	256.000000
640.905212	232.000000
641.092712	288.000000
641.280273	273.000000
641.467773	232.000000
641.655334	233.000000
641.842896	285.000000
642.030334	284.000000
642.217896	235.000000
642.405457	252.000000
642.593018	276.000000
642.780518	295.000000
642.968079	231.000000
643.155640	242.000000
643.343201	304.000000
643.530762	260.000000
643.718323	240.000000
643.905823	223.000000
644.093384	281.000000
644.280945	274.000000
644.468506	231.000000
644.656067	232.000000
644.843628	277.000000
645.031189	279.000000
645.218750	237.000000
645.406311	234.000000
645.593811	271.000000
645.781433	278.000000
645.968994	234.000000
646.156555	227.000000
646.344116	282.000000
646.531677	279.000000
646.719238	237.000000
646.906799	237.000000
647.094360	286.000000
647.281921	269.000000
647.469482	235.000000
647.657104	232.000000
647.844666	276.000000
648.032227	291.000000
648.219849	244.000000
648.407410	253.000000
648.594971	282.000000
648.782593	296.000000
648.970154	245.000000
649.157776	232.000000
649.345337	278.000000
649.532959	282.000000
649.720520	230.000000
649.908142	251.000000
650.095703	286.000000
650.283325	276.000000
650.470886	249.000000
650.658447	237.000000
650.846069	291.000000
651.033691	265.000000
651.221252	241.000000
651.408875	228.000000
651.596497	302.000000
651.784058	283.000000
651.971619	240.000000
652.159241	231.000000
652.346863	271.000000
652.534485	300.000000
652.722107	235.000000
652.909668	240.000000
653.097290	273.000000
653.284912	260.000000
653.472534	231.000000
653.660156	251.000000
653.847778	270.000000
654.035400	282.000000
654.223022	252.000000
654.410645	248.000000
654.598267	271.000000
654.785889	289.000000
654.973511	272.000000
655.161133	223.000000
655.348755	271.000000
655.536377	270.000000
655.723999	229.000000
655.911621	241.000000
656.099243	275.000000
656.286865	252.000000
656.474548	244.000000
656.662109	233.000000
656.849731	279.000000
657.037415	287.000000
657.225037	230.000000
657.412659	228.000000
657.600342	290.000000
657.787964	275.000000
657.975586	241.000000
658.163269	236.000000
658.350891	287.000000
658.538574	270.000000
658.726196	238.000000
658.913879	240.000000
659.101501	284.000000
659.289185	272.000000
659.476807	235.000000
659.664490	232.000000
659.852112	288.000000
660.039795	277.000000
660.227417	224.000000
660.415039	254.000000
660.602722	292.000000
660.790405	289.000000
660.978027	241.000000
661.165710	222.000000
661.353394	301.000000
661.541016	283.000000
661.728638	233.000000
661.916321	225.000000
662.104004	278.000000
662.291687	279.000000
662.479370	238.000000
662.666992	235.000000
662.854675	289.000000
663.042358	262.000000
663.230042	244.000000
663.417725	238.000000
663.605408	280.000000
663.793091	271.000000
663.980774	243.000000
664.168457	230.000000
664.356140	267.000000
664.543823	280.000000
664.731506	224.000000
664.919189	244.000000
665.106812	278.000000
665.294556	260.000000
665.482239	230.000000
665.669922	244.000000
665.857605	270.000000
666.045288	268.000000
666.233032	238.000000
666.420654	237.000000
666.608337	291.000000
666.796021	278.000000
666.983765	237.000000
667.171448	236.000000
667.359131	289.000000
667.546875	273.000000
667.734558	231.000000
667.922241	238.000000
668.109985	271.000000
668.297668	278.000000
668.485413	244.000000
668.673096	227.000000
668.860840	276.000000
669.048523	285.000000
669.236267	256.000000
669.423950	233.000000
669.611694	290.000000
669.799377	272.000000
669.987061	234.000000
670.174744	226.000000
670.362488	288.000000
670.550232	272.000000
670.737915	241.000000
670.925659	241.000000
671.113403	272.000000
671.301025	271.000000
671.488770	225.000000
671.676514	241.000000
671.864258	303.000000
672.052002	268.000000
672.239685	236.000000
672.427429	240.000000
672.615173	299.000000
672.802917	276.000000
672.990662	243.000000
673.178406	247.000000
673.366089	286.000000
673.553833	286.000000
673.741577	243.000000
673.929321	246.000000
674.117065	277.000000
674.304810	289.000000
674.492554	244.000000
674.680298	230.000000
674.867981	280.000000
675.055725	271.000000
675.243530	229.000000
675.431274	260.000000
675.619019	287.000000
675.806763	272.000000
675.994507	228.000000
676.182190	239.000000
676.369934	284.000000
676.557739	264.000000
676.745483	237.000000
676.933228	255.000000
677.120972	283.000000
677.308777	279.000000
677.496521	233.000000
677.684265	225.000000
677.872070	299.000000
678.059814	262.000000
678.247559	240.000000
678.435364	231.000000
678.623108	268.000000
678.810852	262.000000
678.998657	241.000000
679.186401	237.000000
679.374207	277.000000
679.561951	286.000000
679.749695	224.000000
679.937439	225.000000
680.125244	277.000000
680.312988	292.000000
680.500793	231.000000
680.688538	231.000000
680.876343	284.000000
681.064087	273.000000
681.251831	224.000000
681.439636	245.000000
681.627441	280.000000
681.815186	283.000000
682.002991	218.000000
682.190796	231.000000
682.378540	277.000000
682.566345	294.000000
682.754150	218.000000
682.941956	235.000000
683.129700	282.000000
683.317505	283.000000
683.505310	228.000000
683.693115	221.000000
683.880920	284.000000
684.068726	284.000000
684.256531	226.000000
684.444275	226.000000
684.632019	292.000000
684.819824	292.000000
685.007629	231.000000
685.195435	225.000000
685.383240	279.000000
685.571045	294.000000
685.758850	250.000000
685.946594	228.000000
686.134399	293.000000
686.322205	279.000000
686.510071	224.000000
686.697876	232.000000
686.885681	286.000000
687.073486	263.000000
687.261292	250.000000
687.449097	236.000000
687.636902	284.000000
687.824768	285.000000
688.012573	234.000000
688.200378	241.000000
688.388184	284.000000
688.576050	292.000000
688.763855	249.000000
688.951660	218.000000
689.139526	280.000000
689.327332	275.000000
689.515076	230.000000
689.702942	243.000000
689.890747	284.000000
690.078552	265.000000
690.266418	236.000000
690.454224	227.000000
690.642090	269.000000
690.829834	272.000000
691.017700	229.000000
691.205505	222.000000
691.393372	294.000000
691.581177	280.000000
691.769043	221.000000
691.956848	234.000000
692.144714	270.000000
692.332520	270.000000
692.520386	229.000000
692.708191	226.000000
692.896057	278.000000
693.083923	286.000000
693.271729	233.000000
693.459595	218.000000
693.647461	285.000000
693.835266	299.000000
694.023132	238.000000
694.210999	231.000000
694.398804	283.000000
694.586609	269.000000
694.774475	254.000000
694.962341	226.000000
695.150208	280.000000
695.338074	285.000000
695.525940	226.000000
695.713684	226.000000
695.901550	304.000000
696.089417	280.000000
696.277283	225.000000
696.465149	230.000000
696.653015	290.000000
696.840881	284.000000
697.028748	230.000000
697.216614	226.000000
697.404480	277.000000
697.592346	290.000000
697.780212	227.000000
697.968079	224.000000
698.155945	296.000000
698.343811	280.000000
698.531677	224.000000
698.719543	227.000000
698.907410	283.000000
699.095276	275.000000
699.283142	229.000000
699.471008	224.000000
699.658875	307.000000
699.846741	307.000000
700.034607	240.000000
700.222534	228.000000
700.410400	285.000000
700.598206	269.000000
700.786072	240.000000
700.973999	258.000000
701.161865	286.000000
701.349731	271.000000
701.537598	226.000000
701.725525	230.000000
701.913391	288.000000
702.101257	277.000000
702.289185	236.000000
702.477051	236.000000
702.664978	296.000000
702.852844	279.000000
703.040771	238.000000
703.228638	239.000000
703.416504	293.000000
703.604431	263.000000
703.792297	238.000000
703.980225	222.000000
704.168030	284.000000
704.355957	288.000000
704.543884	236.000000
704.731750	234.000000
704.919678	286.000000
705.107544	281.000000
705.295471	231.000000
705.483276	243.000000
705.671204	280.000000
705.859131	281.000000
706.046997	232.000000
706.234924	226.000000
706.422852	299.000000
706.610779	266.000000
706.798645	226.000000
706.986572	220.000000
707.174500	282.000000
707.362366	292.000000
707.550293	214.000000
707.738220	235.000000
707.926147	276.000000
708.114075	279.000000
708.301941	220.000000
708.489868	220.000000
708.677795	290.000000
708.865723	271.000000
709.053589	234.000000
709.241516	228.000000
709.429443	292.000000
709.617371	284.000000
709.805298	231.000000
709.993225	228.000000
710.181152	282.000000
710.369019	286.000000
710.556946	215.000000
710.744873	247.000000
710.932800	279.000000
711.120728	274.000000
711.308655	221.000000
711.496582	221.000000
711.684509	277.000000
711.872437	292.000000
712.060364	233.000000
712.248291	232.000000
712.436218	287.000000
712.624146	268.000000
712.812134	228.000000
713.000061	229.000000
713.187988	307.000000
713.375916	301.000000
713.563843	234.000000
713.751831	227.000000
713.939697	292.000000
714.127625	274.000000
714.315552	218.000000
714.503540	232.000000
714.691467	303.000000
714.879395	266.000000
715.067322	238.000000
715.255249	234.000000
715.443176	302.000000
715.631165	278.000000
715.819092	233.000000
716.007019	223.000000
716.195007	283.000000
716.382935	282.000000
716.570862	228.000000
716.758850	229.000000
716.946777	288.000000
717.134766	278.000000
717.322693	222.000000
717.510681	241.000000
717.698608	274.000000
717.886597	278.000000
718.074524	224.000000
718.262512	217.000000
718.450439	276.000000
718.638428	277.000000
718.826355	237.000000
719.014282	239.000000
719.202271	287.000000
719.390198	268.000000
719.578186	233.000000
719.766174	227.000000
719.954102	276.000000
720.142029	271.000000
720.330017	223.000000
720.517944	238.000000
720.705933	302.000000
720.893921	294.000000
721.081848	245.000000
721.269836	232.000000
721.457825	289.000000
721.645813	283.000000
721.833740	228.000000
722.021729	227.000000
722.209717	273.000000
722.397705	285.000000
722.585693	216.000000
722.773682	215.000000
722.961609	301.000000
723.149597	275.000000
723.337585	234.000000
723.525574	236.000000
723.713501	276.000000
723.901489	298.000000
724.089478	234.000000
724.277466	234.000000
724.465454	262.000000
724.653442	279.000000
724.841431	222.000000
725.029358	232.000000
725.217346	284.000000
725.405334	297.000000
725.593323	226.000000
725.781311	218.000000
725.969299	277.000000
726.157288	270.000000
726.345276	229.000000
726.533264	219.000000
726.721252	297.000000
726.909241	287.000000
727.097229	219.000000
727.285217	228.000000
727.473206	309.000000
727.661255	277.000000
727.849243	230.000000
728.037231	226.000000
728.225220	305.000000
728.413208	288.000000
728.601135	220.000000
728.789185	222.000000
728.977173	292.000000
729.165161	274.000000
729.353149	240.000000
729.541199	228.000000
729.729187	294.000000
729.917114	277.000000
730.105164	221.000000
730.293152	230.000000
730.481140	296.000000
730.669189	279.000000
730.857178	237.000000
731.045166	221.000000
731.233215	279.000000
731.421204	283.000000
731.609192	231.000000
731.797241	238.000000
731.985229	286.000000
732.173279	293.000000
732.361267	233.000000
732.549316	238.000000
732.737305	283.000000
732.925293	279.000000
733.113342	232.000000
733.301331	245.000000
733.489319	281.000000
733.677307	295.000000
733.865356	224.000000
734.053406	229.000000
734.241394	296.000000
734.429443	286.000000
734.617432	220.000000
734.805420	216.000000
734.993408	290.000000
735.181458	278.000000
735.369507	231.000000
735.557495	222.000000
735.745544	279.000000
735.933594	295.000000
736.121582	218.000000
736.309631	230.000000
736.497681	284.000000
736.685669	278.000000
736.873718	225.000000
737.061768	222.000000
737.249756	278.000000
737.437805	276.000000
737.625854	229.000000
737.813904	229.000000
738.001892	282.000000
738.189941	285.000000
738.377930	221.000000
738.565979	231.000000
738.754028	299.000000
738.942017	281.000000
739.130066	230.000000
739.318115	235.000000
739.506165	271.000000
739.694153	268.000000
739.882202	232.000000
740.070251	236.000000
740.258240	287.000000
740.446289	287.000000
740.634338	233.000000
740.822388	224.000000
741.010437	295.000000
741.198486	278.000000
741.386536	236.000000
741.574585	241.000000
741.762634	320.000000
741.950684	275.000000
742.138733	232.000000
742.326782	224.000000
742.514832	275.000000
742.702881	308.000000
742.890930	234.000000
743.078979	228.000000
743.266968	280.000000
743.455017	280.000000
743.643066	222.000000
743.831116	235.000000
744.019165	291.000000
744.207275	274.000000
744.395325	224.000000
744.583313	215.000000
744.771362	313.000000
744.959412	271.000000
745.147461	223.000000
745.335510	226.000000
745.523621	296.000000
745.711670	289.000000
745.899719	228.000000
746.087769	234.000000
746.275818	294.000000
746.463928	274.000000
746.651978	232.000000
746.840027	231.000000
747.028076	290.000000
747.216187	290.000000
747.404236	237.000000
747.592285	228.000000
747.780334	279.000000
747.968445	290.000000
748.156433	219.000000
748.344482	244.000000
748.532593	295.000000
748.720642	287.000000
748.908691	250.000000
749.096802	240.000000
749.284851	277.000000
749.472900	307.000000
749.660950	229.000000
749.848999	232.000000
750.037109	293.000000
750.225159	277.000000
750.413269	226.000000
750.601318	246.000000
750.789368	280.000000
750.977478	305.000000
751.165527	237.000000
751.353638	223.000000
751.541687	266.000000
751.729797	285.000000
751.917847	228.000000
752.105957	221.000000
752.294006	276.000000
752.482117	285.000000
752.670166	230.000000
752.858276	218.000000
753.046265	295.000000
753.234375	275.000000
753.422485	245.000000
753.610535	229.000000
753.798645	276.000000
753.986694	276.000000
754.174805	234.000000
754.362854	236.000000
754.550903	284.000000
754.739014	282.000000
754.927124	231.000000
755.115173	229.000000
755.303284	276.000000
755.491394	285.000000
755.679443	229.000000
755.867554	238.000000
756.055664	301.000000
756.243713	295.000000
756.431824	224.000000
756.619934	225.000000
756.807983	276.000000
756.996094	286.000000
757.184204	218.000000
757.372314	235.000000
757.560364	281.000000
757.748474	283.000000
757.936523	229.000000
758.124634	250.000000
758.312744	299.000000
758.500793	307.000000
758.688904	234.000000
758.877014	219.000000
759.065125	282.000000
759.253174	297.000000
759.441284	231.000000
759.629333	228.000000
759.817444	275.000000
760.005554	276.000000
760.193665	228.000000
760.381775	233.000000
760.569885	276.000000
760.757996	291.000000
760.946106	243.000000
761.134216	221.000000
761.322327	306.000000
761.510437	284.000000
761.698486	220.000000
761.886597	236.000000
762.074707	265.000000
762.262817	296.000000
762.450928	228.000000
762.639038	234.000000
762.827087	267.000000
763.015198	288.000000
763.203308	227.000000
763.391418	222.000000
763.579529	297.000000
763.767639	274.000000
763.955750	233.000000
764.143860	238.000000
764.331970	279.000000
764.520081	291.000000
764.708191	236.000000
764.896301	223.000000
765.084412	278.000000
765.272522	304.000000
765.460632	219.000000
765.648743	216.000000
765.836853	292.000000
766.024963	280.000000
766.213135	222.000000
766.401245	233.000000
766.589355	289.000000
766.777466	285.000000
766.965576	231.000000
767.153687	219.000000
767.341858	290.000000
767.529968	287.000000
767.718018	221.000000
767.906128	231.000000
768.094238	279.000000
768.282410	298.000000
768.470520	225.000000
768.658630	236.000000
768.846741	287.000000
769.034851	282.000000
769.222961	231.000000
769.411072	229.000000
769.599182	289.000000
769.787354	293.000000
769.975464	232.000000
770.163574	215.000000
770.351746	280.000000
770.539856	272.000000
770.727966	224.000000
770.916138	227.000000
771.104248	279.000000
771.292358	288.000000
771.480530	219.000000
771.668640	216.000000
771.856750	279.000000
772.044922	275.000000
772.233032	230.000000
772.421143	224.000000
772.609253	299.000000
772.797363	265.000000
772.985535	246.000000
773.173645	230.000000
773.361755	289.000000
773.549927	275.000000
773.738037	240.000000
773.926147	220.000000
774.114258	278.000000
774.302429	276.000000
774.490540	217.000000
774.678650	232.000000
774.866821	296.000000
775.054932	280.000000
775.243103	220.000000
775.431213	240.000000
775.619385	293.000000
775.807495	266.000000
775.995667	233.000000
776.183777	240.000000
776.371948	283.000000
776.560059	283.000000
776.748230	231.000000
776.936340	227.000000
777.124512	304.000000
777.312683	285.000000
777.500732	214.000000
777.688904	229.000000
777.877014	288.000000
778.065186	289.000000
778.253296	233.000000
778.441467	224.000000
778.629639	269.000000
778.817688	289.000000
779.005859	236.000000
779.193970	219.000000
779.382141	284.000000
779.570312	273.000000
779.758423	237.000000
779.946594	233.000000
780.134766	288.000000
780.322876	278.000000
780.511047	225.000000
780.699219	222.000000
780.887329	273.000000
781.075500	281.000000
781.263672	234.000000
781.451782	217.000000
781.639954	299.000000
781.828125	286.000000
782.016235	232.000000
782.204407	239.000000
782.392517	289.000000
782.580688	272.000000
782.768799	239.000000
782.956970	229.000000
783.145142	288.000000
783.333313	286.000000
783.521423	240.000000
783.709534	220.000000
783.897705	286.000000
784.085876	278.000000
784.273987	245.000000
784.462158	220.000000
784.650330	282.000000
784.838501	280.000000
785.026672	231.000000
785.214783	249.000000
785.402954	292.000000
785.591125	288.000000
785.779297	229.000000
785.967468	214.000000
786.155579	275.000000
786.343750	277.000000
786.531921	241.000000
786.720093	232.000000
786.908264	288.000000
787.096436	271.000000
787.284546	228.000000
787.472656	238.000000
787.660828	274.000000
787.848999	276.000000
788.037170	216.000000
788.225342	228.000000
788.413513	307.000000
788.601624	292.000000
788.789795	224.000000
788.977966	220.000000
789.166138	282.000000
789.354248	301.000000
789.542419	222.000000
789.730591	229.000000
789.918762	274.000000
790.106934	294.000000
790.295105	237.000000
790.483276	228.000000
790.671448	278.000000
790.859619	281.000000
791.047791	244.000000
791.235962	233.000000
791.424133	282.000000
791.612305	285.000000
791.800476	237.000000
791.988647	221.000000
792.176758	274.000000
792.364929	274.000000
792.553101	218.000000
792.741272	224.000000
792.929443	288.000000
793.117615	282.000000
793.305786	221.000000
793.493896	256.000000
793.682068	286.000000
793.870239	286.000000
794.058411	227.000000
794.246582	236.000000
794.434753	283.000000
794.622925	294.000000
794.811096	230.000000
794.999329	220.000000
795.187500	278.000000
795.375671	277.000000
795.563843	218.000000
795.752014	248.000000
795.940186	276.000000
796.128357	288.000000
796.316528	228.000000
796.504700	243.000000
796.692871	283.000000
796.881042	278.000000
797.069214	234.000000
797.257385	215.000000
797.445557	287.000000
797.633728	269.000000
797.821899	221.000000
798.010071	219.000000
798.198242	293.000000
798.386414	278.000000
798.574585	232.000000
798.762756	222.000000
798.950928	286.000000
799.139099	284.000000
799.327271	223.000000
799.515442	243.000000
799.703674	291.000000
799.891846	300.000000
800.080017	232.000000
800.268188	234.000000
800.456360	291.000000
800.644592	275.000000
800.832764	235.000000
801.020935	231.000000
801.209106	273.000000
801.397278	273.000000
801.585510	226.000000
801.773682	226.000000
801.961792	287.000000
802.149963	278.000000
802.338196	221.000000
802.526367	234.000000
802.714539	296.000000
802.902710	277.000000
803.090942	227.000000
803.279053	222.000000
803.467224	268.000000
803.655396	277.000000
803.843628	236.000000
804.031799	217.000000
804.219971	302.000000
804.408142	285.000000
804.596375	224.000000
804.784546	247.000000
804.972717	281.000000
805.160889	279.000000
805.349121	226.000000
805.537292	221.000000
805.725464	285.000000
805.913696	292.000000
806.101868	228.000000
806.290039	232.000000
806.478271	271.000000
806.666443	267.000000
806.854553	251.000000
807.042725	235.000000
807.230957	276.000000
807.419128	286.000000
807.607300	230.000000
807.795532	224.000000
807.983704	274.000000
808.171814	265.000000
808.360046	233.000000
808.548218	226.000000
808.736450	279.000000
808.924622	289.000000
809.112793	224.000000
809.301025	237.000000
809.489197	297.000000
809.677368	268.000000
809.865601	239.000000
810.053772	239.000000
810.241943	277.000000
810.430176	284.000000
810.618347	234.000000
810.806580	226.000000
810.994751	291.000000
811.182922	289.000000
811.371155	246.000000
811.559326	224.000000
811.747437	312.000000
811.935669	273.000000
812.123840	220.000000
812.312073	243.000000
812.500244	276.000000
812.688416	277.000000
812.876648	231.000000
813.064758	220.000000
813.252991	286.000000
813.441162	290.000000
813.629395	225.000000
813.817566	236.000000
814.005737	279.000000
814.193970	266.000000
814.382141	232.000000
814.570374	254.000000
814.758545	286.000000
814.946777	304.000000
815.134949	230.000000
815.323120	229.000000
815.511353	272.000000
815.699524	284.000000
815.887756	228.000000
816.075928	233.000000
816.264160	278.000000
816.452332	284.000000
816.640503	224.000000
816.828674	236.000000
817.016907	276.000000
817.205078	279.000000
817.393250	224.000000
817.581482	230.000000
817.769653	284.000000
817.957825	273.000000
818.145996	226.000000
818.334229	229.000000
818.522400	287.000000
818.710632	282.000000
818.898804	245.000000
819.087036	232.000000
819.275208	277.000000
819.463440	271.000000
819.651611	243.000000
819.839844	228.000000
820.028015	299.000000
820.216248	280.000000
820.404419	229.000000
820.592651	237.000000
820.780823	280.000000
820.969055	273.000000
821.157227	236.000000
821.345459	243.000000
821.533569	274.000000
821.721802	282.000000
821.909973	222.000000
822.098206	226.000000
822.286377	276.000000
822.474609	270.000000
822.662781	222.000000
822.850952	248.000000
823.039124	277.000000
823.227356	283.000000
823.415527	222.000000
823.603760	241.000000
823.791931	270.000000
823.980164	291.000000
824.168396	238.000000
824.356567	226.000000
824.544800	280.000000
824.732971	269.000000
824.921204	232.000000
825.109375	247.000000
825.297607	302.000000
825.485779	283.000000
825.674011	223.000000
825.862183	233.000000
826.050415	275.000000
826.238586	293.000000
826.426758	238.000000
826.614990	234.000000
826.803162	291.000000
826.991394	280.000000
827.179565	250.000000
827.367798	234.000000
827.555969	282.000000
827.744141	267.000000
827.932312	223.000000
828.120544	224.000000
828.308777	261.000000
828.496948	280.000000
828.685181	239.000000
828.873352	235.000000
829.061584	273.000000
829.249756	304.000000
829.437988	235.000000
829.626160	240.000000
829.814392	267.000000
830.002625	266.000000
830.190796	234.000000
830.379028	224.000000
830.567200	287.000000
830.755432	273.000000
830.943604	231.000000
831.131836	232.000000
831.320007	282.000000
831.508179	296.000000
831.696411	219.000000
831.884583	226.000000
832.072815	301.000000
832.260986	268.000000
832.449219	259.000000
832.637390	236.000000
832.825562	292.000000
833.013794	268.000000
833.201965	230.000000
833.390198	250.000000
833.578369	294.000000
833.766602	268.000000
833.954834	228.000000
834.143005	231.000000
834.331238	303.000000
834.519409	278.000000
834.707642	234.000000
834.895874	218.000000
835.084045	276.000000
835.272278	285.000000
835.460449	219.000000
835.648682	240.000000
835.836853	260.000000
836.025085	286.000000
836.213257	229.000000
836.401428	240.000000
836.589661	275.000000
836.777832	278.000000
836.966064	235.000000
837.154236	246.000000
837.342468	271.000000
837.530640	275.000000
837.718811	223.000000
837.907043	240.000000
838.095215	285.000000
838.283447	284.000000
838.471680	241.000000
838.659851	228.000000
838.848083	278.000000
839.036255	273.000000
839.224487	248.000000
839.412659	230.000000
839.600891	281.000000
839.789124	267.000000
839.977295	226.000000
840.165527	231.000000
840.353699	279.000000
840.541931	276.000000
840.730103	232.000000
840.918335	233.000000
841.106506	272.000000
841.294678	286.000000
841.482910	239.000000
841.671082	236.000000
841.859314	278.000000
842.047546	262.000000
842.235718	227.000000
842.423889	223.000000
842.612061	276.000000
842.800293	274.000000
842.988464	219.000000
843.176697	251.000000
843.364929	276.000000
843.553101	281.000000
843.741333	244.000000
843.929504	235.000000
844.117737	280.000000
844.305908	280.000000
844.494141	228.000000
844.682312	227.000000
844.870544	287.000000
845.058777	285.000000
845.246948	234.000000
845.435181	238.000000
845.623352	273.000000
845.811584	280.000000
845.999695	244.000000
846.187927	237.000000
846.376160	297.000000
846.564331	282.000000
846.752563	255.000000
846.940735	229.000000
847.128967	272.000000
847.317078	282.000000
847.505310	235.000000
847.693481	264.000000
847.881714	289.000000
848.069946	269.000000
848.258118	230.000000
848.446350	241.000000
848.634521	253.000000
848.822754	261.000000
849.010925	219.000000
849.199158	226.000000
849.387329	303.000000
849.575562	288.000000
849.763733	271.000000
849.951965	273.000000
850.140137	286.000000
850.328369	275.000000
850.516602	235.000000
850.704773	240.000000
850.892944	286.000000
851.081116	286.000000
851.269348	224.000000
851.457520	231.000000
851.645752	290.000000
851.833923	270.000000
852.022156	238.000000
852.210266	235.000000
852.398499	287.000000
852.586670	284.000000
852.774902	236.000000
852.963074	231.000000
853.151306	294.000000
853.339478	273.000000
853.527710	230.000000
853.715881	236.000000
853.904114	284.000000
854.092285	277.000000
854.280518	249.000000
854.468689	245.000000
854.656921	294.000000
854.845093	299.000000
855.033325	233.000000
855.221497	221.000000
855.409729	268.000000
855.597900	273.000000
855.786133	236.000000
855.974304	234.000000
856.162537	273.000000
856.350708	290.000000
856.538818	242.000000
856.726990	235.000000
856.915222	286.000000
857.103394	289.000000
857.291626	228.000000
857.479797	242.000000
857.667969	273.000000
857.856201	285.000000
858.044373	250.000000
858.232605	234.000000
858.420776	273.000000
858.609009	279.000000
858.797180	232.000000
858.985413	236.000000
859.173584	293.000000
859.361816	276.000000
859.549988	262.000000
859.738159	239.000000
859.926392	266.000000
860.114563	280.000000
860.302795	238.000000
860.490967	229.000000
860.679199	286.000000
860.867371	275.000000
861.055542	228.000000
861.243774	243.000000
861.431824	276.000000
861.620056	260.000000
861.808228	240.000000
861.996399	236.000000
862.184631	277.000000
862.372803	308.000000
862.561035	239.000000
862.749207	223.000000
862.937378	279.000000
863.125610	291.000000
863.313782	222.000000
863.502014	244.000000
863.690186	287.000000
863.878357	293.000000
864.066589	239.000000
864.254761	239.000000
864.442993	280.000000
864.631165	279.000000
864.819336	244.000000
865.007568	235.000000
865.195740	268.000000
865.383911	297.000000
865.572144	224.000000
865.760315	232.000000
865.948486	277.000000
866.136719	293.000000
866.324768	235.000000
866.512939	226.000000
866.701172	294.000000
866.889343	287.000000
867.077515	249.000000
867.265747	240.000000
867.453918	280.000000
867.642090	280.000000
867.830322	234.000000
868.018494	240.000000
868.206665	270.000000
868.394897	276.000000
868.583069	224.000000
868.771240	223.000000
868.959473	265.000000
869.147644	293.000000
869.335815	234.000000
869.523987	222.000000
869.712219	303.000000
869.900391	259.000000
870.088562	241.000000
870.276733	245.000000
870.464966	275.000000
870.653137	266.000000
870.841309	232.000000
871.029541	264.000000
871.217590	282.000000
871.405762	276.000000
871.593933	226.000000
871.782166	222.000000
871.970337	281.000000
872.158508	276.000000
872.346680	228.000000
872.534851	253.000000
872.723083	292.000000
872.911255	289.000000
873.099426	237.000000
873.287598	241.000000
873.475830	283.000000
873.664001	279.000000
873.852173	235.000000
874.040344	226.000000
874.228516	278.000000
874.416748	267.000000
874.604919	240.000000
874.793091	231.000000
874.981262	284.000000
875.169434	274.000000
875.357605	226.000000
875.545837	258.000000
875.734009	273.000000
875.922180	300.000000
876.110229	235.000000
876.298401	221.000000
876.486572	286.000000
876.674805	289.000000
876.862976	234.000000
877.051147	238.000000
877.239319	276.000000
877.427490	279.000000
877.615662	239.000000
877.803833	230.000000
877.992004	290.000000
878.180176	298.000000
878.368408	234.000000
878.556580	242.000000
878.744751	287.000000
878.932922	289.000000
879.121094	231.000000
879.309265	234.000000
879.497437	287.000000
879.685608	274.000000
879.873779	269.000000
880.061951	240.000000
880.250122	279.000000
880.438293	291.000000
880.626465	250.000000
880.814636	240.000000
881.002747	272.000000
881.190918	285.000000
881.379089	227.000000
881.567261	246.000000
881.755432	281.000000
881.943604	304.000000
882.131775	251.000000
882.319946	243.000000
882.508118	285.000000
882.696289	282.000000
882.884460	250.000000
883.072632	256.000000
883.260803	279.000000
883.448975	255.000000
883.637146	230.000000
883.825317	260.000000
884.013428	280.000000
884.201599	273.000000
884.389771	228.000000
884.577942	245.000000
884.766113	276.000000
884.954285	268.000000
885.142456	238.000000
885.330627	224.000000
885.518799	271.000000
885.706970	267.000000
885.895020	230.000000
886.083191	232.000000
886.271362	295.000000
886.459534	286.000000
886.647644	234.000000
886.835815	240.000000
887.023987	287.000000
887.212158	276.000000
887.400330	233.000000
887.588501	233.000000
887.776672	292.000000
887.964783	283.000000
888.152954	228.000000
888.341125	260.000000
888.529297	262.000000
888.717468	276.000000
888.905640	232.000000
889.093750	228.000000
889.281921	270.000000
889.470093	262.000000
889.658264	262.000000
889.846436	223.000000
890.034546	287.000000
890.222717	276.000000
890.410889	226.000000
890.599060	245.000000
890.787109	295.000000
890.975220	292.000000
891.163391	249.000000
891.351562	239.000000
891.539734	290.000000
891.727844	274.000000
891.916016	266.000000
892.104187	236.000000
892.292358	277.000000
892.480469	271.000000
892.668640	233.000000
892.856812	242.000000
893.044922	309.000000
893.233093	275.000000
893.421265	226.000000
893.609375	232.000000
893.797546	278.000000
893.985718	278.000000
894.173828	234.000000
894.362000	249.000000
894.550171	292.000000
894.738281	283.000000
894.926453	258.000000
895.114624	243.000000
895.302734	280.000000
895.490906	266.000000
895.678894	235.000000
895.867065	242.000000
896.055237	273.000000
896.243347	306.000000
896.431519	230.000000
896.619629	229.000000
896.807800	287.000000
896.995972	272.000000
897.184082	238.000000
897.372253	226.000000
897.560364	292.000000
897.748535	293.000000
897.936646	234.000000
898.124817	241.000000
898.312927	289.000000
898.501099	278.000000
898.689209	254.000000
898.877380	228.000000
899.065491	292.000000
899.253662	266.000000
899.441772	228.000000
899.629944	247.000000
899.818054	262.000000
900.006226	260.000000
900.194336	231.000000
900.382507	237.000000
900.570496	276.000000
900.758667	279.000000
900.946777	267.000000
901.134888	234.000000
901.323059	277.000000
901.511169	271.000000
901.699341	226.000000
901.887451	239.000000
902.075562	268.000000
902.263733	294.000000
902.451843	236.000000
902.640015	243.000000
902.828125	282.000000
903.016235	276.000000
903.204407	235.000000
903.392517	237.000000
903.580627	281.000000
903.768799	302.000000
903.956909	235.000000
904.145020	252.000000
904.333130	282.000000
904.521301	269.000000
904.709412	236.000000
904.897522	234.000000
905.085693	279.000000
905.273804	276.000000
905.461792	230.000000
905.649902	226.000000
905.838074	292.000000
906.026184	281.000000
906.214294	251.000000
906.402405	257.000000
906.590576	280.000000
906.778687	266.000000
906.966797	241.000000
907.154907	230.000000
907.343018	278.000000
907.531189	260.000000
907.719299	244.000000
907.907410	226.000000
908.095520	286.000000
908.283630	287.000000
908.471741	248.000000
908.659851	231.000000
908.848022	282.000000
909.036133	282.000000
909.224243	236.000000
909.412354	236.000000
909.600464	280.000000
909.788574	277.000000
909.976685	248.000000
910.164795	231.000000
910.352783	295.000000
910.540894	275.000000
910.729004	240.000000
910.917114	232.000000
911.105225	306.000000
911.293335	277.000000
911.481445	233.000000
911.669556	228.000000
911.857666	284.000000
912.045776	285.000000
912.233887	238.000000
912.421997	236.000000
912.610107	292.000000
912.798218	271.000000
912.986328	232.000000
913.174438	233.000000
913.362549	310.000000
913.550659	286.000000
913.738770	242.000000
913.926880	246.000000
914.114990	292.000000
914.303101	275.000000
914.491211	233.000000
914.679321	233.000000
914.867371	282.000000
915.055481	290.000000
915.243469	236.000000
915.431580	244.000000
915.619690	272.000000
915.807800	275.000000
915.995850	231.000000
916.183960	229.000000
916.372070	272.000000
916.560181	286.000000
916.748291	230.000000
916.936340	250.000000
917.124451	283.000000
917.312561	287.000000
917.500671	259.000000
917.688721	229.000000
917.876831	273.000000
918.064941	284.000000
918.253052	245.000000
918.441101	235.000000
918.629211	295.000000
918.817322	293.000000
919.005371	239.000000
919.193481	241.000000
919.381592	283.000000
919.569641	262.000000
919.757751	227.000000
919.945862	239.000000
920.133789	267.000000
920.321899	284.000000
920.509949	231.000000
920.698059	245.000000
920.886169	272.000000
921.074219	283.000000
921.262329	244.000000
921.450378	227.000000
921.638489	278.000000
921.826538	279.000000
922.014648	240.000000
922.202759	258.000000
922.390808	274.000000
922.578918	286.000000
922.766968	243.000000
922.955078	238.000000
923.143127	286.000000
923.331238	288.000000
923.519287	240.000000
923.707336	255.000000
923.895447	287.000000
924.083496	270.000000
924.271606	234.000000
924.459656	227.000000
924.647766	283.000000
924.835815	281.000000
925.023743	231.000000
925.211853	254.000000
925.399902	282.000000
925.588013	279.000000
925.776062	262.000000
925.964111	254.000000
926.152222	294.000000
926.340271	270.000000
926.528320	236.000000
926.716370	243.000000
926.904480	289.000000
927.092529	266.000000
927.280579	234.000000
927.468689	246.000000
927.656738	281.000000
927.844788	282.000000
928.032837	257.000000
928.220947	232.000000
928.408997	264.000000
928.597046	278.000000
928.785095	255.000000
928.973145	225.000000
929.161255	275.000000
929.349304	276.000000
929.537354	258.000000
929.725403	247.000000
929.913330	274.000000
930.101379	287.000000
930.289429	234.000000
930.477539	229.000000
930.665588	287.000000
930.853638	265.000000
931.041687	241.000000
931.229736	234.000000
931.417786	293.000000
931.605835	272.000000
931.793884	235.000000
931.981934	243.000000
932.169983	282.000000
932.358032	280.000000
932.546082	239.000000
932.734131	254.000000
932.922180	298.000000
933.110229	292.000000
933.298279	226.000000
933.486328	229.000000
933.674377	276.000000
933.862427	269.000000
934.050476	266.000000
934.238525	232.000000
934.426575	280.000000
934.614563	284.000000
934.802490	238.000000
934.990540	231.000000
935.178589	275.000000
935.366638	270.000000
935.554687	238.000000
935.742676	244.000000
935.930725	286.000000
936.118774	295.000000
936.306824	242.000000
936.494873	230.000000
936.682861	266.000000
936.870911	271.000000
937.058960	234.000000
937.247009	237.000000
937.434998	286.000000
937.623047	274.000000
937.811096	227.000000
937.999146	245.000000
938.187134	279.000000
938.375183	263.000000
938.563232	235.000000
938.751221	237.000000
938.939270	279.000000
939.127258	276.000000
939.315308	226.000000
939.503357	254.000000
939.691223	275.000000
939.879272	271.000000
940.067261	235.000000
940.255310	252.000000
940.443359	280.000000
940.631348	298.000000
940.819397	257.000000
941.007385	223.000000
941.195435	292.000000
941.383423	272.000000
941.571472	246.000000
941.759460	254.000000
941.947510	287.000000
942.135498	269.000000
942.323486	238.000000
942.511536	239.000000
942.699524	287.000000
942.887573	275.000000
943.075562	246.000000
943.263550	232.000000
943.451599	266.000000
943.639587	263.000000
943.827637	233.000000
944.015625	265.000000
944.203613	289.000000
944.391663	262.000000
944.579529	231.000000
944.767517	236.000000
944.955505	283.000000
945.143555	286.000000
945.331543	251.000000
945.519531	236.000000
945.707520	263.000000
945.895569	271.000000
946.083557	239.000000
946.271545	245.000000
946.459534	284.000000
946.647522	282.000000
946.835571	237.000000
947.023560	238.000000
947.211548	276.000000
947.399536	270.000000
947.587524	254.000000
947.775513	244.000000
947.963501	292.000000
948.151489	280.000000
948.339478	251.000000
948.527527	224.000000
948.715515	276.000000
948.903503	285.000000
949.091492	245.000000
949.279480	231.000000
949.467346	272.000000
949.655334	266.000000
949.843323	248.000000
950.031311	241.000000
950.219299	277.000000
950.407227	264.000000
950.595215	225.000000
950.783203	239.000000
950.971191	270.000000
951.159180	267.000000
951.347168	226.000000
951.535156	237.000000
951.723145	284.000000
951.911133	292.000000
952.099060	230.000000
952.287048	245.000000
952.475037	278.000000
952.663025	266.000000
952.851013	244.000000
953.038940	237.000000
953.226929	276.000000
953.414917	271.000000
953.602905	239.000000
953.790833	240.000000
953.978821	288.000000
954.166809	267.000000
954.354614	254.000000
954.542603	242.000000
954.730591	279.000000
954.918518	275.000000
955.106506	236.000000
955.294495	251.000000
955.482422	274.000000
955.670410	266.000000
955.858337	247.000000
956.046326	252.000000
956.234253	274.000000
956.422241	272.000000
956.610168	230.000000
956.798157	228.000000
956.986084	288.000000
957.174072	253.000000
957.362000	235.000000
957.549988	245.000000
957.737915	269.000000
957.925903	287.000000
958.113831	232.000000
958.301819	248.000000
958.489746	271.000000
958.677673	269.000000
958.865662	260.000000
959.053589	243.000000
959.241455	271.000000
959.429382	253.000000
959.617310	251.000000
959.805237	229.000000
959.993225	274.000000
960.181152	273.000000
960.369080	227.000000
960.557068	246.000000
960.744995	270.000000
960.932922	254.000000
961.120850	249.000000
961.308777	254.000000
961.496765	263.000000
961.684692	266.000000
961.872620	255.000000
962.060547	231.000000
962.248474	273.000000
962.436401	278.000000
962.624329	244.000000
962.812317	231.000000
963.000244	284.000000
963.188171	259.000000
963.376099	249.000000
963.564026	242.000000
963.751953	286.000000
963.939880	270.000000
964.127686	234.000000
964.315613	246.000000
964.503540	282.000000
964.691467	271.000000
964.879395	244.000000
965.067322	242.000000
965.255249	279.000000
965.443115	285.000000
965.631042	247.000000
965.818970	231.000000
966.006897	258.000000
966.194824	287.000000
966.382751	245.000000
966.570679	238.000000
966.758545	276.000000
966.946472	270.000000
967.134399	254.000000
967.322327	228.000000
967.510193	276.000000
967.698120	255.000000
967.886047	229.000000
968.073975	241.000000
968.261841	264.000000
968.449768	266.000000
968.637695	241.000000
968.825562	233.000000
969.013367	292.000000
969.201294	271.000000
969.389160	236.000000
969.577087	247.000000
969.764954	284.000000
969.952881	250.000000
970.140747	248.000000
970.328674	244.000000
970.516602	262.000000
970.704468	276.000000
970.892395	268.000000
971.080261	232.000000
971.268188	286.000000
971.456055	270.000000
971.643921	229.000000
971.831848	252.000000
972.019714	273.000000
972.207642	272.000000
972.395508	240.000000
972.583374	235.000000
972.771301	268.000000
972.959167	273.000000
973.147034	245.000000
973.334961	226.000000
973.522827	268.000000
973.710693	268.000000
973.898499	239.000000
974.086365	247.000000
974.274231	274.000000
974.462097	263.000000
974.649963	236.000000
974.837891	234.000000
975.025757	262.000000
975.213623	262.000000
975.401489	235.000000
975.589355	250.000000
975.777222	270.000000
975.965088	257.000000
976.153015	264.000000
976.340881	243.000000
976.528748	275.000000
976.716614	272.000000
976.904480	234.000000
977.092346	261.000000
977.280212	261.000000
977.468079	274.000000
977.655945	246.000000
977.843811	238.000000
978.031677	259.000000
978.219543	262.000000
978.407349	231.000000
978.595215	238.000000
978.782959	296.000000
978.970825	270.000000
979.158691	237.000000
979.346558	230.000000
979.534424	289.000000
979.722229	293.000000
979.910095	254.000000
980.097961	255.000000
980.285828	281.000000
980.473633	262.000000
980.661499	237.000000
980.849365	243.000000
981.037231	282.000000
981.225037	263.000000
981.412903	237.000000
981.600769	239.000000
981.788574	275.000000
981.976440	281.000000
982.164246	234.000000
982.352112	240.000000
982.539978	272.000000
982.727783	259.000000
982.915649	241.000000
983.103455	258.000000
983.291321	269.000000
983.479126	263.000000
983.666870	252.000000
983.854675	238.000000
984.042542	275.000000
984.230347	275.000000
984.418152	237.000000
984.606018	248.000000
984.793823	282.000000
984.981689	254.000000
985.169495	236.000000
985.357300	246.000000
985.545166	288.000000
985.732971	261.000000
985.920776	271.000000
986.108582	236.000000
986.296448	270.000000
986.484253	287.000000
986.672058	249.000000
986.859863	230.000000
987.047668	267.000000
987.235535	265.000000
987.423340	249.000000
987.611145	250.000000
987.798950	284.000000
987.986755	261.000000
988.174561	243.000000
988.362366	248.000000
988.550049	262.000000
988.737854	271.000000
988.925659	244.000000
989.113464	234.000000
989.301270	276.000000
989.489075	274.000000
989.676880	235.000000
989.864685	256.000000
990.052490	275.000000
990.240295	286.000000
990.428101	239.000000
990.615906	236.000000
990.803711	281.000000
990.991516	278.000000
991.179321	249.000000
991.367065	242.000000
991.554871	275.000000
991.742676	264.000000
991.930481	233.000000
992.118225	241.000000
992.306030	272.000000
992.493835	278.000000
992.681641	248.000000
992.869385	268.000000
993.057190	276.000000
993.244995	264.000000
993.432617	234.000000
993.620422	226.000000
993.808167	294.000000
993.995972	262.000000
994.183777	238.000000
994.371521	238.000000
994.559326	289.000000
994.747070	271.000000
994.934875	246.000000
995.122620	239.000000
995.310425	277.000000
995.498169	269.000000
995.685974	242.000000
995.873718	231.000000
996.061462	265.000000
996.249268	260.000000
996.437012	242.000000
996.624756	236.000000
996.812561	269.000000
997.000305	255.000000
997.188049	248.000000
997.375854	241.000000
997.563599	274.000000
997.751343	260.000000
997.939087	238.000000
998.126892	243.000000
998.314514	265.000000
998.502258	257.000000
998.690002	233.000000
998.877747	237.000000
999.065491	270.000000
999.253235	266.000000
999.440979	252.000000
999.628784	238.000000
999.816528	276.000000
1000.004272	256.000000
1000.192017	0.000000
1000.379761	0.000000
1000.567505	0.000000
1000.755249	0.000000
1000.942993	0.000000
1001.130676	0.000000
1001.318420	0.000000
1001.506165	0.000000
1001.693909	0.000000
1001.881653	0.000000
1002.069397	0.000000
1002.257141	0.000000
1002.444824	0.000000
1002.632568	0.000000
1002.820312	0.000000
1003.008057	0.000000
1003.195679	0.000000
1003.383362	0.000000
1003.571106	0.000000
1003.758850	0.000000
1003.946533	0.000000
1004.134277	0.000000
1004.322021	0.000000
1004.509705	0.000000
1004.697449	0.000000
1004.885132	0.000000
1005.072876	0.000000
1005.260559	0.000000
1005.448303	0.000000
1005.635986	0.000000
1005.823730	0.000000
1006.011414	0.000000
1006.199158	0.000000
1006.386841	0.000000
1006.574585	0.000000
1006.762268	0.000000
1006.949951	0.000000
1007.137695	0.000000
1007.325378	0.000000
1007.513062	0.000000
1007.700806	0.000000
1007.888489	0.000000
1008.076050	0.000000
1008.263794	0.000000
1008.451477	0.000000
1008.639160	0.000000
1008.826843	0.000000
1009.014526	0.000000
1009.202271	0.000000
1009.389954	0.000000
1009.577637	0.000000
1009.765320	0.000000
1009.953003	0.000000
1010.140686	0.000000
1010.328369	0.000000
1010.516052	0.000000
1010.703735	0.000000
1010.891418	0.000000
1011.079102	0.000000
1011.266785	0.000000
1011.454468	0.000000
1011.642151	0.000000
1011.829834	0.000000
1012.017517	0.000000
1012.205139	0.000000
1012.392822	0.000000
1012.580505	0.000000
1012.768188	0.000000
1012.955750	0.000000
1013.143372	0.000000
1013.331055	0.000000
1013.518738	0.000000
1013.706421	0.000000
1013.894043	0.000000
1014.081726	0.000000
1014.269409	0.000000
1014.457031	0.000000
1014.644714	0.000000
1014.832336	0.000000
1015.020020	0.000000
1015.207703	0.000000
