339.61327788 0.0
340.06583261 0.0
340.51844356 0.0
340.97111069 0.0
341.42383397 0.0
341.87661336 0.0
342.32944883 0.0
342.78234033 0.0
343.23528784 0.0
343.68829131 0.0
344.1413507 0.0
344.59446599 0.0
345.04763714 0.0
345.5008641 0.0
345.95414684 0.0
346.40748532 0.0
346.86087951 0.0
347.31432937 0.0
347.76783486 0.0
348.22139595 0.0
348.6750126 0.0
349.12868478 0.0
349.58241244 0.0
350.03619554 78.6666666667
350.49003406 285.5
350.94392796 255.0
351.3978772 257.0
351.85188173 264.333333333
352.30594153 254.5
352.76005657 264.0
353.21422679 276.0
353.66845217 247.333333333
354.12273266 279.0
354.57706824 254.666666667
355.03145886 265.5
355.48590449 269.0
355.94040509 257.666666667
356.39496062 273.0
356.84957105 258.0
357.30423634 258.5
357.75895646 263.666666667
358.21373136 247.5
358.66856102 267.0
359.12344538 254.0
359.57838442 262.333333333
360.03337811 284.5
360.48842639 253.0
360.94352924 262.5
361.39868662 280.0
361.8538985 238.5
362.30916483 265.0
362.76448558 254.0
363.21986071 262.5
363.67529018 262.666666667
364.13077397 245.5
364.58631202 270.0
365.04190431 254.5
365.4975508 249.333333333
365.95325145 271.5
366.40900623 249.666666667
366.86481509 264.0
367.32067801 273.333333333
367.77659494 242.5
368.23256584 262.0
368.68859069 257.0
369.14466944 245.333333333
369.60080206 283.5
370.05698851 264.666666667
370.51322875 248.5
370.96952275 270.0
371.42587047 247.0
371.88227187 268.0
372.33872691 250.333333333
372.79523557 264.0
373.2517978 266.333333333
373.70841357 245.5
374.16508283 265.0
374.62180556 255.0
375.07858171 251.0
375.53541125 275.0
375.99229415 252.666666667
376.44923035 270.5
376.90621984 268.0
377.36326257 242.0
377.8203585 269.0
378.2775076 250.5
378.73470984 252.0
379.19196516 278.0
379.64927355 263.333333333
380.10663495 259.0
380.56404934 262.0
381.02151668 240.5
381.47903693 261.0
381.93661005 254.5
382.394236 257.5
382.85191476 265.666666667
383.30964628 246.0
383.76743053 265.0
384.22526746 271.5
384.68315705 261.0
385.14109926 295.5
385.59909404 250.0
386.05714137 262.5
386.5152412 270.666666667
386.97339351 240.0
387.43159824 267.0
387.88985537 263.5
388.34816486 258.0
388.80652667 294.5
389.26494076 258.0
389.7234071 257.5
390.18192566 258.666666667
390.64049638 245.0
391.09911925 267.0
391.55779422 261.0
392.01652125 257.666666667
392.4753003 282.0
392.93413135 263.666666667
393.39301436 256.0
393.85194927 275.333333333
394.31093607 254.5
394.76997472 270.5
395.22906517 247.0
395.68820739 268.5
396.14740134 263.666666667
396.60664699 243.5
397.06594429 269.0
397.52529322 257.5
397.98469374 254.0
398.44414581 278.0
398.90364938 259.333333333
399.36320444 266.5
399.82281093 278.333333333
400.28246882 247.0
400.74217808 274.0
401.20193867 257.5
401.66175054 259.666666667
402.12161368 280.0
402.58152803 256.333333333
403.04149356 268.5
403.50151023 275.0
403.96157802 242.0
404.42169687 276.666666667
404.88186676 276.0
405.34208764 258.333333333
405.80235949 286.0
406.26268226 263.666666667
406.72305591 271.5
407.18348042 271.666666667
407.64395574 255.0
408.10448183 286.333333333
408.56505866 264.5
409.0256862 262.666666667
409.4863644 281.5
409.94709324 271.333333333
410.40787266 280.5
410.86870264 290.666666667
411.32958314 260.5
411.79051412 294.666666667
412.25149554 292.0
412.71252738 273.666666667
413.17360958 319.0
413.63474212 282.333333333
414.09592496 283.0
414.55715806 294.5
415.01844138 303.0
415.4797749 340.5
415.94115856 301.666666667
416.40259233 305.0
416.86407619 332.333333333
417.32561008 304.5
417.78719398 350.666666667
418.24882784 343.0
418.71051164 348.333333333
419.17224533 365.0
419.63402887 350.666666667
420.09586223 365.5
420.55774538 382.666666667
421.01967827 354.0
421.48166087 404.0
421.94369315 411.5
422.40577506 413.333333333
422.86790657 473.0
423.33008764 438.666666667
423.79231823 464.5
424.25459832 496.0
424.71692786 462.0
425.17930681 516.333333333
425.64173514 538.5
426.10421281 541.0
426.56673978 587.0
427.02931602 580.333333333
427.4919415 626.5
427.95461617 653.0
428.41733999 657.0
428.88011294 695.333333333
429.34293497 713.0
429.80580604 737.666666667
430.26872613 803.5
430.73169519 800.0
431.19471319 840.0
431.65778008 870.333333333
432.12089584 885.5
432.58406043 961.666666667
433.0472738 1008.5
433.51053593 1026.66666667
433.97384677 1104.5
434.4372063 1122.33333333
434.90061446 1191.5
435.36407123 1259.0
435.82757657 1268.5
436.29113044 1370.66666667
436.75473281 1408.0
437.21838363 1454.33333333
437.68208288 1566.0
438.14583051 1597.66666667
438.60962648 1708.0
439.07347077 1775.66666667
439.53736333 1813.0
440.00130413 1940.66666667
440.46529314 2023.0
440.9293303 2103.0
441.39341559 2233.5
441.85754898 2294.66666667
442.32173041 2350.0
442.78595986 2456.0
443.2502373 2511.0
443.71456267 2616.33333333
444.17893595 2690.0
444.64335711 2763.66666667
445.10782609 2864.0
445.57234287 2856.0
446.03690741 2903.0
446.50151967 2924.0
446.96617962 2902.5
447.43088721 2935.66666667
447.89564242 2921.0
448.3604452 2888.0
448.82529553 2906.5
449.29019335 2829.66666667
449.75513864 2775.0
450.22013135 2708.66666667
450.68517146 2602.0
451.15025892 2585.33333333
451.6153937 2513.0
452.08057576 2427.66666667
452.54580506 2365.0
453.01108157 2250.0
453.47640525 2187.5
453.94177607 2112.66666667
454.40719398 2012.0
454.87265895 1980.0
455.33817095 1883.33333333
455.80372993 1772.5
456.26933586 1752.66666667
456.7349887 1712.0
457.20068842 1616.33333333
457.66643498 1592.5
458.13222835 1514.0
458.59806847 1472.0
459.06395533 1439.66666667
459.52988888 1351.0
459.99586908 1366.0
460.4618959 1312.0
460.92796931 1264.33333333
461.39408926 1264.5
461.86025571 1191.66666667
462.32646864 1174.5
462.792728 1154.66666667
463.25903377 1071.0
463.72538589 1077.33333333
464.19178433 1035.5
464.65822906 999.333333333
465.12472005 1007.0
465.59125725 941.333333333
466.05784062 905.5
466.52447013 886.333333333
466.99114575 817.5
467.45786744 841.333333333
467.92463515 787.5
468.39144886 754.333333333
468.85830852 774.0
469.3252141 708.333333333
469.79216557 695.5
470.25916288 685.666666667
470.726206 651.5
471.19329489 640.666666667
471.66042952 637.5
472.12760985 609.333333333
472.59483583 601.0
473.06210745 565.666666667
473.52942465 545.5
473.9967874 551.666666667
474.46419567 502.5
474.93164941 542.0
475.3991486 520.5
475.86669319 483.666666667
476.33428315 489.333333333
476.80191844 464.5
477.26959902 450.0
477.73732486 482.0
478.20509592 450.333333333
478.67291216 438.0
479.14077355 437.666666667
479.60868006 394.0
480.07663163 421.333333333
480.54462824 397.5
481.01266985 402.0
481.48075642 431.0
481.94888792 383.333333333
482.4170643 388.0
482.88528554 386.333333333
483.3535516 353.0
483.82186243 384.333333333
484.29021801 364.5
484.75861829 346.0
485.22706324 392.5
485.69555282 345.0
486.16408699 340.5
486.63266573 353.666666667
487.10128898 312.0
487.56995672 344.333333333
488.03866891 320.0
488.50742551 315.333333333
488.97622648 347.5
489.44507179 313.666666667
489.91396139 316.0
490.38289527 351.5
490.85187337 306.666666667
491.32089566 305.5
491.7899621 316.0
492.25907266 287.5
492.7282273 306.0
493.19742598 301.5
493.66666867 278.666666667
494.13595533 337.0
494.60528591 295.666666667
495.0746604 292.0
495.54407874 305.333333333
496.01354091 268.0
496.48304686 303.666666667
496.95259656 295.5
497.42218997 275.333333333
497.89182706 299.0
498.36150779 275.0
498.83123211 280.0
499.301 297.666666667
499.77081142 249.5
500.24066633 288.0
500.71056469 302.0
501.18050648 251.5
501.65049164 283.0
502.12052014 277.5
502.59059195 278.0
503.06070704 305.0
503.53086535 259.333333333
504.00106686 283.5
504.47131154 284.333333333
504.94159933 246.0
505.41193021 287.333333333
505.88230414 266.0
506.35272109 260.666666667
506.82318101 296.0
507.29368386 268.0
507.76422962 266.0
508.23481825 281.0
508.7054497 251.0
509.17612395 276.0
509.64684095 266.0
510.11760067 270.333333333
510.58840307 285.333333333
511.05924812 269.5
511.53013577 263.0
512.001066 299.0
512.47203875 255.333333333
512.94305401 263.5
513.41411173 266.0
513.88521187 244.0
514.3563544 267.0
514.82753927 261.5
515.29876647 252.333333333
515.77003593 290.5
516.24134764 259.0
516.71270155 258.5
517.18409763 284.333333333
517.65553584 232.0
518.12701614 265.333333333
518.5985385 273.666666667
519.07010287 242.0
519.54170923 281.333333333
520.01335753 252.0
520.48504774 257.333333333
520.95677983 301.5
521.42855375 254.0
521.90036946 269.5
522.37222694 269.0
522.84412615 235.5
523.31606704 277.0
523.78804958 264.0
524.26007374 251.666666667
524.73213947 300.0
525.20424675 255.666666667
525.67639553 260.5
526.14858578 268.666666667
526.62081745 254.666666667
527.09309052 263.5
527.56540495 271.666666667
528.0377607 246.0
528.51015773 269.333333333
528.98259601 257.5
529.4550755 246.666666667
529.92759616 289.0
530.40015795 256.333333333
530.87276085 258.0
531.34540481 268.333333333
531.81808979 231.0
532.29081576 264.666666667
532.76358269 256.0
533.23639053 261.333333333
533.70923924 277.333333333
534.1821288 266.0
534.65505917 251.666666667
535.1280303 296.0
535.60104217 252.0
536.07409473 267.0
536.54718794 268.666666667
537.02032178 235.5
537.4934962 266.333333333
537.96671117 259.5
538.43996665 248.666666667
538.91326261 293.0
539.386599 258.333333333
539.85997579 264.0
540.33339294 290.0
540.80685042 266.333333333
541.28034819 287.5
541.75388622 291.333333333
542.22746446 257.0
542.70108287 281.666666667
543.17474144 280.5
543.6484401 276.333333333
544.12217884 299.5
544.59595761 269.666666667
545.06977637 285.5
545.5436351 310.0
546.01753374 291.5
546.49147227 287.333333333
546.96545065 279.666666667
547.43946884 258.5
547.9135268 277.0
548.3876245 277.0
548.86176191 261.0
549.33593897 300.0
549.81015567 254.666666667
550.28441195 256.5
550.75870779 264.0
551.23304315 246.5
551.70741799 284.0
552.18183227 263.5
552.65628595 257.333333333
553.13077901 267.333333333
553.6053114 261.5
554.07988309 254.333333333
554.55449403 286.0
555.0291442 243.0
555.50383356 256.5
555.97856206 275.0
556.45332968 228.0
556.92813637 267.0
557.4029821 256.0
557.87786683 243.666666667
558.35279053 264.333333333
558.82775315 253.5
559.30275467 260.333333333
559.77779504 271.5
560.25287423 259.333333333
560.72799221 264.5
561.20314892 264.0
561.67834435 231.5
562.15357844 269.333333333
562.62885117 248.5
563.10416249 248.666666667
563.57951238 259.333333333
564.05490079 260.5
564.53032769 248.666666667
565.00579303 273.5
565.48129679 256.0
565.95683893 263.0
566.4324194 268.0
566.90803818 253.0
567.38369523 279.333333333
567.8593905 265.0
568.33512397 249.0
568.81089559 277.5
569.28670533 251.333333333
569.76255316 254.0
570.23843902 285.0
570.7143629 253.333333333
571.19032475 260.5
571.66632453 272.0
572.14236222 232.5
572.61843776 272.333333333
573.09455113 251.5
573.57070228 261.0
574.04689119 282.5
574.52311781 256.666666667
574.99938211 256.666666667
575.47568405 283.0
575.95202359 251.666666667
576.4284007 264.0
576.90481534 269.0
577.38126747 230.5
577.85775706 266.333333333
578.33428407 246.5
578.81084846 265.333333333
579.2874502 273.666666667
579.76408925 265.0
580.24076557 249.333333333
580.71747912 291.0
581.19422988 272.0
581.6710178 259.0
582.14784284 284.333333333
582.62470497 235.5
583.10160416 264.0
583.57854035 259.5
584.05551353 271.0
584.53252365 275.333333333
585.00957067 268.0
585.48665456 254.333333333
585.96377529 279.0
586.4409328 247.666666667
586.91812708 269.0
587.39535807 278.333333333
587.87262575 241.0
588.34993007 296.0
588.82727101 291.666666667
589.30464852 233.0
589.78206256 285.0
590.25951311 275.5
590.73700012 261.333333333
591.21452355 297.5
591.69208338 251.0
592.16967956 289.0
592.64731205 286.0
593.12498082 227.0
593.60268584 284.0
594.08042706 291.333333333
594.55820445 233.0
595.03601797 282.666666667
595.51386759 266.0
595.99175326 281.0
596.46967496 291.0
596.94763264 257.333333333
597.42562627 266.5
597.90365581 275.333333333
598.38172122 269.0
598.85982248 282.5
599.33795953 276.333333333
599.81613235 241.0
600.29434089 270.0
600.77258513 250.0
601.25086501 258.666666667
601.72918052 285.0
602.20753161 244.666666667
602.68591823 261.666666667
603.16434037 296.0
603.64279797 267.333333333
604.12129101 280.0
604.59981945 281.333333333
605.07838324 231.0
605.55698236 282.333333333
606.03561676 259.0
606.51428641 255.333333333
606.99299127 271.666666667
607.47173131 286.0
607.95050648 256.0
608.42931676 284.5
608.9081621 254.333333333
609.38704248 271.5
609.86595784 268.666666667
610.34490816 239.5
610.82389339 291.333333333
611.30291351 302.666666667
611.78196847 261.0
612.26105823 279.333333333
612.74018277 268.5
613.21934204 260.333333333
613.69853601 294.0
614.17776464 254.333333333
614.65702789 265.0
615.13632573 282.666666667
615.61565812 256.333333333
616.09502502 258.0
616.5744264 267.666666667
617.05386221 238.5
617.53333243 278.333333333
618.01283702 265.0
618.49237593 254.666666667
618.97194914 282.0
619.4515566 258.0
619.93119828 255.666666667
620.41087415 289.5
620.89058415 250.0
621.37032827 262.0
621.85010646 269.666666667
622.32991868 234.0
622.8097649 266.666666667
623.28964508 264.333333333
623.76955919 245.0
624.24950718 270.333333333
624.72948902 256.5
625.20950468 247.333333333
625.68955412 282.5
626.16963729 256.333333333
626.64975417 267.5
627.12990471 268.0
627.61008889 255.333333333
628.09030666 248.0
628.57055798 272.0
629.05084283 232.5
629.53116115 264.0
630.01151293 281.5
630.49189811 251.666666667
630.97231666 259.666666667
631.45276855 262.0
631.93325374 253.0
632.41377219 286.5
632.89432387 258.0
633.37490873 261.5
633.85552675 260.0
634.33617788 236.5
634.81686209 263.333333333
635.29757934 273.0
635.77832959 235.5
636.25911281 269.0
636.73992897 255.5
637.22077801 257.333333333
637.70165992 272.0
638.18257464 252.333333333
638.66352215 255.0
639.1445024 284.5
639.62551537 244.0
640.10656101 256.0
640.58763928 270.333333333
641.06875016 244.0
641.54989359 264.333333333
642.03106956 267.333333333
642.51227801 243.5
642.99351892 267.333333333
643.47479224 273.0
643.95609794 241.0
644.43743598 277.5
644.91880633 246.666666667
645.40020894 258.0
645.88164379 261.0
646.36311083 247.666666667
646.84461003 258.0
647.32614135 264.0
647.80770476 233.5
648.28930022 270.333333333
648.77092768 267.5
649.25258712 257.666666667
649.7342785 263.333333333
650.21600177 268.5
650.69775691 254.0
651.17954388 278.0
651.66136264 257.0
652.14321315 261.5
652.62509538 267.333333333
653.10700929 249.333333333
653.58895484 245.5
654.070932 267.666666667
654.55294072 250.0
655.03498098 277.333333333
655.51705274 247.0
655.99915595 246.666666667
656.48129059 257.0
656.96345661 256.0
657.44565398 248.333333333
657.92788266 282.5
658.41014262 254.666666667
658.89243382 254.0
659.37475621 265.333333333
659.85710978 251.666666667
660.33949447 250.5
660.82191025 278.333333333
661.30435708 231.5
661.78683493 272.333333333
662.26934377 251.5
662.75188354 250.666666667
663.23445423 265.0
663.71705578 259.0
664.19968817 248.0
664.68235136 273.5
665.1650453 248.666666667
665.64776997 245.0
666.13052532 260.666666667
666.61331133 255.333333333
667.09612794 257.5
667.57897514 266.0
668.06185287 234.5
668.5447611 264.333333333
669.0276998 251.5
669.51066893 258.0
669.99366845 265.333333333
670.47669833 257.0
670.95975852 251.333333333
671.442849 271.5
671.92596972 256.333333333
672.40912065 252.0
672.89230175 271.666666667
673.37551298 258.666666667
673.85875431 264.5
674.3420257 270.666666667
674.82532712 237.0
675.30865852 260.0
675.79201988 273.5
676.27541115 246.333333333
676.75883229 261.666666667
677.24228328 269.0
677.72576406 245.666666667
678.20927462 280.5
678.6928149 246.333333333
679.17638488 251.5
679.65998451 266.666666667
680.14361377 242.0
680.6272726 261.5
681.11096098 262.666666667
681.59467887 234.5
682.07842623 260.333333333
682.56220303 254.0
683.04600923 249.0
683.52984478 264.333333333
684.01370967 252.5
684.49760384 245.333333333
684.98152726 292.0
685.46547989 245.0
685.94946171 257.333333333
686.43347266 286.0
686.91751272 247.333333333
687.40158185 256.5
687.88568001 268.333333333
688.36980716 237.5
688.85396327 275.0
689.33814829 257.666666667
689.82236221 236.5
690.30660496 261.666666667
690.79087653 248.0
691.27517687 241.0
691.75950595 287.0
692.24386373 241.666666667
692.72825017 241.666666667
693.21266523 282.0
693.69710889 245.333333333
694.18158109 268.5
694.66608181 261.0
695.15061101 253.333333333
695.63516866 255.5
696.1197547 270.0
696.60436912 227.5
697.08901187 268.0
697.57368291 251.5
698.05838221 247.0
698.54310973 266.666666667
699.02786544 255.0
699.51264929 242.666666667
699.99746125 307.0
700.48230129 251.0
700.96716936 254.5
701.45206544 271.666666667
701.93698948 248.0
702.42194144 256.5
702.9069213 270.333333333
703.391929 238.5
703.87696453 264.666666667
704.36202783 264.666666667
704.84711888 235.0
705.33223763 266.0
705.81738405 261.5
706.30255811 246.333333333
706.78775976 282.5
707.27298897 242.666666667
707.7582457 247.0
708.24352991 277.5
708.72884158 243.333333333
709.21418065 252.5
709.6995471 268.0
710.18494089 247.0
710.67036198 250.5
711.15581034 266.666666667
711.64128592 221.0
712.12678869 267.333333333
712.61231862 259.5
713.09787566 241.666666667
713.58345979 280.666666667
714.06907095 259.5
714.55470913 241.333333333
715.04037427 284.5
715.52606635 258.0
716.01178533 244.666666667
716.49753116 282.5
716.98330382 248.333333333
717.46910326 250.0
717.95492946 264.333333333
718.44078236 220.5
718.92666194 263.333333333
719.41256816 264.666666667
719.89850098 230.0
720.38446037 256.666666667
720.87044629 270.0
721.3564587 257.0
721.84249756 266.666666667
722.32856284 250.0
722.8146545 238.666666667
723.30077251 288.0
723.78691682 248.666666667
724.27308741 266.0
724.75928423 258.333333333
725.24550724 246.0
725.73175642 261.5
726.21803172 255.0
726.70433311 224.0
727.19066055 267.666666667
727.677014 271.333333333
728.16339343 228.0
728.6497988 271.0
729.13623007 257.0
729.62268721 247.333333333
730.10917018 264.0
730.59567893 263.0
731.08221345 245.666666667
731.56877369 281.0
732.0553596 251.666666667
732.54197116 263.0
733.02860834 266.666666667
733.51527108 252.666666667
734.00195936 259.5
734.48867313 270.333333333
734.97541237 218.0
735.46217703 266.333333333
735.94896708 265.333333333
736.43578248 224.0
736.9226232 262.333333333
737.40948919 250.0
737.89638043 244.666666667
738.38329686 262.666666667
738.87023847 265.0
739.3572052 248.666666667
739.84419703 269.5
740.33121392 251.666666667
740.81825582 260.0
741.30532271 265.666666667
741.79241455 265.666666667
742.27953129 253.5
742.76667291 269.0
743.25383936 231.0
743.74103061 260.666666667
744.22824663 266.666666667
744.71548737 219.5
745.2027528 269.0
745.69004288 261.0
746.17735758 250.333333333
746.66469685 266.666666667
747.15206067 260.5
747.63944899 251.666666667
748.12686178 284.5
748.614299 252.666666667
749.10176061 259.0
749.58924659 292.0
750.07675688 251.333333333
750.56429146 251.5
751.05185028 277.0
751.53943332 230.0
752.02704053 259.666666667
752.51467187 260.666666667
753.00232732 224.0
753.49000683 271.666666667
753.97771036 252.5
754.46543789 248.666666667
754.95318936 265.666666667
755.44096476 252.5
755.92876403 250.666666667
756.41658715 298.0
756.90443407 241.666666667
757.39230476 246.333333333
757.88019918 282.0
758.3681173 259.333333333
758.85605908 270.5
759.34402448 266.0
759.83201346 244.666666667
760.32002599 252.0
760.80806203 266.666666667
761.29612155 232.0
761.78420451 270.0
762.27231086 265.666666667
762.76044058 231.0
763.24859363 260.666666667
763.73676997 259.5
764.22496956 248.333333333
764.71319237 268.666666667
765.20143836 250.5
765.68970749 246.333333333
766.17799973 286.0
766.66631504 248.0
767.15465338 245.0
767.64301472 288.5
768.13139902 243.666666667
768.61980624 261.5
769.10823635 268.333333333
769.5966893 230.0
770.08516507 271.333333333
770.57366361 255.666666667
771.06218489 225.5
771.55072888 262.0
772.03929553 247.5
772.5278848 243.0
773.01649667 270.0
773.50513109 259.5
773.99378804 245.0
774.48246746 277.0
774.97116932 248.333333333
775.4598936 246.666666667
775.94864024 279.5
776.43740922 252.0
776.9262005 257.0
777.41501403 272.0
777.90384979 243.666666667
778.39270774 261.0
778.88158784 260.666666667
779.37049004 227.5
779.85941433 264.666666667
780.34836066 266.333333333
780.83732898 223.5
781.32631928 262.666666667
781.8153315 258.0
782.30436562 252.333333333
782.79342159 266.666666667
783.28249938 258.5
783.77159895 248.666666667
784.26072027 282.0
784.74986329 249.0
785.23902799 253.333333333
785.72821432 290.0
786.21742225 239.333333333
786.70665174 259.0
787.19590276 263.666666667
787.68517526 246.666666667
788.17446922 246.0
788.66378459 275.666666667
789.15312133 222.0
789.64247942 268.333333333
790.13185881 265.666666667
790.62125947 232.5
791.11068135 267.666666667
791.60012443 257.5
792.08958867 247.666666667
792.57907402 255.333333333
793.06858046 256.0
793.55810795 253.0
794.04765644 286.0
794.53722591 248.666666667
795.02681631 248.0
795.51642762 277.5
796.00605978 247.333333333
796.49571277 258.0
796.98538655 268.0
797.47508108 245.333333333
797.96479632 245.0
798.45453224 263.333333333
798.94428881 227.0
799.43406597 264.333333333
799.92386371 278.0
800.41368198 233.0
800.90352074 267.0
801.39337996 252.0
801.8832596 241.666666667
802.37315962 262.0
802.86307999 265.0
803.35302067 242.0
803.84298163 272.5
804.33296282 251.666666667
804.82296421 252.0
805.31298576 280.0
805.80302744 244.0
806.29308921 250.666666667
806.78317103 269.0
807.27327287 254.0
807.76339468 258.0
808.25353644 254.333333333
808.74369811 246.0
809.23387964 256.5
809.724081 267.333333333
810.21430216 239.0
810.70454308 265.0
811.19480372 268.666666667
811.68508405 235.0
812.17538402 268.333333333
812.6657036 259.5
813.15604276 242.666666667
813.64640146 267.0
814.13677965 257.5
814.62717731 250.666666667
815.1175944 295.0
815.60803088 243.666666667
816.09848671 248.333333333
816.58896185 281.0
817.07945628 245.333333333
817.56996995 251.5
818.06050283 262.333333333
818.55105488 247.333333333
819.04162606 263.5
819.53221633 260.0
820.02282567 235.5
820.51345402 269.333333333
821.00410137 263.333333333
821.49476766 239.5
821.98545286 259.333333333
822.47615694 257.333333333
822.96687986 235.0
