339.61327788 0.0
340.06583261 0.0
340.51844356 0.0
340.97111069 0.0
341.42383397 0.0
341.87661336 0.0
342.32944883 0.0
342.78234033 0.0
343.23528784 0.0
343.68829131 0.0
344.1413507 0.0
344.59446599 0.0
345.04763714 0.0
345.5008641 0.0
345.95414684 0.0
346.40748532 0.0
346.86087951 0.0
347.31432937 0.0
347.76783486 0.0
348.22139595 0.0
348.6750126 0.0
349.12868478 0.0
349.58241244 0.0
350.03619554 77.3333333333
350.49003406 281.5
350.94392796 252.666666667
351.3978772 257.5
351.85188173 259.333333333
352.30594153 254.0
352.76005657 264.333333333
353.21422679 280.5
353.66845217 247.0
354.12273266 277.0
354.57706824 256.0
355.03145886 263.0
355.48590449 266.0
355.94040509 257.333333333
356.39496062 271.5
356.84957105 254.0
357.30423634 257.0
357.75895646 266.666666667
358.21373136 249.0
358.66856102 267.0
359.12344538 256.0
359.57838442 263.0
360.03337811 285.0
360.48842639 254.333333333
360.94352924 260.0
361.39868662 283.0
361.8538985 238.0
362.30916483 265.0
362.76448558 255.0
363.21986071 260.5
363.67529018 260.0
364.13077397 250.0
364.58631202 269.333333333
365.04190431 258.5
365.4975508 251.333333333
365.95325145 274.5
366.40900623 248.0
366.86481509 258.0
367.32067801 272.0
367.77659494 241.5
368.23256584 265.666666667
368.68859069 257.0
369.14466944 248.333333333
369.60080206 283.5
370.05698851 264.0
370.51322875 249.5
370.96952275 271.0
371.42587047 246.0
371.88227187 270.5
372.33872691 248.333333333
372.79523557 263.0
373.2517978 268.333333333
373.70841357 243.0
374.16508283 263.333333333
374.62180556 252.0
375.07858171 247.666666667
375.53541125 273.5
375.99229415 251.333333333
376.44923035 272.5
376.90621984 268.0
377.36326257 236.5
377.8203585 267.333333333
378.2775076 251.5
378.73470984 249.666666667
379.19196516 278.5
379.64927355 264.0
380.10663495 261.5
380.56404934 260.666666667
381.02151668 232.5
381.47903693 262.666666667
381.93661005 253.5
382.394236 259.0
382.85191476 263.333333333
383.30964628 245.0
383.76743053 264.333333333
384.22526746 266.5
384.68315705 261.333333333
385.14109926 295.0
385.59909404 249.333333333
386.05714137 263.0
386.5152412 270.0
386.97339351 236.5
387.43159824 264.0
387.88985537 263.0
388.34816486 256.0
388.80652667 296.5
389.26494076 255.0
389.7234071 259.5
390.18192566 264.333333333
390.64049638 245.5
391.09911925 265.666666667
391.55779422 260.0
392.01652125 257.333333333
392.4753003 281.0
392.93413135 261.0
393.39301436 252.5
393.85194927 270.666666667
394.31093607 254.5
394.76997472 268.5
395.22906517 247.0
395.68820739 267.0
396.14740134 262.333333333
396.60664699 243.5
397.06594429 263.666666667
397.52529322 256.0
397.98469374 255.333333333
398.44414581 273.0
398.90364938 257.0
399.36320444 258.0
399.82281093 273.666666667
400.28246882 245.5
400.74217808 270.0
401.20193867 253.5
401.66175054 257.333333333
402.12161368 284.0
402.58152803 251.666666667
403.04149356 264.5
403.50151023 269.0
403.96157802 233.5
404.42169687 263.0
404.88186676 267.0
405.34208764 251.666666667
405.80235949 277.5
406.26268226 253.0
406.72305591 263.5
407.18348042 265.333333333
407.64395574 242.0
408.10448183 272.0
408.56505866 252.0
409.0256862 251.0
409.4863644 263.5
409.94709324 254.333333333
410.40787266 260.5
410.86870264 267.333333333
411.32958314 236.5
411.79051412 268.0
412.25149554 263.0
412.71252738 245.0
413.17360958 285.5
413.63474212 244.666666667
414.09592496 244.0
414.55715806 253.0
415.01844138 256.333333333
415.4797749 288.0
415.94115856 248.333333333
416.40259233 246.5
416.86407619 263.333333333
417.32561008 236.0
417.78719398 272.333333333
418.24882784 258.0
418.71051164 257.0
419.17224533 271.5
419.63402887 253.0
420.09586223 255.0
420.55774538 264.333333333
421.01967827 221.5
421.48166087 265.0
421.94369315 261.5
422.40577506 248.333333333
422.86790657 299.5
423.33008764 249.666666667
423.79231823 255.5
424.25459832 276.0
424.71692786 224.0
425.17930681 265.0
425.64173514 269.0
426.10421281 244.333333333
426.56673978 283.0
427.02931602 249.0
427.4919415 264.0
427.95461617 272.666666667
428.41733999 253.0
428.88011294 269.333333333
429.34293497 264.0
429.80580604 248.666666667
430.26872613 283.5
430.73169519 249.666666667
431.19471319 256.5
431.65778008 257.666666667
432.12089584 232.5
432.58406043 265.333333333
433.0472738 267.5
433.51053593 250.666666667
433.97384677 289.5
434.4372063 252.666666667
434.90061446 271.5
435.36407123 275.333333333
435.82757657 240.0
436.29113044 271.333333333
436.75473281 270.0
437.21838363 246.666666667
437.68208288 280.5
438.14583051 246.0
438.60962648 281.0
439.07347077 268.666666667
439.53736333 228.0
440.00130413 264.666666667
440.46529314 263.5
440.9293303 251.666666667
441.39341559 296.5
441.85754898 269.0
442.32173041 257.0
442.78595986 260.666666667
443.2502373 231.0
443.71456267 259.0
444.17893595 258.5
444.64335711 256.666666667
445.10782609 314.5
445.57234287 265.0
446.03690741 256.5
446.50151967 276.0
446.96617962 233.5
447.43088721 264.666666667
447.89564242 251.0
448.3604452 241.333333333
448.82529553 292.0
449.29019335 246.0
449.75513864 270.0
450.22013135 267.333333333
450.68517146 228.0
451.15025892 267.333333333
451.6153937 257.0
452.08057576 254.333333333
452.54580506 285.0
453.01108157 244.0
453.47640525 265.5
453.94177607 256.333333333
454.40719398 231.0
454.87265895 268.333333333
455.33817095 270.333333333
455.80372993 227.5
456.26933586 268.666666667
456.7349887 263.0
457.20068842 238.333333333
457.66643498 269.5
458.13222835 248.0
458.59806847 250.0
459.06395533 264.333333333
459.52988888 237.5
459.99586908 271.666666667
460.4618959 253.5
460.92796931 249.666666667
461.39408926 281.0
461.86025571 245.666666667
462.32646864 258.0
462.792728 273.333333333
463.25903377 230.5
463.72538589 270.333333333
464.19178433 262.0
464.65822906 252.666666667
465.12472005 291.0
465.59125725 266.666666667
466.05784062 254.5
466.52447013 266.333333333
466.99114575 225.5
467.45786744 268.666666667
467.92463515 263.0
468.39144886 243.0
468.85830852 291.0
469.3252141 250.0
469.79216557 258.5
470.25916288 269.666666667
470.726206 255.5
471.19329489 264.666666667
471.66042952 285.0
472.12760985 265.0
472.59483583 270.0
473.06210745 256.0
473.52942465 253.0
473.9967874 268.333333333
474.46419567 241.0
474.93164941 283.666666667
475.3991486 265.0
475.86669319 247.666666667
476.33428315 264.333333333
476.80191844 250.5
477.26959902 246.333333333
477.73732486 283.5
478.20509592 260.666666667
478.67291216 262.0
479.14077355 268.666666667
479.60868006 229.5
480.07663163 266.333333333
480.54462824 251.0
481.01266985 254.0
481.48075642 288.0
481.94888792 252.333333333
482.4170643 267.5
482.88528554 267.333333333
483.3535516 239.0
483.82186243 271.0
484.29021801 258.0
484.75861829 244.0
485.22706324 295.5
485.69555282 251.666666667
486.16408699 251.5
486.63266573 271.666666667
487.10128898 230.0
487.56995672 269.0
488.03866891 246.0
488.50742551 249.333333333
488.97622648 282.0
489.44507179 251.666666667
489.91396139 254.333333333
490.38289527 300.5
490.85187337 253.333333333
491.32089566 256.5
491.7899621 270.666666667
492.25907266 239.5
492.7282273 261.333333333
493.19742598 257.5
493.66666867 238.666666667
494.13595533 299.0
494.60528591 251.333333333
495.0746604 254.0
495.54407874 274.0
496.01354091 237.5
496.48304686 272.0
496.95259656 265.5
497.42218997 247.333333333
497.89182706 275.0
498.36150779 251.0
498.83123211 260.5
499.301 270.333333333
499.77081142 225.5
500.24066633 271.0
500.71056469 277.666666667
501.18050648 231.0
501.65049164 264.666666667
502.12052014 258.5
502.59059195 258.333333333
503.06070704 288.5
503.53086535 245.0
504.00106686 267.5
504.47131154 268.333333333
504.94159933 232.5
505.41193021 273.333333333
505.88230414 252.5
506.35272109 247.666666667
506.82318101 289.5
507.29368386 253.333333333
507.76422962 256.0
508.23481825 268.333333333
508.7054497 237.0
509.17612395 265.666666667
509.64684095 255.0
510.11760067 258.333333333
510.58840307 273.333333333
511.05924812 258.0
511.53013577 253.0
512.001066 290.0
512.47203875 250.333333333
512.94305401 252.5
513.41411173 257.666666667
513.88521187 239.5
514.3563544 257.333333333
514.82753927 253.5
515.29876647 247.666666667
515.77003593 284.0
516.24134764 251.666666667
516.71270155 254.0
517.18409763 276.666666667
517.65553584 230.0
518.12701614 258.333333333
518.5985385 267.0
519.07010287 238.5
519.54170923 276.333333333
520.01335753 247.5
520.48504774 253.333333333
520.95677983 294.0
521.42855375 252.333333333
521.90036946 263.0
522.37222694 268.0
522.84412615 233.5
523.31606704 272.0
523.78804958 262.5
524.26007374 247.333333333
524.73213947 299.5
525.20424675 252.333333333
525.67639553 256.0
526.14858578 266.333333333
526.62081745 254.666666667
527.09309052 260.0
527.56540495 267.0
528.0377607 246.5
528.51015773 266.0
528.98259601 254.0
529.4550755 244.666666667
529.92759616 287.0
530.40015795 252.0
530.87276085 254.0
531.34540481 264.666666667
531.81808979 227.5
532.29081576 262.666666667
532.76358269 249.0
533.23639053 258.666666667
533.70923924 273.333333333
534.1821288 261.5
534.65505917 249.0
535.1280303 291.0
535.60104217 249.0
536.07409473 268.0
536.54718794 265.0
537.02032178 232.5
537.4934962 264.333333333
537.96671117 256.0
538.43996665 245.666666667
538.91326261 281.0
539.386599 251.666666667
539.85997579 254.333333333
540.33339294 278.5
540.80685042 252.0
541.28034819 262.5
541.75388622 268.666666667
542.22746446 234.0
542.70108287 265.0
543.17474144 267.0
543.6484401 260.333333333
544.12217884 284.5
544.59595761 251.0
545.06977637 273.0
545.5436351 286.333333333
546.01753374 248.0
546.49147227 268.333333333
546.96545065 264.666666667
547.43946884 243.5
547.9135268 264.666666667
548.3876245 266.0
548.86176191 249.666666667
549.33593897 291.0
549.81015567 247.666666667
550.28441195 250.0
550.75870779 258.333333333
551.23304315 236.0
551.70741799 276.0
552.18183227 258.0
552.65628595 253.0
553.13077901 262.333333333
553.6053114 254.0
554.07988309 251.666666667
554.55449403 284.5
555.0291442 243.333333333
555.50383356 255.5
555.97856206 272.0
556.45332968 220.0
556.92813637 266.333333333
557.4029821 260.0
557.87786683 243.333333333
558.35279053 264.666666667
558.82775315 255.0
559.30275467 259.0
559.77779504 269.0
560.25287423 257.666666667
560.72799221 264.0
561.20314892 266.666666667
561.67834435 231.0
562.15357844 264.0
562.62885117 249.0
563.10416249 249.333333333
563.57951238 257.333333333
564.05490079 260.0
564.53032769 246.0
565.00579303 269.5
565.48129679 253.666666667
565.95683893 263.5
566.4324194 270.666666667
566.90803818 246.0
567.38369523 277.333333333
567.8593905 264.0
568.33512397 248.666666667
568.81089559 278.0
569.28670533 253.333333333
569.76255316 255.333333333
570.23843902 285.5
570.7143629 253.0
571.19032475 262.0
571.66632453 272.0
572.14236222 231.5
572.61843776 272.333333333
573.09455113 252.0
573.57070228 258.0
574.04689119 281.5
574.52311781 256.666666667
574.99938211 254.666666667
575.47568405 286.0
575.95202359 250.666666667
576.4284007 260.5
576.90481534 267.0
577.38126747 231.5
577.85775706 269.0
578.33428407 245.0
578.81084846 263.0
579.2874502 270.0
579.76408925 266.0
580.24076557 251.666666667
580.71747912 290.0
581.19422988 270.666666667
581.6710178 256.0
582.14784284 286.333333333
582.62470497 234.0
583.10160416 261.333333333
583.57854035 259.0
584.05551353 273.0
584.53252365 275.0
585.00957067 268.0
585.48665456 253.333333333
585.96377529 275.5
586.4409328 248.666666667
586.91812708 270.0
587.39535807 279.0
587.87262575 232.5
588.34993007 299.0
588.82727101 294.333333333
589.30464852 240.0
589.78206256 289.0
590.25951311 277.5
590.73700012 268.0
591.21452355 303.5
591.69208338 261.666666667
592.16967956 296.5
592.64731205 299.333333333
593.12498082 242.5
593.60268584 304.333333333
594.08042706 305.666666667
594.55820445 262.5
595.03601797 314.0
595.51386759 304.5
595.99175326 316.333333333
596.46967496 330.0
596.94763264 315.333333333
597.42562627 330.5
597.90365581 347.0
598.38172122 351.333333333
598.85982248 363.5
599.33795953 371.666666667
599.81613235 344.5
600.29434089 384.333333333
600.77258513 375.5
601.25086501 404.0
601.72918052 432.5
602.20753161 412.0
602.68591823 445.333333333
603.16434037 493.5
603.64279797 489.0
604.12129101 513.5
604.59981945 535.0
605.07838324 504.0
605.55698236 567.0
606.03561676 558.5
606.51428641 573.0
606.99299127 615.333333333
607.47173131 655.0
607.95050648 648.333333333
608.42931676 692.5
608.9081621 688.0
609.38704248 718.0
609.86595784 738.666666667
610.34490816 740.0
610.82389339 802.333333333
611.30291351 842.0
611.78196847 834.5
612.26105823 885.0
612.74018277 906.0
613.21934204 934.333333333
613.69853601 995.0
614.17776464 992.0
614.65702789 1049.5
615.13632573 1111.66666667
615.61565812 1131.0
616.09502502 1170.5
616.5744264 1216.0
617.05386221 1247.5
617.53333243 1330.66666667
618.01283702 1368.5
618.49237593 1414.33333333
618.97194914 1508.0
619.4515566 1530.33333333
619.93119828 1609.33333333
620.41087415 1720.0
620.89058415 1729.66666667
621.37032827 1809.0
621.85010646 1885.33333333
622.32991868 1933.0
622.8097649 2048.33333333
623.28964508 2160.66666667
623.76955919 2222.5
624.24950718 2348.33333333
624.72948902 2421.5
625.20950468 2491.0
625.68955412 2608.0
626.16963729 2687.66666667
626.64975417 2825.5
627.12990471 2924.0
627.61008889 3037.66666667
628.09030666 3138.0
628.57055798 3235.0
629.05084283 3309.0
629.53116115 3420.66666667
630.01151293 3495.0
630.49189811 3566.33333333
630.97231666 3657.33333333
631.45276855 3711.0
631.93325374 3741.66666667
632.41377219 3768.0
632.89432387 3785.66666667
633.37490873 3797.0
633.85552675 3807.33333333
634.33617788 3818.0
634.81686209 3826.66666667
635.29757934 3830.66666667
635.77832959 3837.0
636.25911281 3840.66666667
636.73992897 3843.5
637.22077801 3848.0
637.70165992 3853.0
638.18257464 3856.0
638.66352215 3851.0
639.1445024 3718.5
639.62551537 3359.66666667
640.10656101 3182.5
640.58763928 3023.0
641.06875016 2809.5
641.54989359 2646.0
642.03106956 2406.0
642.51227801 2213.0
642.99351892 2071.33333333
643.47479224 1930.0
643.95609794 1773.0
644.43743598 1688.0
644.91880633 1552.0
645.40020894 1468.0
645.88164379 1370.0
646.36311083 1250.66666667
646.84461003 1181.5
647.32614135 1118.66666667
647.80770476 1015.0
648.28930022 991.666666667
648.77092768 933.5
649.25258712 877.0
649.7342785 838.0
650.21600177 799.5
650.69775691 744.666666667
651.17954388 735.0
651.66136264 678.666666667
652.14321315 647.0
652.62509538 627.666666667
653.10700929 571.666666667
653.58895484 543.5
654.070932 546.333333333
654.55294072 511.5
655.03498098 513.0
655.51705274 474.5
655.99915595 448.333333333
656.48129059 442.333333333
656.96345661 426.0
657.44565398 412.0
657.92788266 428.5
658.41014262 392.333333333
658.89243382 381.5
659.37475621 382.666666667
659.85710978 360.0
660.33949447 354.0
660.82191025 374.0
661.30435708 323.5
661.78683493 355.0
662.26934377 327.0
662.75188354 323.0
663.23445423 330.666666667
663.71705578 317.0
664.19968817 305.0
664.68235136 328.0
665.1650453 302.333333333
665.64776997 293.5
666.13052532 307.666666667
666.61331133 296.0
667.09612794 293.0
667.57897514 301.666666667
668.06185287 265.5
668.5447611 294.666666667
669.0276998 273.5
669.51066893 283.0
669.99366845 289.666666667
670.47669833 281.5
670.95975852 272.0
671.442849 293.5
671.92596972 274.333333333
672.40912065 264.0
672.89230175 289.333333333
673.37551298 274.666666667
673.85875431 273.0
674.3420257 281.666666667
674.82532712 256.0
675.30865852 266.333333333
675.79201988 283.0
676.27541115 256.333333333
676.75883229 272.666666667
677.24228328 278.5
677.72576406 259.333333333
678.20927462 288.0
678.6928149 253.333333333
679.17638488 262.0
679.65998451 273.666666667
680.14361377 250.333333333
680.6272726 264.0
681.11096098 269.333333333
681.59467887 242.5
682.07842623 271.0
682.56220303 264.5
683.04600923 255.666666667
683.52984478 270.333333333
684.01370967 260.0
684.49760384 248.0
684.98152726 297.0
685.46547989 251.333333333
685.94946171 262.666666667
686.43347266 288.5
686.91751272 249.666666667
687.40158185 265.0
687.88568001 273.0
688.36980716 238.0
688.85396327 275.666666667
689.33814829 259.0
689.82236221 241.0
690.30660496 264.666666667
690.79087653 244.5
691.27517687 243.0
691.75950595 291.5
692.24386373 245.0
692.72825017 242.333333333
693.21266523 286.0
693.69710889 245.666666667
694.18158109 269.5
694.66608181 262.666666667
695.15061101 255.0
695.63516866 257.0
696.1197547 275.0
696.60436912 226.5
697.08901187 267.333333333
697.57368291 253.0
698.05838221 250.0
698.54310973 269.333333333
699.02786544 255.0
699.51264929 246.666666667
699.99746125 311.5
700.48230129 251.0
700.96716936 254.5
701.45206544 270.666666667
701.93698948 249.666666667
702.42194144 261.5
702.9069213 268.333333333
703.391929 238.0
703.87696453 265.0
704.36202783 267.666666667
704.84711888 239.0
705.33223763 265.333333333
705.81738405 258.5
706.30255811 250.666666667
706.78775976 286.5
707.27298897 241.666666667
707.7582457 249.0
708.24352991 273.5
708.72884158 244.666666667
709.21418065 256.5
709.6995471 273.666666667
710.18494089 249.333333333
710.67036198 251.5
711.15581034 270.0
711.64128592 223.5
712.12678869 269.0
712.61231862 261.0
713.09787566 242.333333333
713.58345979 282.333333333
714.06907095 260.5
714.55470913 239.666666667
715.04037427 279.5
715.52606635 257.666666667
716.01178533 243.0
716.49753116 282.0
716.98330382 247.333333333
717.46910326 252.5
717.95492946 262.666666667
718.44078236 222.0
718.92666194 263.333333333
719.41256816 267.666666667
719.89850098 233.5
720.38446037 257.0
720.87044629 272.0
721.3564587 258.666666667
721.84249756 268.0
722.32856284 252.5
722.8146545 241.333333333
723.30077251 288.5
723.78691682 251.333333333
724.27308741 270.5
724.75928423 257.0
725.24550724 246.666666667
725.73175642 260.0
726.21803172 257.666666667
726.70433311 224.0
727.19066055 272.0
727.677014 270.666666667
728.16339343 233.0
728.6497988 273.666666667
729.13623007 255.0
729.62268721 247.0
730.10917018 263.666666667
730.59567893 260.0
731.08221345 245.0
731.56877369 280.0
732.0553596 252.666666667
732.54197116 260.0
733.02860834 267.333333333
733.51527108 250.333333333
734.00195936 260.0
734.48867313 267.666666667
734.97541237 220.5
735.46217703 267.0
735.94896708 266.333333333
736.43578248 225.5
736.9226232 262.0
737.40948919 254.5
737.89638043 245.0
738.38329686 261.333333333
738.87023847 264.5
739.3572052 250.666666667
739.84419703 269.5
740.33121392 252.0
740.81825582 258.0
741.30532271 269.333333333
741.79241455 265.666666667
742.27953129 258.0
742.76667291 270.666666667
743.25383936 234.0
743.74103061 265.666666667
744.22824663 273.0
744.71548737 224.0
745.2027528 270.333333333
745.69004288 260.5
746.17735758 247.0
746.66469685 266.666666667
747.15206067 266.0
747.63944899 251.333333333
748.12686178 286.5
748.614299 254.333333333
749.10176061 262.0
749.58924659 293.5
750.07675688 254.0
750.56429146 254.5
751.05185028 279.0
751.53943332 231.0
752.02704053 262.333333333
752.51467187 261.333333333
753.00232732 224.0
753.49000683 273.0
753.97771036 253.5
754.46543789 250.0
754.95318936 266.333333333
755.44096476 254.0
755.92876403 251.666666667
756.41658715 300.5
756.90443407 240.666666667
757.39230476 247.0
757.88019918 283.5
758.3681173 259.666666667
758.85605908 272.5
759.34402448 266.0
759.83201346 248.0
760.32002599 257.0
760.80806203 266.0
761.29612155 231.0
761.78420451 274.0
762.27231086 268.0
762.76044058 230.5
763.24859363 266.0
763.73676997 260.0
764.22496956 251.333333333
764.71319237 268.666666667
765.20143836 254.0
765.68970749 247.666666667
766.17799973 288.0
766.66631504 248.0
767.15465338 245.666666667
767.64301472 293.5
768.13139902 247.666666667
768.61980624 260.0
769.10823635 269.0
769.5966893 233.5
770.08516507 272.0
770.57366361 255.666666667
771.06218489 224.0
771.55072888 259.666666667
772.03929553 248.0
772.5278848 246.666666667
773.01649667 268.666666667
773.50513109 261.5
773.99378804 246.0
774.48246746 280.5
774.97116932 251.666666667
775.4598936 250.333333333
775.94864024 279.5
776.43740922 253.666666667
776.9262005 258.5
777.41501403 274.333333333
777.90384979 247.333333333
778.39270774 264.0
778.88158784 265.0
779.37049004 229.5
779.85941433 266.0
780.34836066 269.666666667
780.83732898 221.5
781.32631928 262.333333333
781.8153315 254.0
782.30436562 250.0
782.79342159 272.0
783.28249938 257.0
783.77159895 249.666666667
784.26072027 282.5
784.74986329 251.0
785.23902799 255.333333333
785.72821432 292.0
786.21742225 240.666666667
786.70665174 259.5
787.19590276 265.0
787.68517526 246.666666667
788.17446922 251.0
788.66378459 274.0
789.15312133 227.0
789.64247942 269.0
790.13185881 266.333333333
790.62125947 234.0
791.11068135 269.333333333
791.60012443 253.5
792.08958867 250.666666667
792.57907402 260.0
793.06858046 257.5
793.55810795 255.333333333
794.04765644 285.5
794.53722591 249.666666667
795.02681631 253.333333333
795.51642762 282.5
796.00605978 248.0
796.49571277 260.0
796.98538655 273.0
797.47508108 249.333333333
797.96479632 251.5
798.45453224 263.0
798.94428881 229.5
799.43406597 267.0
799.92386371 277.666666667
800.41368198 233.0
800.90352074 269.666666667
801.39337996 255.5
801.8832596 243.333333333
802.37315962 261.0
802.86307999 267.0
803.35302067 242.666666667
803.84298163 273.0
804.33296282 253.666666667
804.82296421 250.333333333
805.31298576 278.0
805.80302744 248.0
806.29308921 253.0
806.78317103 273.0
807.27327287 256.0
807.76339468 257.5
808.25353644 254.0
808.74369811 247.0
809.23387964 263.5
809.724081 266.0
810.21430216 241.0
810.70454308 263.333333333
811.19480372 272.666666667
811.68508405 236.5
812.17538402 271.333333333
812.6657036 261.0
813.15604276 244.333333333
813.64640146 266.666666667
814.13677965 262.5
814.62717731 250.666666667
815.1175944 300.0
815.60803088 251.0
816.09848671 245.333333333
816.58896185 279.5
817.07945628 247.0
817.56996995 255.0
818.06050283 262.666666667
818.55105488 247.333333333
819.04162606 268.5
819.53221633 258.0
820.02282567 236.5
820.51345402 265.333333333
821.00410137 266.666666667
821.49476766 239.0
821.98545286 259.666666667
822.47615694 256.333333333
822.96687986 233.0
