333.051300	0.000000
333.235016	0.000000
333.418732	0.000000
333.602448	0.000000
333.786163	0.000000
333.969879	0.000000
334.153625	0.000000
334.337372	0.000000
334.521088	0.000000
334.704834	0.000000
334.888550	0.000000
335.072327	0.000000
335.256073	0.000000
335.439819	0.000000
335.623596	0.000000
335.807343	0.000000
335.991119	0.000000
336.174866	0.000000
336.358643	0.000000
336.542419	0.000000
336.726196	0.000000
336.909973	0.000000
337.093750	0.000000
337.277527	0.000000
337.461304	0.000000
337.645111	0.000000
337.828918	0.000000
338.012726	0.000000
338.196533	0.000000
338.380341	0.000000
338.564117	0.000000
338.747925	0.000000
338.931763	0.000000
339.115570	0.000000
339.299408	0.000000
339.483215	0.000000
339.667023	0.000000
339.850861	0.000000
340.034698	0.000000
340.218536	0.000000
340.402405	0.000000
340.586243	0.000000
340.770111	0.000000
340.953918	0.000000
341.137787	0.000000
341.321655	0.000000
341.505524	0.000000
341.689392	0.000000
341.873260	0.000000
342.057098	0.000000
342.240967	0.000000
342.424866	0.000000
342.608734	0.000000
342.792633	0.000000
342.976532	0.000000
343.160431	0.000000
343.344299	0.000000
343.528198	0.000000
343.712097	0.000000
343.895996	0.000000
344.079926	0.000000
344.263824	0.000000
344.447723	0.000000
344.631653	0.000000
344.815552	0.000000
344.999481	0.000000
345.183411	0.000000
345.367371	0.000000
345.551300	0.000000
345.735199	0.000000
345.919159	0.000000
346.103088	0.000000
346.287048	0.000000
346.471008	0.000000
346.654968	0.000000
346.838898	0.000000
347.022858	0.000000
347.206818	0.000000
347.390778	0.000000
347.574768	0.000000
347.758728	0.000000
347.942719	0.000000
348.126678	0.000000
348.310669	0.000000
348.494659	0.000000
348.678650	0.000000
348.862640	0.000000
349.046631	0.000000
349.230591	0.000000
349.414612	0.000000
349.598602	0.000000
349.782623	0.000000
349.966644	228.000000
350.150665	272.000000
350.334686	281.000000
350.518677	245.000000
350.702698	236.000000
350.886749	271.000000
351.070770	267.000000
351.254822	233.000000
351.438843	239.000000
351.622864	271.000000
351.806915	256.000000
351.990967	252.000000
352.175018	248.000000
352.359070	274.000000
352.543121	278.000000
352.727203	230.000000
352.911224	254.000000
353.095306	288.000000
353.279358	255.000000
353.463440	231.000000
353.647522	242.000000
353.831604	273.000000
354.015656	257.000000
354.199738	243.000000
354.383850	235.000000
354.567932	275.000000
354.752045	284.000000
354.936127	240.000000
355.120239	246.000000
355.304321	290.000000
355.488434	274.000000
355.672546	241.000000
355.856659	246.000000
356.040771	272.000000
356.224915	263.000000
356.408997	238.000000
356.593140	234.000000
356.777252	282.000000
356.961395	273.000000
357.145538	239.000000
357.329681	242.000000
357.513824	268.000000
357.697937	263.000000
357.882111	234.000000
358.066254	254.000000
358.250397	268.000000
358.434570	268.000000
358.618744	249.000000
358.802887	237.000000
358.987061	255.000000
359.171234	282.000000
359.355408	247.000000
359.539581	237.000000
359.723755	287.000000
359.907959	273.000000
360.092102	234.000000
360.276306	239.000000
360.460510	271.000000
360.644684	269.000000
360.828888	247.000000
361.013092	242.000000
361.197296	297.000000
361.381500	289.000000
361.565704	240.000000
361.749939	223.000000
361.934143	277.000000
362.118378	268.000000
362.302612	233.000000
362.486786	232.000000
362.671021	279.000000
362.855255	274.000000
363.039520	232.000000
363.223755	235.000000
363.407990	257.000000
363.592224	272.000000
363.776459	239.000000
363.960724	240.000000
364.144989	277.000000
364.329254	266.000000
364.513519	253.000000
364.697784	227.000000
364.882019	274.000000
365.066284	266.000000
365.250580	231.000000
365.434845	237.000000
365.619141	257.000000
365.803436	268.000000
365.987701	235.000000
366.171967	227.000000
366.356262	274.000000
366.540558	272.000000
366.724884	235.000000
366.909180	243.000000
367.093445	280.000000
367.277771	273.000000
367.462097	239.000000
367.646393	240.000000
367.830719	266.000000
368.015045	270.000000
368.199371	240.000000
368.383698	232.000000
368.567993	281.000000
368.752350	256.000000
368.936676	217.000000
369.121033	241.000000
369.305359	271.000000
369.489685	276.000000
369.674042	258.000000
369.858398	252.000000
370.042755	268.000000
370.227112	259.000000
370.411469	229.000000
370.595856	232.000000
370.780212	278.000000
370.964569	287.000000
371.148926	242.000000
371.333313	243.000000
371.517700	267.000000
371.702087	257.000000
371.886444	241.000000
372.070831	239.000000
372.255219	251.000000
372.439636	285.000000
372.624023	237.000000
372.808441	246.000000
372.992828	276.000000
373.177246	271.000000
373.361633	228.000000
373.546051	240.000000
373.730469	272.000000
373.914886	262.000000
374.099304	240.000000
374.283722	223.000000
374.468140	268.000000
374.652588	260.000000
374.837006	233.000000
375.021454	235.000000
375.205902	274.000000
375.390350	270.000000
375.574799	248.000000
375.759216	229.000000
375.943665	250.000000
376.128143	274.000000
376.312592	258.000000
376.497070	245.000000
376.681488	274.000000
376.865967	270.000000
377.050446	231.000000
377.234924	229.000000
377.419403	269.000000
377.603882	282.000000
377.788361	233.000000
377.972870	237.000000
378.157318	263.000000
378.341827	254.000000
378.526306	250.000000
378.710815	232.000000
378.895325	284.000000
379.079803	267.000000
379.264313	247.000000
379.448822	246.000000
379.633331	288.000000
379.817841	268.000000
380.002380	230.000000
380.186890	240.000000
380.371429	282.000000
380.555939	245.000000
380.740479	231.000000
380.924988	233.000000
381.109528	270.000000
381.294098	274.000000
381.478607	226.000000
381.663147	229.000000
381.847717	273.000000
382.032257	272.000000
382.216827	228.000000
382.401367	239.000000
382.585937	279.000000
382.770508	271.000000
382.955048	254.000000
383.139618	231.000000
383.324188	257.000000
383.508789	268.000000
383.693359	241.000000
383.877930	242.000000
384.062500	284.000000
384.247101	275.000000
384.431702	246.000000
384.616302	243.000000
384.800903	283.000000
384.985504	287.000000
385.170105	234.000000
385.354675	230.000000
385.539276	274.000000
385.723907	279.000000
385.908508	237.000000
386.093140	230.000000
386.277740	300.000000
386.462372	273.000000
386.647003	231.000000
386.831635	246.000000
387.016266	272.000000
387.200897	265.000000
387.385559	242.000000
387.570190	248.000000
387.754791	267.000000
387.939453	280.000000
388.124115	224.000000
388.308777	257.000000
388.493439	304.000000
388.678070	284.000000
388.862732	244.000000
389.047394	234.000000
389.232056	276.000000
389.416748	270.000000
389.601410	240.000000
389.786102	236.000000
389.970795	260.000000
390.155426	267.000000
390.340118	249.000000
390.524811	232.000000
390.709503	270.000000
390.894196	288.000000
391.078888	222.000000
391.263580	231.000000
391.448303	276.000000
391.632996	263.000000
391.817719	239.000000
392.002441	255.000000
392.187134	286.000000
392.371857	268.000000
392.556549	245.000000
392.741302	229.000000
392.926025	299.000000
393.110748	264.000000
393.295502	228.000000
393.480194	237.000000
393.664948	274.000000
393.849670	291.000000
394.034424	246.000000
394.219177	250.000000
394.403931	263.000000
394.588684	272.000000
394.773468	230.000000
394.958191	233.000000
395.142944	265.000000
395.327728	262.000000
395.512482	255.000000
395.697266	224.000000
395.882019	276.000000
396.066803	278.000000
396.251587	232.000000
396.436371	240.000000
396.621155	266.000000
396.805939	272.000000
396.990723	249.000000
397.175537	231.000000
397.360291	272.000000
397.545105	279.000000
397.729919	228.000000
397.914703	238.000000
398.099518	273.000000
398.284302	255.000000
398.469116	237.000000
398.653961	243.000000
398.838776	278.000000
399.023590	284.000000
399.208435	234.000000
399.393250	230.000000
399.578094	294.000000
399.762909	280.000000
399.947754	249.000000
400.132599	231.000000
400.317444	281.000000
400.502289	271.000000
400.687103	246.000000
400.871948	237.000000
401.056824	251.000000
401.241669	285.000000
401.426544	240.000000
401.611420	229.000000
401.796265	285.000000
401.981140	270.000000
402.165985	236.000000
402.350861	230.000000
402.535767	275.000000
402.720642	259.000000
402.905518	254.000000
403.090393	243.000000
403.275269	271.000000
403.460175	283.000000
403.645081	232.000000
403.829956	227.000000
404.014862	263.000000
404.199768	263.000000
404.384674	257.000000
404.569580	240.000000
404.754486	287.000000
404.939392	274.000000
405.124329	234.000000
405.309235	239.000000
405.494141	272.000000
405.679077	276.000000
405.864014	228.000000
406.048950	225.000000
406.233887	290.000000
406.418823	271.000000
406.603760	232.000000
406.788696	239.000000
406.973633	263.000000
407.158569	279.000000
407.343536	240.000000
407.528473	234.000000
407.713440	278.000000
407.898376	274.000000
408.083344	246.000000
408.268311	218.000000
408.453278	279.000000
408.638275	275.000000
408.823242	217.000000
409.008209	243.000000
409.193207	264.000000
409.378143	257.000000
409.563141	235.000000
409.748138	241.000000
409.933136	274.000000
410.118134	267.000000
410.303101	243.000000
410.488098	223.000000
410.673096	285.000000
410.858124	277.000000
411.043121	232.000000
411.228149	235.000000
411.413147	286.000000
411.598175	264.000000
411.783173	237.000000
411.968201	244.000000
412.153229	272.000000
412.338257	278.000000
412.523285	222.000000
412.708282	214.000000
412.893341	289.000000
413.078369	272.000000
413.263428	219.000000
413.448456	220.000000
413.633514	283.000000
413.818573	264.000000
414.003632	221.000000
414.188660	223.000000
414.373718	275.000000
414.558777	287.000000
414.743835	235.000000
414.928925	265.000000
415.113953	308.000000
415.299042	298.000000
415.484100	241.000000
415.669189	237.000000
415.854279	292.000000
416.039368	279.000000
416.224457	221.000000
416.409546	230.000000
416.594604	280.000000
416.779694	277.000000
416.964813	233.000000
417.149902	229.000000
417.335022	293.000000
417.520081	288.000000
417.705200	237.000000
417.890320	239.000000
418.075439	276.000000
418.260559	299.000000
418.445679	241.000000
418.630798	248.000000
418.815918	280.000000
419.001038	288.000000
419.186157	250.000000
419.371307	245.000000
419.556427	306.000000
419.741577	295.000000
419.926697	239.000000
420.111847	243.000000
420.296997	287.000000
420.482147	265.000000
420.667297	225.000000
420.852448	221.000000
421.037628	286.000000
421.222778	271.000000
421.407928	226.000000
421.593079	222.000000
421.778259	292.000000
421.963440	279.000000
422.148621	226.000000
422.333771	226.000000
422.518951	308.000000
422.704132	272.000000
422.889313	249.000000
423.074493	219.000000
423.259705	267.000000
423.444885	262.000000
423.630096	249.000000
423.815277	224.000000
424.000458	289.000000
424.185669	292.000000
424.370880	224.000000
424.556091	232.000000
424.741272	279.000000
424.926514	284.000000
425.111725	229.000000
425.296936	233.000000
425.482178	302.000000
425.667389	283.000000
425.852631	236.000000
426.037872	235.000000
426.223083	295.000000
426.408325	274.000000
426.593567	232.000000
426.778809	249.000000
426.964050	284.000000
427.149261	275.000000
427.334534	246.000000
427.519775	236.000000
427.705048	271.000000
427.890289	291.000000
428.075562	260.000000
428.260834	234.000000
428.446106	271.000000
428.631348	292.000000
428.816620	236.000000
429.001892	242.000000
429.187164	278.000000
429.372467	273.000000
429.557709	234.000000
429.743011	231.000000
429.928284	292.000000
430.113586	280.000000
430.298889	235.000000
430.484161	216.000000
430.669464	278.000000
430.854767	271.000000
431.040070	224.000000
431.225372	224.000000
431.410675	275.000000
431.596008	252.000000
431.781311	238.000000
431.966614	224.000000
432.151917	291.000000
432.337250	273.000000
432.522583	236.000000
432.707916	246.000000
432.893250	300.000000
433.078583	296.000000
433.263916	217.000000
433.449219	236.000000
433.634583	300.000000
433.819916	270.000000
434.005280	236.000000
434.190613	225.000000
434.375946	283.000000
434.561310	300.000000
434.746674	232.000000
434.932037	215.000000
435.117401	289.000000
435.302765	303.000000
435.488129	234.000000
435.673492	231.000000
435.858856	288.000000
436.044220	272.000000
436.229614	229.000000
436.415009	229.000000
436.600372	305.000000
436.785736	281.000000
436.971130	232.000000
437.156525	221.000000
437.341919	277.000000
437.527313	275.000000
437.712738	236.000000
437.898132	224.000000
438.083527	271.000000
438.268921	269.000000
438.454346	278.000000
438.639740	224.000000
438.825165	289.000000
439.010590	288.000000
439.195984	220.000000
439.381409	222.000000
439.566833	274.000000
439.752258	276.000000
439.937683	227.000000
440.123138	232.000000
440.308563	291.000000
440.494019	277.000000
440.679413	231.000000
440.864868	229.000000
441.050323	294.000000
441.235779	287.000000
441.421234	241.000000
441.606659	234.000000
441.792114	322.000000
441.977570	280.000000
442.163055	217.000000
442.348511	228.000000
442.533997	270.000000
442.719452	273.000000
442.904938	220.000000
443.090393	230.000000
443.275848	267.000000
443.461334	273.000000
443.646820	222.000000
443.832306	221.000000
444.017792	288.000000
444.203278	272.000000
444.388763	220.000000
444.574280	255.000000
444.759766	315.000000
444.945282	296.000000
445.130768	248.000000
445.316284	219.000000
445.501770	300.000000
445.687286	285.000000
445.872803	217.000000
446.058319	234.000000
446.243835	289.000000
446.429321	282.000000
446.614868	227.000000
446.800385	233.000000
446.985931	275.000000
447.171448	275.000000
447.356995	218.000000
447.542542	219.000000
447.728088	267.000000
447.913605	269.000000
448.099152	221.000000
448.284698	223.000000
448.470245	292.000000
448.655792	284.000000
448.841339	220.000000
449.026886	224.000000
449.212463	283.000000
449.398010	294.000000
449.583588	240.000000
449.769165	224.000000
449.954712	288.000000
450.140289	284.000000
450.325836	220.000000
450.511444	230.000000
450.697021	273.000000
450.882599	297.000000
451.068176	228.000000
451.253754	237.000000
451.439331	275.000000
451.624939	293.000000
451.810547	236.000000
451.996124	218.000000
452.181732	289.000000
452.367340	269.000000
452.552948	219.000000
452.738525	225.000000
452.924164	276.000000
453.109772	280.000000
453.295380	240.000000
453.481018	227.000000
453.666595	278.000000
453.852234	269.000000
454.037842	220.000000
454.223480	230.000000
454.409119	283.000000
454.594757	280.000000
454.780396	229.000000
454.966034	230.000000
455.151642	280.000000
455.337311	282.000000
455.522949	236.000000
455.708588	219.000000
455.894257	288.000000
456.079865	267.000000
456.265533	236.000000
456.451202	221.000000
456.636871	286.000000
456.822540	264.000000
457.008209	223.000000
457.193878	218.000000
457.379547	271.000000
457.565186	268.000000
457.750854	221.000000
457.936554	230.000000
458.122223	282.000000
458.307922	273.000000
458.493591	222.000000
458.679260	216.000000
458.864960	290.000000
459.050659	270.000000
459.236359	231.000000
459.422058	234.000000
459.607758	296.000000
459.793457	294.000000
459.979156	214.000000
460.164856	221.000000
460.350586	277.000000
460.536285	267.000000
460.722015	230.000000
460.907715	230.000000
461.093414	270.000000
461.279144	287.000000
461.464874	224.000000
461.650604	224.000000
461.836334	282.000000
462.022064	286.000000
462.207825	220.000000
462.393555	222.000000
462.579285	291.000000
462.765015	292.000000
462.950775	224.000000
463.136475	225.000000
463.322235	278.000000
463.507996	288.000000
463.693756	229.000000
463.879517	218.000000
464.065277	297.000000
464.251038	280.000000
464.436798	236.000000
464.622589	235.000000
464.808350	281.000000
464.994110	281.000000
465.179871	242.000000
465.365662	244.000000
465.551422	291.000000
465.737183	294.000000
465.922974	222.000000
466.108765	216.000000
466.294556	301.000000
466.480347	276.000000
466.666168	218.000000
466.851959	232.000000
467.037750	278.000000
467.223572	285.000000
467.409332	241.000000
467.595154	223.000000
467.780975	292.000000
467.966736	272.000000
468.152557	227.000000
468.338379	229.000000
468.524200	300.000000
468.710022	280.000000
468.895844	223.000000
469.081696	248.000000
469.267517	274.000000
469.453339	285.000000
469.639191	234.000000
469.824982	227.000000
470.010834	286.000000
470.196686	290.000000
470.382507	258.000000
470.568329	241.000000
470.754181	291.000000
470.940033	284.000000
471.125916	217.000000
471.311768	268.000000
471.497620	294.000000
471.683472	289.000000
471.869354	239.000000
472.055206	256.000000
472.241058	269.000000
472.426910	276.000000
472.612793	243.000000
472.798645	233.000000
472.984528	286.000000
473.170410	279.000000
473.356293	217.000000
473.542175	236.000000
473.728058	293.000000
473.913971	263.000000
474.099854	248.000000
474.285736	232.000000
474.471649	272.000000
474.657532	312.000000
474.843414	254.000000
475.029327	233.000000
475.215210	290.000000
475.401123	289.000000
475.587036	219.000000
475.772949	226.000000
475.958862	280.000000
476.144775	269.000000
476.330719	235.000000
476.516632	224.000000
476.702545	267.000000
476.888489	276.000000
477.074402	230.000000
477.260315	223.000000
477.446259	293.000000
477.632172	269.000000
477.818115	232.000000
478.004059	230.000000
478.190002	302.000000
478.375946	283.000000
478.561890	229.000000
478.747864	216.000000
478.933807	285.000000
479.119751	287.000000
479.305725	222.000000
479.491669	222.000000
479.677612	268.000000
479.863586	293.000000
480.049530	229.000000
480.235504	219.000000
480.421478	276.000000
480.607452	284.000000
480.793427	232.000000
480.979401	235.000000
481.165405	284.000000
481.351379	287.000000
481.537354	230.000000
481.723358	221.000000
481.909332	287.000000
482.095306	284.000000
482.281311	236.000000
482.467285	229.000000
482.653290	276.000000
482.839294	280.000000
483.025299	235.000000
483.211304	239.000000
483.397308	274.000000
483.583344	295.000000
483.769348	220.000000
483.955353	229.000000
484.141388	286.000000
484.327393	285.000000
484.513397	223.000000
484.699432	222.000000
484.885437	295.000000
485.071472	275.000000
485.257507	242.000000
485.443542	229.000000
485.629578	276.000000
485.815613	279.000000
486.001648	220.000000
486.187714	235.000000
486.373749	286.000000
486.559814	279.000000
486.745819	233.000000
486.931885	224.000000
487.117950	281.000000
487.303986	282.000000
487.490051	227.000000
487.676117	223.000000
487.862183	256.000000
488.048248	287.000000
488.234314	218.000000
488.420380	232.000000
488.606445	286.000000
488.792542	280.000000
488.978607	232.000000
489.164673	224.000000
489.350769	281.000000
489.536835	287.000000
489.722900	239.000000
489.908997	225.000000
490.095093	279.000000
490.281189	309.000000
490.467285	237.000000
490.653381	247.000000
490.839508	255.000000
491.025604	269.000000
491.211700	229.000000
491.397827	228.000000
491.583893	283.000000
491.770020	285.000000
491.956146	229.000000
492.142212	244.000000
492.328339	258.000000
492.514465	272.000000
492.700592	231.000000
492.886719	219.000000
493.072845	289.000000
493.258972	263.000000
493.445129	222.000000
493.631256	218.000000
493.817413	306.000000
494.003510	278.000000
494.189667	226.000000
494.375793	234.000000
494.561920	285.000000
494.748077	281.000000
494.934235	222.000000
495.120392	224.000000
495.306549	279.000000
495.492706	289.000000
495.678864	236.000000
495.865021	233.000000
496.051178	279.000000
496.237366	289.000000
496.423492	226.000000
496.609680	239.000000
496.795837	277.000000
496.981995	277.000000
497.168182	228.000000
497.354370	231.000000
497.540558	269.000000
497.726746	261.000000
497.912933	224.000000
498.099121	232.000000
498.285309	284.000000
498.471497	266.000000
498.657715	246.000000
498.843872	216.000000
499.030090	306.000000
499.216278	283.000000
499.402466	214.000000
499.588654	224.000000
499.774872	293.000000
499.961090	283.000000
500.147308	222.000000
500.333527	227.000000
500.519745	283.000000
500.705963	310.000000
500.892181	240.000000
501.078430	217.000000
501.264618	280.000000
501.450836	274.000000
501.637085	224.000000
501.823303	223.000000
502.009521	285.000000
502.195770	306.000000
502.382019	227.000000
502.568268	232.000000
502.754486	285.000000
502.940735	275.000000
503.127014	220.000000
503.313263	224.000000
503.499512	274.000000
503.685730	293.000000
503.872009	233.000000
504.058258	227.000000
504.244507	304.000000
504.430756	278.000000
504.617035	226.000000
504.803314	236.000000
504.989563	284.000000
505.175842	279.000000
505.362122	251.000000
505.548401	221.000000
505.734680	266.000000
505.920959	267.000000
506.107239	230.000000
506.293518	233.000000
506.479797	287.000000
506.666077	286.000000
506.852356	230.000000
507.038666	232.000000
507.224945	291.000000
507.411255	276.000000
507.597565	231.000000
507.783875	227.000000
507.970184	285.000000
508.156494	284.000000
508.342804	219.000000
508.529083	244.000000
508.715393	290.000000
508.901703	281.000000
509.088013	222.000000
509.274323	233.000000
509.460663	265.000000
509.646973	275.000000
509.833313	256.000000
510.019653	236.000000
510.205963	281.000000
510.392303	292.000000
510.578644	242.000000
510.764984	219.000000
510.951294	292.000000
511.137634	302.000000
511.324005	225.000000
511.510315	225.000000
511.696655	303.000000
511.883026	272.000000
512.069397	230.000000
512.255737	235.000000
512.442078	280.000000
512.628479	291.000000
512.814819	219.000000
513.001160	228.000000
513.187561	280.000000
513.373901	272.000000
513.560303	250.000000
513.746643	224.000000
513.932983	276.000000
514.119385	272.000000
514.305725	232.000000
514.492126	221.000000
514.678528	273.000000
514.864868	280.000000
515.051270	230.000000
515.237671	228.000000
515.424072	284.000000
515.610474	284.000000
515.796814	255.000000
515.983215	233.000000
516.169617	272.000000
516.356018	281.000000
516.542419	230.000000
516.728821	237.000000
516.915222	297.000000
517.101624	290.000000
517.288086	224.000000
517.474487	216.000000
517.660889	270.000000
517.847290	264.000000
518.033752	232.000000
518.220154	228.000000
518.406616	290.000000
518.593018	271.000000
518.779358	237.000000
518.965820	230.000000
519.152283	277.000000
519.338684	305.000000
519.525146	232.000000
519.711548	220.000000
519.898010	268.000000
520.084473	296.000000
520.270935	222.000000
520.457336	231.000000
520.643738	288.000000
520.830200	293.000000
521.016663	238.000000
521.203125	234.000000
521.389587	272.000000
521.576050	288.000000
521.762512	230.000000
521.948975	228.000000
522.135437	283.000000
522.321899	278.000000
522.508362	218.000000
522.694885	244.000000
522.881348	293.000000
523.067810	277.000000
523.254272	238.000000
523.440796	226.000000
523.627197	281.000000
523.813721	270.000000
524.000183	224.000000
524.186646	238.000000
524.373169	294.000000
524.559692	290.000000
524.746155	230.000000
524.932678	232.000000
525.119141	279.000000
525.305664	274.000000
525.492126	238.000000
525.678589	235.000000
525.865112	274.000000
526.051636	276.000000
526.238159	222.000000
526.424683	230.000000
526.611206	305.000000
526.797729	287.000000
526.984253	222.000000
527.170776	240.000000
527.357300	281.000000
527.543823	274.000000
527.730347	253.000000
527.916870	232.000000
528.103394	271.000000
528.289917	276.000000
528.476440	235.000000
528.662964	224.000000
528.849487	281.000000
529.036072	277.000000
529.222595	222.000000
529.409119	225.000000
529.595703	282.000000
529.782227	287.000000
529.968811	238.000000
530.155334	239.000000
530.341858	270.000000
530.528381	282.000000
530.714966	222.000000
530.901550	220.000000
531.088074	267.000000
531.274658	290.000000
531.461243	223.000000
531.647827	234.000000
531.834412	276.000000
532.020996	272.000000
532.207520	238.000000
532.394104	224.000000
532.580688	266.000000
532.767273	285.000000
532.953857	249.000000
533.140442	227.000000
533.327026	308.000000
533.513611	280.000000
533.700195	228.000000
533.886780	230.000000
534.073364	291.000000
534.260010	282.000000
534.446594	232.000000
534.633179	231.000000
534.819824	282.000000
535.006409	292.000000
535.192932	228.000000
535.379578	222.000000
535.566162	283.000000
535.752808	276.000000
535.939392	241.000000
536.126038	238.000000
536.312683	274.000000
536.499268	268.000000
536.685913	230.000000
536.872559	232.000000
537.059143	273.000000
537.245789	275.000000
537.432434	219.000000
537.619080	223.000000
537.805725	269.000000
537.992371	278.000000
538.178955	213.000000
538.365601	224.000000
538.552246	275.000000
538.738892	275.000000
538.925537	239.000000
539.112183	229.000000
539.298828	279.000000
539.485474	287.000000
539.672119	239.000000
539.858765	222.000000
540.045410	276.000000
540.232056	279.000000
540.418701	233.000000
540.605408	220.000000
540.792053	280.000000
540.978760	280.000000
541.165405	232.000000
541.352051	242.000000
541.538757	275.000000
541.725464	269.000000
541.912109	224.000000
542.098816	231.000000
542.285461	279.000000
542.472168	279.000000
542.658875	221.000000
542.845581	238.000000
543.032166	285.000000
543.218872	289.000000
543.405579	233.000000
543.592285	244.000000
543.778992	275.000000
543.965698	289.000000
544.152405	232.000000
544.339111	220.000000
544.525818	283.000000
544.712524	295.000000
544.899170	229.000000
545.085876	232.000000
545.272583	293.000000
545.459290	299.000000
545.645996	250.000000
545.832764	243.000000
546.019470	274.000000
546.206177	269.000000
546.392944	232.000000
546.579651	228.000000
546.766357	278.000000
546.953125	271.000000
547.139832	250.000000
547.326599	228.000000
547.513306	281.000000
547.700073	276.000000
547.886719	231.000000
548.073486	231.000000
548.260254	292.000000
548.446960	281.000000
548.633728	229.000000
548.820496	221.000000
549.007263	301.000000
549.193970	271.000000
549.380737	227.000000
549.567505	224.000000
549.754211	286.000000
549.940979	273.000000
550.127747	223.000000
550.314514	227.000000
550.501282	257.000000
550.688049	279.000000
550.874817	238.000000
551.061584	227.000000
551.248352	295.000000
551.435181	291.000000
551.621948	238.000000
551.808716	230.000000
551.995483	286.000000
552.182312	276.000000
552.369080	235.000000
552.555847	238.000000
552.742615	279.000000
552.929382	265.000000
553.116150	238.000000
553.302979	218.000000
553.489746	291.000000
553.676575	279.000000
553.863403	230.000000
554.050171	232.000000
554.237000	288.000000
554.423767	271.000000
554.610535	226.000000
554.797363	227.000000
554.984192	261.000000
555.170959	271.000000
555.357788	237.000000
555.544617	218.000000
555.731445	291.000000
555.918274	290.000000
556.105103	217.000000
556.291931	221.000000
556.478760	285.000000
556.665588	274.000000
556.852417	225.000000
557.039246	223.000000
557.226074	282.000000
557.412903	275.000000
557.599670	225.000000
557.786560	220.000000
557.973389	278.000000
558.160217	270.000000
558.347046	247.000000
558.533936	226.000000
558.720764	273.000000
558.907654	272.000000
559.094482	252.000000
559.281311	236.000000
559.468140	264.000000
559.654968	275.000000
559.841858	237.000000
560.028687	250.000000
560.215576	281.000000
560.402466	280.000000
560.589294	236.000000
560.776184	234.000000
560.963074	277.000000
561.149963	272.000000
561.336792	232.000000
561.523682	223.000000
561.710571	263.000000
561.897461	295.000000
562.084351	230.000000
562.271240	216.000000
562.458069	271.000000
562.644958	290.000000
562.831848	221.000000
563.018738	226.000000
563.205627	266.000000
563.392517	257.000000
563.579407	240.000000
563.766296	230.000000
563.953186	280.000000
564.140076	272.000000
564.326965	232.000000
564.513855	218.000000
564.700745	278.000000
564.887695	261.000000
565.074585	228.000000
565.261475	236.000000
565.448425	286.000000
565.635315	290.000000
565.822266	228.000000
566.009155	231.000000
566.196106	274.000000
566.382996	283.000000
566.569946	240.000000
566.756897	242.000000
566.943787	303.000000
567.130737	286.000000
567.317627	232.000000
567.504517	252.000000
567.691467	268.000000
567.878418	278.000000
568.065369	233.000000
568.252319	220.000000
568.439270	273.000000
568.626221	275.000000
568.813110	239.000000
569.000061	223.000000
569.186951	283.000000
569.373901	270.000000
569.560913	244.000000
569.747864	242.000000
569.934814	279.000000
570.121765	273.000000
570.308716	260.000000
570.495667	230.000000
570.682678	251.000000
570.869629	279.000000
571.056580	238.000000
571.243530	227.000000
571.430542	287.000000
571.617493	294.000000
571.804504	224.000000
571.991455	232.000000
572.178345	281.000000
572.365356	295.000000
572.552307	226.000000
572.739319	232.000000
572.926331	257.000000
573.113281	290.000000
573.300293	247.000000
573.487244	226.000000
573.674255	276.000000
573.861267	270.000000
574.048218	236.000000
574.235168	230.000000
574.422180	283.000000
574.609192	290.000000
574.796204	232.000000
574.983215	224.000000
575.170227	285.000000
575.357239	270.000000
575.544250	218.000000
575.731262	235.000000
575.918274	282.000000
576.105286	280.000000
576.292297	228.000000
576.479309	233.000000
576.666321	268.000000
576.853333	279.000000
577.040283	228.000000
577.227356	226.000000
577.414368	278.000000
577.601379	283.000000
577.788391	223.000000
577.975464	223.000000
578.162476	258.000000
578.349548	301.000000
578.536560	226.000000
578.723572	232.000000
578.910583	276.000000
579.097595	282.000000
579.284668	234.000000
579.471741	236.000000
579.658752	273.000000
579.845825	280.000000
580.032837	229.000000
580.219910	222.000000
580.406982	297.000000
580.593994	276.000000
580.781067	250.000000
580.968140	263.000000
581.155212	284.000000
581.342285	277.000000
581.529297	227.000000
581.716370	242.000000
581.903381	295.000000
582.090454	286.000000
582.277527	236.000000
582.464600	215.000000
582.651672	278.000000
582.838745	262.000000
583.025818	228.000000
583.212891	225.000000
583.400024	281.000000
583.587097	285.000000
583.774109	261.000000
583.961182	247.000000
584.148254	284.000000
584.335388	274.000000
584.522461	244.000000
584.709534	230.000000
584.896667	295.000000
585.083740	282.000000
585.270813	230.000000
585.457947	224.000000
585.645020	274.000000
585.832153	263.000000
586.019226	226.000000
586.206360	224.000000
586.393433	276.000000
586.580566	284.000000
586.767639	254.000000
586.954712	224.000000
587.141846	301.000000
587.328979	283.000000
587.516052	224.000000
587.703186	231.000000
587.890320	300.000000
588.077454	291.000000
588.264587	250.000000
588.451721	228.000000
588.638733	308.000000
588.825867	323.000000
589.013000	226.000000
589.200134	231.000000
589.387268	300.000000
589.574402	329.000000
589.761536	216.000000
589.948669	231.000000
590.135864	298.000000
590.322998	274.000000
590.510132	230.000000
590.697266	246.000000
590.884399	285.000000
591.071533	310.000000
591.258728	235.000000
591.445862	223.000000
591.632935	285.000000
591.820190	309.000000
592.007263	263.000000
592.194397	239.000000
592.381592	306.000000
592.568726	289.000000
592.755920	224.000000
592.943054	227.000000
593.130249	293.000000
593.317322	305.000000
593.504517	235.000000
593.691711	224.000000
593.878845	295.000000
594.066040	318.000000
594.253235	227.000000
594.440369	229.000000
594.627563	295.000000
594.814758	281.000000
595.001953	245.000000
595.189087	229.000000
595.376282	292.000000
595.563477	312.000000
595.750671	275.000000
595.937866	234.000000
596.125061	286.000000
596.312256	288.000000
596.499451	230.000000
596.686646	236.000000
596.873779	291.000000
597.060974	293.000000
597.248169	223.000000
597.435364	237.000000
597.622559	272.000000
597.809753	297.000000
597.997009	244.000000
598.184143	222.000000
598.371338	311.000000
598.558533	287.000000
598.745789	245.000000
598.932983	263.000000
599.120178	278.000000
599.307434	268.000000
599.494629	230.000000
599.681885	241.000000
599.869080	292.000000
600.056335	282.000000
600.243530	219.000000
600.430786	222.000000
600.617981	274.000000
600.805237	293.000000
600.992432	232.000000
601.179687	238.000000
601.366943	278.000000
601.554138	278.000000
601.741333	228.000000
601.928589	223.000000
602.115845	265.000000
602.303040	310.000000
602.490295	238.000000
602.677551	226.000000
602.864807	313.000000
603.052002	293.000000
603.239258	245.000000
603.426514	242.000000
603.613770	298.000000
603.801025	282.000000
603.988281	274.000000
604.175537	232.000000
604.362793	296.000000
604.550049	309.000000
604.737305	228.000000
604.924561	222.000000
605.111816	314.000000
605.299072	292.000000
605.486389	233.000000
605.673645	230.000000
605.860901	284.000000
606.048157	289.000000
606.235474	224.000000
606.422729	229.000000
606.609924	289.000000
606.797241	283.000000
606.984497	223.000000
607.171814	230.000000
607.359070	332.000000
607.546387	291.000000
607.733643	229.000000
607.920898	230.000000
608.108154	273.000000
608.295471	282.000000
608.482727	242.000000
608.670044	222.000000
608.857361	284.000000
609.044617	276.000000
609.231934	245.000000
609.419250	223.000000
609.606567	277.000000
609.793823	271.000000
609.981140	216.000000
610.168457	243.000000
610.355774	296.000000
610.543091	269.000000
610.730408	241.000000
610.917725	243.000000
611.105042	286.000000
611.292358	281.000000
611.479614	238.000000
611.666931	233.000000
611.854248	281.000000
612.041565	278.000000
612.228882	235.000000
612.416199	230.000000
612.603516	283.000000
612.790771	285.000000
612.978088	233.000000
613.165466	228.000000
613.352783	275.000000
613.540100	296.000000
613.727417	222.000000
613.914795	222.000000
614.102112	289.000000
614.289490	285.000000
614.476807	224.000000
614.664124	231.000000
614.851501	301.000000
615.038818	289.000000
615.226196	235.000000
615.413513	225.000000
615.600891	291.000000
615.788208	281.000000
615.975586	223.000000
616.162903	221.000000
616.350220	281.000000
616.537598	276.000000
616.724915	219.000000
616.912292	244.000000
617.099670	287.000000
617.287048	273.000000
617.474365	245.000000
617.661682	237.000000
617.849060	267.000000
618.036438	286.000000
618.223816	224.000000
618.411194	231.000000
618.598511	282.000000
618.785889	268.000000
618.973267	222.000000
619.160645	265.000000
619.348022	265.000000
619.535400	282.000000
619.722778	233.000000
619.910156	228.000000
620.097595	278.000000
620.284973	277.000000
620.472351	229.000000
620.659729	225.000000
620.847107	288.000000
621.034485	260.000000
621.221863	242.000000
621.409241	229.000000
621.596619	282.000000
621.783997	279.000000
621.971436	230.000000
622.158813	232.000000
622.346252	276.000000
622.533569	276.000000
622.720947	233.000000
622.908386	218.000000
623.095764	276.000000
623.283203	274.000000
623.470581	236.000000
623.658020	243.000000
623.845398	287.000000
624.032837	276.000000
624.220276	226.000000
624.407654	228.000000
624.595093	270.000000
624.782471	265.000000
624.969910	234.000000
625.157349	231.000000
625.344788	278.000000
625.532166	278.000000
625.719604	231.000000
625.907043	244.000000
626.094421	270.000000
626.281860	295.000000
626.469299	223.000000
626.656677	231.000000
626.844116	270.000000
627.031555	286.000000
627.218994	236.000000
627.406372	219.000000
627.593811	288.000000
627.781250	261.000000
627.968689	221.000000
628.156128	233.000000
628.343628	275.000000
628.531067	283.000000
628.718506	230.000000
628.905945	227.000000
629.093384	266.000000
629.280823	271.000000
629.468323	241.000000
629.655762	265.000000
629.843201	287.000000
630.030701	272.000000
630.218140	243.000000
630.405579	232.000000
630.593079	260.000000
630.780518	261.000000
630.967896	238.000000
631.155396	223.000000
631.342834	284.000000
631.530334	266.000000
631.717773	237.000000
631.905273	227.000000
632.092712	286.000000
632.280151	274.000000
632.467590	235.000000
632.655090	238.000000
632.842590	276.000000
633.030029	259.000000
633.217529	252.000000
633.405029	228.000000
633.592529	258.000000
633.779968	280.000000
633.967468	245.000000
634.154968	212.000000
634.342468	267.000000
634.529907	276.000000
634.717407	232.000000
634.904907	253.000000
635.092407	278.000000
635.279907	268.000000
635.467407	236.000000
635.654907	226.000000
635.842346	266.000000
636.029846	290.000000
636.217346	236.000000
636.404846	241.000000
636.592346	264.000000
636.779846	295.000000
636.967346	236.000000
637.154785	231.000000
637.342346	271.000000
637.529846	261.000000
637.717346	231.000000
637.904846	246.000000
638.092346	271.000000
638.279907	280.000000
638.467407	242.000000
638.654907	228.000000
638.842468	289.000000
639.029968	279.000000
639.217468	238.000000
639.405029	224.000000
639.592529	260.000000
639.780090	263.000000
639.967590	237.000000
640.155090	233.000000
640.342651	273.000000
640.530151	290.000000
640.717651	248.000000
640.905212	225.000000
641.092712	303.000000
641.280273	275.000000
641.467773	234.000000
641.655334	238.000000
641.842896	286.000000
642.030334	277.000000
642.217896	235.000000
642.405457	248.000000
642.593018	267.000000
642.780518	299.000000
642.968079	228.000000
643.155640	236.000000
643.343201	304.000000
643.530762	260.000000
643.718323	238.000000
643.905823	222.000000
644.093384	273.000000
644.280945	273.000000
644.468506	234.000000
644.656067	226.000000
644.843628	275.000000
645.031189	273.000000
645.218750	232.000000
645.406311	222.000000
645.593811	271.000000
645.781433	270.000000
645.968994	228.000000
646.156555	225.000000
646.344116	275.000000
646.531677	268.000000
646.719238	238.000000
646.906799	230.000000
647.094360	274.000000
647.281921	270.000000
647.469482	227.000000
647.657104	222.000000
647.844666	276.000000
648.032227	282.000000
648.219849	236.000000
648.407410	252.000000
648.594971	276.000000
648.782593	288.000000
648.970154	243.000000
649.157776	223.000000
649.345337	267.000000
649.532959	285.000000
649.720520	228.000000
649.908142	243.000000
650.095703	287.000000
650.283325	270.000000
650.470886	241.000000
650.658447	242.000000
650.846069	290.000000
651.033691	260.000000
651.221252	245.000000
651.408875	228.000000
651.596497	294.000000
651.784058	282.000000
651.971619	234.000000
652.159241	225.000000
652.346863	272.000000
652.534485	294.000000
652.722107	227.000000
652.909668	239.000000
653.097290	264.000000
653.284912	256.000000
653.472534	231.000000
653.660156	245.000000
653.847778	264.000000
654.035400	285.000000
654.223022	238.000000
654.410645	237.000000
654.598267	274.000000
654.785889	277.000000
654.973511	265.000000
655.161133	228.000000
655.348755	261.000000
655.536377	265.000000
655.723999	223.000000
655.911621	231.000000
656.099243	268.000000
656.286865	255.000000
656.474548	236.000000
656.662109	229.000000
656.849731	282.000000
657.037415	282.000000
657.225037	228.000000
657.412659	226.000000
657.600342	282.000000
657.787964	259.000000
657.975586	236.000000
658.163269	226.000000
658.350891	277.000000
658.538574	271.000000
658.726196	234.000000
658.913879	223.000000
659.101501	285.000000
659.289185	271.000000
659.476807	227.000000
659.664490	228.000000
659.852112	283.000000
660.039795	272.000000
660.227417	230.000000
660.415039	242.000000
660.602722	287.000000
660.790405	292.000000
660.978027	237.000000
661.165710	218.000000
661.353394	299.000000
661.541016	279.000000
661.728638	223.000000
661.916321	220.000000
662.104004	272.000000
662.291687	270.000000
662.479370	243.000000
662.666992	229.000000
662.854675	284.000000
663.042358	267.000000
663.230042	239.000000
663.417725	227.000000
663.605408	283.000000
663.793091	265.000000
663.980774	232.000000
664.168457	231.000000
664.356140	263.000000
664.543823	272.000000
664.731506	220.000000
664.919189	240.000000
665.106812	269.000000
665.294556	260.000000
665.482239	229.000000
665.669922	235.000000
665.857605	272.000000
666.045288	265.000000
666.233032	230.000000
666.420654	239.000000
666.608337	279.000000
666.796021	271.000000
666.983765	237.000000
667.171448	244.000000
667.359131	289.000000
667.546875	283.000000
667.734558	228.000000
667.922241	234.000000
668.109985	269.000000
668.297668	277.000000
668.485413	238.000000
668.673096	225.000000
668.860840	265.000000
669.048523	276.000000
669.236267	252.000000
669.423950	224.000000
669.611694	283.000000
669.799377	270.000000
669.987061	230.000000
670.174744	217.000000
670.362488	290.000000
670.550232	268.000000
670.737915	238.000000
670.925659	239.000000
671.113403	266.000000
671.301025	265.000000
671.488770	227.000000
671.676514	230.000000
671.864258	292.000000
672.052002	263.000000
672.239685	224.000000
672.427429	228.000000
672.615173	298.000000
672.802917	271.000000
672.990662	235.000000
673.178406	251.000000
673.366089	279.000000
673.553833	276.000000
673.741577	239.000000
673.929321	236.000000
674.117065	268.000000
674.304810	291.000000
674.492554	238.000000
674.680298	238.000000
674.867981	298.000000
675.055725	270.000000
675.243530	234.000000
675.431274	264.000000
675.619019	278.000000
675.806763	261.000000
675.994507	232.000000
676.182190	236.000000
676.369934	278.000000
676.557739	265.000000
676.745483	231.000000
676.933228	243.000000
677.120972	287.000000
677.308777	278.000000
677.496521	227.000000
677.684265	226.000000
677.872070	294.000000
678.059814	262.000000
678.247559	238.000000
678.435364	221.000000
678.623108	262.000000
678.810852	263.000000
678.998657	238.000000
679.186401	226.000000
679.374207	273.000000
679.561951	277.000000
679.749695	220.000000
679.937439	223.000000
680.125244	274.000000
680.312988	284.000000
680.500793	231.000000
680.688538	222.000000
680.876343	273.000000
681.064087	278.000000
681.251831	217.000000
681.439636	240.000000
681.627441	283.000000
681.815186	274.000000
682.002991	216.000000
682.190796	232.000000
682.378540	272.000000
682.566345	284.000000
682.754150	221.000000
682.941956	231.000000
683.129700	276.000000
683.317505	280.000000
683.505310	228.000000
683.693115	214.000000
683.880920	287.000000
684.068726	275.000000
684.256531	216.000000
684.444275	229.000000
684.632019	284.000000
684.819824	285.000000
685.007629	236.000000
685.195435	222.000000
685.383240	267.000000
685.571045	297.000000
685.758850	246.000000
685.946594	219.000000
686.134399	296.000000
686.322205	274.000000
686.510071	232.000000
686.697876	244.000000
686.885681	289.000000
687.073486	263.000000
687.261292	256.000000
687.449097	230.000000
687.636902	276.000000
687.824768	282.000000
688.012573	240.000000
688.200378	234.000000
688.388184	286.000000
688.576050	286.000000
688.763855	244.000000
688.951660	220.000000
689.139526	270.000000
689.327332	269.000000
689.515076	236.000000
689.702942	236.000000
689.890747	276.000000
690.078552	268.000000
690.266418	227.000000
690.454224	219.000000
690.642090	265.000000
690.829834	269.000000
691.017700	224.000000
691.205505	226.000000
691.393372	287.000000
691.581177	273.000000
691.769043	222.000000
691.956848	232.000000
692.144714	267.000000
692.332520	276.000000
692.520386	225.000000
692.708191	217.000000
692.896057	284.000000
693.083923	289.000000
693.271729	227.000000
693.459595	225.000000
693.647461	291.000000
693.835266	296.000000
694.023132	238.000000
694.210999	231.000000
694.398804	273.000000
694.586609	282.000000
694.774475	254.000000
694.962341	227.000000
695.150208	290.000000
695.338074	295.000000
695.525940	242.000000
695.713684	306.000000
695.901550	891.000000
696.089417	1292.000000
696.277283	855.000000
696.465149	569.000000
696.653015	436.000000
696.840881	356.000000
697.028748	261.000000
697.216614	237.000000
697.404480	292.000000
697.592346	297.000000
697.780212	230.000000
697.968079	235.000000
698.155945	292.000000
698.343811	278.000000
698.531677	228.000000
698.719543	224.000000
698.907410	277.000000
699.095276	277.000000
699.283142	224.000000
699.471008	224.000000
699.658875	314.000000
699.846741	301.000000
700.034607	234.000000
700.222534	235.000000
700.410400	275.000000
700.598206	265.000000
700.786072	239.000000
700.973999	246.000000
701.161865	281.000000
701.349731	270.000000
701.537598	223.000000
701.725525	222.000000
701.913391	293.000000
702.101257	273.000000
702.289185	232.000000
702.477051	248.000000
702.664978	306.000000
702.852844	283.000000
703.040771	245.000000
703.228638	234.000000
703.416504	285.000000
703.604431	267.000000
703.792297	234.000000
703.980225	219.000000
704.168030	290.000000
704.355957	290.000000
704.543884	235.000000
704.731750	239.000000
704.919678	286.000000
705.107544	281.000000
705.295471	240.000000
705.483276	246.000000
705.671204	288.000000
705.859131	328.000000
706.046997	603.000000
706.234924	973.000000
706.422852	822.000000
706.610779	563.000000
706.798645	367.000000
706.986572	285.000000
707.174500	300.000000
707.362366	303.000000
707.550293	224.000000
707.738220	238.000000
707.926147	271.000000
708.114075	284.000000
708.301941	214.000000
708.489868	216.000000
708.677795	300.000000
708.865723	270.000000
709.053589	235.000000
709.241516	233.000000
709.429443	292.000000
709.617371	279.000000
709.805298	226.000000
709.993225	223.000000
710.181152	280.000000
710.369019	290.000000
710.556946	218.000000
710.744873	240.000000
710.932800	284.000000
711.120728	272.000000
711.308655	213.000000
711.496582	221.000000
711.684509	271.000000
711.872437	285.000000
712.060364	237.000000
712.248291	226.000000
712.436218	285.000000
712.624146	267.000000
712.812134	221.000000
713.000061	218.000000
713.187988	305.000000
713.375916	296.000000
713.563843	228.000000
713.751831	232.000000
713.939697	308.000000
714.127625	339.000000
714.315552	298.000000
714.503540	273.000000
714.691467	321.000000
714.879395	276.000000
715.067322	234.000000
715.255249	226.000000
715.443176	307.000000
715.631165	268.000000
715.819092	228.000000
716.007019	220.000000
716.195007	277.000000
716.382935	279.000000
716.570862	227.000000
716.758850	222.000000
716.946777	282.000000
717.134766	277.000000
717.322693	215.000000
717.510681	227.000000
717.698608	272.000000
717.886597	273.000000
718.074524	219.000000
718.262512	220.000000
718.450439	273.000000
718.638428	269.000000
718.826355	241.000000
719.014282	232.000000
719.202271	281.000000
719.390198	264.000000
719.578186	229.000000
719.766174	218.000000
719.954102	276.000000
720.142029	272.000000
720.330017	216.000000
720.517944	241.000000
720.705933	294.000000
720.893921	287.000000
721.081848	245.000000
721.269836	229.000000
721.457825	284.000000
721.645813	286.000000
721.833740	217.000000
722.021729	221.000000
722.209717	272.000000
722.397705	279.000000
722.585693	216.000000
722.773682	215.000000
722.961609	294.000000
723.149597	274.000000
723.337585	239.000000
723.525574	231.000000
723.713501	277.000000
723.901489	302.000000
724.089478	231.000000
724.277466	226.000000
724.465454	264.000000
724.653442	275.000000
724.841431	224.000000
725.029358	233.000000
725.217346	276.000000
725.405334	291.000000
725.593323	230.000000
725.781311	218.000000
725.969299	279.000000
726.157288	275.000000
726.345276	233.000000
726.533264	288.000000
726.721252	491.000000
726.909241	456.000000
727.097229	332.000000
727.285217	291.000000
727.473206	337.000000
727.661255	284.000000
727.849243	233.000000
728.037231	224.000000
728.225220	294.000000
728.413208	294.000000
728.601135	220.000000
728.789185	209.000000
728.977173	296.000000
729.165161	271.000000
729.353149	229.000000
729.541199	225.000000
729.729187	288.000000
729.917114	274.000000
730.105164	227.000000
730.293152	230.000000
730.481140	288.000000
730.669189	285.000000
730.857178	236.000000
731.045166	219.000000
731.233215	279.000000
731.421204	275.000000
731.609192	228.000000
731.797241	241.000000
731.985229	284.000000
732.173279	272.000000
732.361267	240.000000
732.549316	232.000000
732.737305	282.000000
732.925293	277.000000
733.113342	225.000000
733.301331	231.000000
733.489319	285.000000
733.677307	296.000000
733.865356	220.000000
734.053406	227.000000
734.241394	292.000000
734.429443	283.000000
734.617432	230.000000
734.805420	219.000000
734.993408	288.000000
735.181458	287.000000
735.369507	236.000000
735.557495	222.000000
735.745544	286.000000
735.933594	289.000000
736.121582	218.000000
736.309631	241.000000
736.497681	300.000000
736.685669	303.000000
736.873718	251.000000
737.061768	247.000000
737.249756	303.000000
737.437805	347.000000
737.625854	653.000000
737.813904	1203.000000
738.001892	1204.000000
738.189941	946.000000
738.377930	591.000000
738.565979	417.000000
738.754028	379.000000
738.942017	316.000000
739.130066	262.000000
739.318115	250.000000
739.506165	274.000000
739.694153	277.000000
739.882202	236.000000
740.070251	233.000000
740.258240	291.000000
740.446289	288.000000
740.634338	233.000000
740.822388	233.000000
741.010437	296.000000
741.198486	278.000000
741.386536	238.000000
741.574585	234.000000
741.762634	306.000000
741.950684	282.000000
742.138733	230.000000
742.326782	225.000000
742.514832	281.000000
742.702881	306.000000
742.890930	235.000000
743.078979	235.000000
743.266968	282.000000
743.455017	282.000000
743.643066	227.000000
743.831116	234.000000
744.019165	291.000000
744.207275	282.000000
744.395325	229.000000
744.583313	216.000000
744.771362	316.000000
744.959412	271.000000
745.147461	220.000000
745.335510	232.000000
745.523621	292.000000
745.711670	278.000000
745.899719	231.000000
746.087769	234.000000
746.275818	289.000000
746.463928	279.000000
746.651978	230.000000
746.840027	236.000000
747.028076	301.000000
747.216187	293.000000
747.404236	238.000000
747.592285	236.000000
747.780334	279.000000
747.968445	294.000000
748.156433	232.000000
748.344482	255.000000
748.532593	296.000000
748.720642	306.000000
748.908691	265.000000
749.096802	269.000000
749.284851	315.000000
749.472900	453.000000
749.660950	943.000000
749.848999	1253.000000
750.037109	1208.000000
750.225159	956.000000
750.413269	624.000000
750.601318	644.000000
750.789368	1131.000000
750.977478	1205.000000
751.165527	998.000000
751.353638	733.000000
751.541687	542.000000
751.729797	408.000000
751.917847	291.000000
752.105957	267.000000
752.294006	301.000000
752.482117	300.000000
752.670166	247.000000
752.858276	224.000000
753.046265	296.000000
753.234375	284.000000
753.422485	242.000000
753.610535	229.000000
753.798645	285.000000
753.986694	272.000000
754.174805	235.000000
754.362854	236.000000
754.550903	288.000000
754.739014	278.000000
754.927124	237.000000
755.115173	228.000000
755.303284	268.000000
755.491394	290.000000
755.679443	225.000000
755.867554	232.000000
756.055664	309.000000
756.243713	302.000000
756.431824	218.000000
756.619934	224.000000
756.807983	267.000000
756.996094	280.000000
757.184204	225.000000
757.372314	233.000000
757.560364	276.000000
757.748474	288.000000
757.936523	232.000000
758.124634	248.000000
758.312744	304.000000
758.500793	309.000000
758.688904	238.000000
758.877014	222.000000
759.065125	283.000000
759.253174	291.000000
759.441284	240.000000
759.629333	231.000000
759.817444	283.000000
760.005554	292.000000
760.193665	239.000000
760.381775	238.000000
760.569885	287.000000
760.757996	294.000000
760.946106	254.000000
761.134216	238.000000
761.322327	328.000000
761.510437	304.000000
761.698486	259.000000
761.886597	269.000000
762.074707	313.000000
762.262817	378.000000
762.450928	364.000000
762.639038	1127.000000
762.827087	2874.000000
763.015198	2980.000000
763.203308	2700.000000
763.391418	1997.000000
763.579529	1253.000000
763.767639	732.000000
763.955750	455.000000
764.143860	349.000000
764.331970	336.000000
764.520081	342.000000
764.708191	271.000000
764.896301	243.000000
765.084412	308.000000
765.272522	314.000000
765.460632	232.000000
765.648743	235.000000
765.836853	299.000000
766.024963	287.000000
766.213135	232.000000
766.401245	235.000000
766.589355	294.000000
766.777466	288.000000
766.965576	234.000000
767.153687	220.000000
767.341858	305.000000
767.529968	292.000000
767.718018	223.000000
767.906128	239.000000
768.094238	282.000000
768.282410	295.000000
768.470520	229.000000
768.658630	236.000000
768.846741	286.000000
769.034851	288.000000
769.222961	235.000000
769.411072	233.000000
769.599182	300.000000
769.787354	293.000000
769.975464	235.000000
770.163574	227.000000
770.351746	280.000000
770.539856	276.000000
770.727966	235.000000
770.916138	240.000000
771.104248	292.000000
771.292358	329.000000
771.480530	440.000000
771.668640	988.000000
771.856750	1221.000000
772.044922	1152.000000
772.233032	939.000000
772.421143	643.000000
772.609253	503.000000
772.797363	359.000000
772.985535	298.000000
773.173645	255.000000
773.361755	302.000000
773.549927	296.000000
773.738037	247.000000
773.926147	223.000000
774.114258	292.000000
774.302429	273.000000
774.490540	218.000000
774.678650	238.000000
774.866821	292.000000
775.054932	276.000000
775.243103	225.000000
775.431213	238.000000
775.619385	287.000000
775.807495	267.000000
775.995667	235.000000
776.183777	236.000000
776.371948	292.000000
776.560059	284.000000
776.748230	227.000000
776.936340	230.000000
777.124512	308.000000
777.312683	284.000000
777.500732	224.000000
777.688904	224.000000
777.877014	287.000000
778.065186	290.000000
778.253296	230.000000
778.441467	221.000000
778.629639	274.000000
778.817688	284.000000
779.005859	228.000000
779.193970	228.000000
779.382141	277.000000
779.570312	267.000000
779.758423	238.000000
779.946594	227.000000
780.134766	284.000000
780.322876	285.000000
780.511047	217.000000
780.699219	216.000000
780.887329	278.000000
781.075500	274.000000
781.263672	233.000000
781.451782	226.000000
781.639954	290.000000
781.828125	276.000000
782.016235	233.000000
782.204407	235.000000
782.392517	281.000000
782.580688	277.000000
782.768799	232.000000
782.956970	220.000000
783.145142	283.000000
783.333313	281.000000
783.521423	237.000000
783.709534	217.000000
783.897705	274.000000
784.085876	269.000000
784.273987	251.000000
784.462158	218.000000
784.650330	274.000000
784.838501	287.000000
785.026672	227.000000
785.214783	242.000000
785.402954	294.000000
785.591125	289.000000
785.779297	225.000000
785.967468	219.000000
786.155579	269.000000
786.343750	272.000000
786.531921	240.000000
786.720093	226.000000
786.908264	283.000000
787.096436	275.000000
787.284546	226.000000
787.472656	228.000000
787.660828	272.000000
787.848999	266.000000
788.037170	216.000000
788.225342	231.000000
788.413513	298.000000
788.601624	289.000000
788.789795	232.000000
788.977966	222.000000
789.166138	277.000000
789.354248	303.000000
789.542419	223.000000
789.730591	220.000000
789.918762	277.000000
790.106934	294.000000
790.295105	231.000000
790.483276	227.000000
790.671448	276.000000
790.859619	275.000000
791.047791	250.000000
791.235962	226.000000
791.424133	276.000000
791.612305	291.000000
791.800476	235.000000
791.988647	223.000000
792.176758	284.000000
792.364929	276.000000
792.553101	221.000000
792.741272	233.000000
792.929443	290.000000
793.117615	278.000000
793.305786	236.000000
793.493896	268.000000
793.682068	317.000000
793.870239	507.000000
794.058411	870.000000
794.246582	907.000000
794.434753	963.000000
794.622925	884.000000
794.811096	612.000000
794.999329	432.000000
795.187500	378.000000
795.375671	333.000000
795.563843	250.000000
795.752014	262.000000
795.940186	287.000000
796.128357	300.000000
796.316528	231.000000
796.504700	248.000000
796.692871	295.000000
796.881042	280.000000
797.069214	236.000000
797.257385	223.000000
797.445557	285.000000
797.633728	274.000000
797.821899	232.000000
798.010071	221.000000
798.198242	290.000000
798.386414	287.000000
798.574585	238.000000
798.762756	227.000000
798.950928	299.000000
799.139099	295.000000
799.327271	240.000000
799.515442	286.000000
799.703674	465.000000
799.891846	656.000000
800.080017	584.000000
800.268188	600.000000
800.456360	707.000000
800.644592	1002.000000
800.832764	1000.000000
801.020935	932.000000
801.209106	960.000000
801.397278	758.000000
801.585510	508.000000
801.773682	370.000000
801.961792	358.000000
802.149963	316.000000
802.338196	248.000000
802.526367	250.000000
802.714539	305.000000
802.902710	288.000000
803.090942	231.000000
803.279053	225.000000
803.467224	279.000000
803.655396	278.000000
803.843628	236.000000
804.031799	229.000000
804.219971	302.000000
804.408142	290.000000
804.596375	235.000000
804.784546	248.000000
804.972717	278.000000
805.160889	288.000000
805.349121	229.000000
805.537292	220.000000
805.725464	292.000000
805.913696	297.000000
806.101868	226.000000
806.290039	243.000000
806.478271	270.000000
806.666443	267.000000
806.854553	264.000000
807.042725	240.000000
807.230957	283.000000
807.419128	298.000000
807.607300	232.000000
807.795532	228.000000
807.983704	291.000000
808.171814	280.000000
808.360046	250.000000
808.548218	249.000000
808.736450	300.000000
808.924622	324.000000
809.112793	274.000000
809.301025	386.000000
809.489197	845.000000
809.677368	1099.000000
809.865601	1018.000000
810.053772	1061.000000
810.241943	1006.000000
810.430176	958.000000
810.618347	1850.000000
810.806580	2719.000000
810.994751	2613.000000
811.182922	2669.000000
811.371155	2342.000000
811.559326	1567.000000
811.747437	1056.000000
811.935669	660.000000
812.123840	428.000000
812.312073	360.000000
812.500244	361.000000
812.688416	330.000000
812.876648	262.000000
813.064758	257.000000
813.252991	311.000000
813.441162	315.000000
813.629395	253.000000
813.817566	244.000000
814.005737	285.000000
814.193970	280.000000
814.382141	237.000000
814.570374	252.000000
814.758545	302.000000
814.946777	310.000000
815.134949	234.000000
815.323120	242.000000
815.511353	282.000000
815.699524	284.000000
815.887756	238.000000
816.075928	232.000000
816.264160	272.000000
816.452332	290.000000
816.640503	221.000000
816.828674	230.000000
817.016907	283.000000
817.205078	274.000000
817.393250	222.000000
817.581482	230.000000
817.769653	280.000000
817.957825	268.000000
818.145996	229.000000
818.334229	224.000000
818.522400	282.000000
818.710632	289.000000
818.898804	244.000000
819.087036	228.000000
819.275208	277.000000
819.463440	266.000000
819.651611	231.000000
819.839844	234.000000
820.028015	293.000000
820.216248	269.000000
820.404419	232.000000
820.592651	234.000000
820.780823	280.000000
820.969055	272.000000
821.157227	230.000000
821.345459	238.000000
821.533569	276.000000
821.721802	273.000000
821.909973	218.000000
822.098206	235.000000
822.286377	272.000000
822.474609	266.000000
822.662781	218.000000
822.850952	235.000000
823.039124	271.000000
823.227356	283.000000
823.415527	228.000000
823.603760	237.000000
823.791931	271.000000
823.980164	289.000000
824.168396	230.000000
824.356567	232.000000
824.544800	277.000000
824.732971	269.000000
824.921204	245.000000
825.109375	251.000000
825.297607	341.000000
825.485779	502.000000
825.674011	638.000000
825.862183	614.000000
826.050415	694.000000
826.238586	676.000000
826.426758	526.000000
826.614990	404.000000
826.803162	386.000000
826.991394	328.000000
827.179565	274.000000
827.367798	249.000000
827.555969	283.000000
827.744141	281.000000
827.932312	228.000000
828.120544	219.000000
828.308777	264.000000
828.496948	279.000000
828.685181	232.000000
828.873352	234.000000
829.061584	267.000000
829.249756	298.000000
829.437988	238.000000
829.626160	238.000000
829.814392	268.000000
830.002625	267.000000
830.190796	232.000000
830.379028	224.000000
830.567200	287.000000
830.755432	268.000000
830.943604	230.000000
831.131836	232.000000
831.320007	276.000000
831.508179	292.000000
831.696411	220.000000
831.884583	229.000000
832.072815	295.000000
832.260986	271.000000
832.449219	250.000000
832.637390	233.000000
832.825562	300.000000
833.013794	264.000000
833.201965	230.000000
833.390198	252.000000
833.578369	289.000000
833.766602	268.000000
833.954834	226.000000
834.143005	222.000000
834.331238	295.000000
834.519409	280.000000
834.707642	232.000000
834.895874	214.000000
835.084045	277.000000
835.272278	284.000000
835.460449	215.000000
835.648682	241.000000
835.836853	256.000000
836.025085	274.000000
836.213257	236.000000
836.401428	236.000000
836.589661	265.000000
836.777832	283.000000
836.966064	228.000000
837.154236	236.000000
837.342468	279.000000
837.530640	277.000000
837.718811	228.000000
837.907043	243.000000
838.095215	292.000000
838.283447	287.000000
838.471680	253.000000
838.659851	231.000000
838.848083	288.000000
839.036255	287.000000
839.224487	265.000000
839.412659	245.000000
839.600891	340.000000
839.789124	522.000000
839.977295	825.000000
840.165527	855.000000
840.353699	902.000000
840.541931	875.000000
840.730103	789.000000
840.918335	604.000000
841.106506	499.000000
841.294678	500.000000
841.482910	772.000000
841.671082	1108.000000
841.859314	1132.000000
842.047546	1076.000000
842.235718	1030.000000
842.423889	899.000000
842.612061	713.000000
842.800293	519.000000
842.988464	352.000000
843.176697	323.000000
843.364929	317.000000
843.553101	313.000000
843.741333	258.000000
843.929504	246.000000
844.117737	298.000000
844.305908	289.000000
844.494141	233.000000
844.682312	241.000000
844.870544	288.000000
845.058777	286.000000
845.246948	237.000000
845.435181	236.000000
845.623352	271.000000
845.811584	283.000000
845.999695	239.000000
846.187927	237.000000
846.376160	300.000000
846.564331	276.000000
846.752563	247.000000
846.940735	233.000000
847.128967	269.000000
847.317078	276.000000
847.505310	241.000000
847.693481	259.000000
847.881714	280.000000
848.069946	275.000000
848.258118	226.000000
848.446350	233.000000
848.634521	252.000000
848.822754	255.000000
849.010925	217.000000
849.199158	224.000000
849.387329	297.000000
849.575562	287.000000
849.763733	280.000000
849.951965	266.000000
850.140137	286.000000
850.328369	276.000000
850.516602	236.000000
850.704773	239.000000
850.892944	311.000000
851.081116	378.000000
851.269348	464.000000
851.457520	477.000000
851.645752	528.000000
851.833923	507.000000
852.022156	471.000000
852.210266	400.000000
852.398499	384.000000
852.586670	353.000000
852.774902	268.000000
852.963074	244.000000
853.151306	310.000000
853.339478	278.000000
853.527710	232.000000
853.715881	242.000000
853.904114	283.000000
854.092285	274.000000
854.280518	252.000000
854.468689	242.000000
854.656921	284.000000
854.845093	295.000000
855.033325	229.000000
855.221497	218.000000
855.409729	268.000000
855.597900	269.000000
855.786133	238.000000
855.974304	233.000000
856.162537	265.000000
856.350708	284.000000
856.538818	237.000000
856.726990	236.000000
856.915222	280.000000
857.103394	293.000000
857.291626	221.000000
857.479797	230.000000
857.667969	274.000000
857.856201	274.000000
858.044373	242.000000
858.232605	238.000000
858.420776	263.000000
858.609009	270.000000
858.797180	235.000000
858.985413	228.000000
859.173584	284.000000
859.361816	276.000000
859.549988	252.000000
859.738159	229.000000
859.926392	273.000000
860.114563	278.000000
860.302795	232.000000
860.490967	232.000000
860.679199	277.000000
860.867371	265.000000
861.055542	231.000000
861.243774	236.000000
861.431824	270.000000
861.620056	260.000000
861.808228	243.000000
861.996399	228.000000
862.184631	274.000000
862.372803	301.000000
862.561035	232.000000
862.749207	225.000000
862.937378	271.000000
863.125610	281.000000
863.313782	222.000000
863.502014	240.000000
863.690186	271.000000
863.878357	293.000000
864.066589	236.000000
864.254761	234.000000
864.442993	281.000000
864.631165	270.000000
864.819336	238.000000
865.007568	235.000000
865.195740	262.000000
865.383911	290.000000
865.572144	231.000000
865.760315	254.000000
865.948486	305.000000
866.136719	327.000000
866.324768	269.000000
866.512939	256.000000
866.701172	332.000000
866.889343	311.000000
867.077515	258.000000
867.265747	253.000000
867.453918	278.000000
867.642090	280.000000
867.830322	238.000000
868.018494	237.000000
868.206665	266.000000
868.394897	281.000000
868.583069	218.000000
868.771240	221.000000
868.959473	265.000000
869.147644	292.000000
869.335815	226.000000
869.523987	228.000000
869.712219	294.000000
869.900391	257.000000
870.088562	239.000000
870.276733	236.000000
870.464966	269.000000
870.653137	267.000000
870.841309	223.000000
871.029541	260.000000
871.217590	285.000000
871.405762	268.000000
871.593933	222.000000
871.782166	224.000000
871.970337	267.000000
872.158508	272.000000
872.346680	231.000000
872.534851	251.000000
872.723083	280.000000
872.911255	290.000000
873.099426	232.000000
873.287598	232.000000
873.475830	287.000000
873.664001	272.000000
873.852173	226.000000
874.040344	225.000000
874.228516	268.000000
874.416748	267.000000
874.604919	239.000000
874.793091	226.000000
874.981262	278.000000
875.169434	277.000000
875.357605	220.000000
875.545837	251.000000
875.734009	271.000000
875.922180	294.000000
876.110229	237.000000
876.298401	226.000000
876.486572	273.000000
876.674805	280.000000
876.862976	231.000000
877.051147	229.000000
877.239319	269.000000
877.427490	276.000000
877.615662	234.000000
877.803833	222.000000
877.992004	288.000000
878.180176	287.000000
878.368408	224.000000
878.556580	245.000000
878.744751	286.000000
878.932922	281.000000
879.121094	234.000000
879.309265	225.000000
879.497437	275.000000
879.685608	275.000000
879.873779	260.000000
880.061951	231.000000
880.250122	280.000000
880.438293	281.000000
880.626465	248.000000
880.814636	240.000000
881.002747	263.000000
881.190918	271.000000
881.379089	230.000000
881.567261	240.000000
881.755432	274.000000
881.943604	302.000000
882.131775	250.000000
882.319946	233.000000
882.508118	283.000000
882.696289	272.000000
882.884460	243.000000
883.072632	257.000000
883.260803	276.000000
883.448975	253.000000
883.637146	231.000000
883.825317	258.000000
884.013428	269.000000
884.201599	271.000000
884.389771	222.000000
884.577942	235.000000
884.766113	291.000000
884.954285	262.000000
885.142456	232.000000
885.330627	228.000000
885.518799	264.000000
885.706970	263.000000
885.895020	224.000000
886.083191	229.000000
886.271362	283.000000
886.459534	288.000000
886.647644	222.000000
886.835815	236.000000
887.023987	278.000000
887.212158	267.000000
887.400330	228.000000
887.588501	228.000000
887.776672	281.000000
887.964783	270.000000
888.152954	231.000000
888.341125	252.000000
888.529297	252.000000
888.717468	274.000000
888.905640	229.000000
889.093750	216.000000
889.281921	271.000000
889.470093	254.000000
889.658264	250.000000
889.846436	221.000000
890.034546	274.000000
890.222717	259.000000
890.410889	229.000000
890.599060	234.000000
890.787109	285.000000
890.975220	291.000000
891.163391	240.000000
891.351562	231.000000
891.539734	288.000000
891.727844	272.000000
891.916016	259.000000
892.104187	229.000000
892.292358	267.000000
892.480469	267.000000
892.668640	235.000000
892.856812	234.000000
893.044922	300.000000
893.233093	271.000000
893.421265	223.000000
893.609375	223.000000
893.797546	285.000000
893.985718	272.000000
894.173828	229.000000
894.362000	250.000000
894.550171	282.000000
894.738281	274.000000
894.926453	259.000000
895.114624	233.000000
895.302734	273.000000
895.490906	270.000000
895.678894	223.000000
895.867065	228.000000
896.055237	272.000000
896.243347	292.000000
896.431519	218.000000
896.619629	224.000000
896.807800	279.000000
896.995972	269.000000
897.184082	239.000000
897.372253	223.000000
897.560364	279.000000
897.748535	291.000000
897.936646	226.000000
898.124817	230.000000
898.312927	295.000000
898.501099	273.000000
898.689209	243.000000
898.877380	231.000000
899.065491	287.000000
899.253662	260.000000
899.441772	232.000000
899.629944	242.000000
899.818054	261.000000
900.006226	261.000000
900.194336	222.000000
900.382507	229.000000
900.570496	281.000000
900.758667	275.000000
900.946777	256.000000
901.134888	229.000000
901.323059	276.000000
901.511169	264.000000
901.699341	220.000000
901.887451	231.000000
902.075562	259.000000
902.263733	294.000000
902.451843	227.000000
902.640015	234.000000
902.828125	279.000000
903.016235	268.000000
903.204407	223.000000
903.392517	240.000000
903.580627	273.000000
903.768799	296.000000
903.956909	237.000000
904.145020	247.000000
904.333130	272.000000
904.521301	269.000000
904.709412	235.000000
904.897522	220.000000
905.085693	278.000000
905.273804	264.000000
905.461792	223.000000
905.649902	225.000000
905.838074	287.000000
906.026184	271.000000
906.214294	250.000000
906.402405	248.000000
906.590576	276.000000
906.778687	269.000000
906.966797	238.000000
907.154907	222.000000
907.343018	281.000000
907.531189	258.000000
907.719299	236.000000
907.907410	228.000000
908.095520	281.000000
908.283630	281.000000
908.471741	250.000000
908.659851	227.000000
908.848022	277.000000
909.036133	282.000000
909.224243	235.000000
909.412354	232.000000
909.600464	280.000000
909.788574	274.000000
909.976685	241.000000
910.164795	235.000000
910.352783	292.000000
910.540894	275.000000
910.729004	248.000000
910.917114	248.000000
911.105225	418.000000
911.293335	581.000000
911.481445	586.000000
911.669556	571.000000
911.857666	638.000000
912.045776	620.000000
912.233887	550.000000
912.421997	564.000000
912.610107	547.000000
912.798218	432.000000
912.986328	324.000000
913.174438	276.000000
913.362549	327.000000
913.550659	306.000000
913.738770	246.000000
913.926880	248.000000
914.114990	302.000000
914.303101	281.000000
914.491211	230.000000
914.679321	233.000000
914.867371	286.000000
915.055481	290.000000
915.243469	237.000000
915.431580	235.000000
915.619690	265.000000
915.807800	276.000000
915.995850	226.000000
916.183960	223.000000
916.372070	276.000000
916.560181	286.000000
916.748291	222.000000
916.936340	249.000000
917.124451	281.000000
917.312561	282.000000
917.500671	263.000000
917.688721	224.000000
917.876831	267.000000
918.064941	283.000000
918.253052	244.000000
918.441101	232.000000
918.629211	303.000000
918.817322	292.000000
919.005371	234.000000
919.193481	244.000000
919.381592	279.000000
919.569641	259.000000
919.757751	230.000000
919.945862	233.000000
920.133789	264.000000
920.321899	289.000000
920.509949	233.000000
920.698059	241.000000
920.886169	283.000000
921.074219	280.000000
921.262329	270.000000
921.450378	302.000000
921.638489	341.000000
921.826538	344.000000
922.014648	310.000000
922.202759	318.000000
922.390808	328.000000
922.578918	359.000000
922.766968	291.000000
922.955078	269.000000
923.143127	317.000000
923.331238	296.000000
923.519287	243.000000
923.707336	259.000000
923.895447	283.000000
924.083496	266.000000
924.271606	246.000000
924.459656	227.000000
924.647766	276.000000
924.835815	284.000000
925.023743	230.000000
925.211853	242.000000
925.399902	277.000000
925.588013	275.000000
925.776062	257.000000
925.964111	253.000000
926.152222	284.000000
926.340271	266.000000
926.528320	232.000000
926.716370	235.000000
926.904480	285.000000
927.092529	268.000000
927.280579	227.000000
927.468689	243.000000
927.656738	280.000000
927.844788	281.000000
928.032837	248.000000
928.220947	232.000000
928.408997	264.000000
928.597046	272.000000
928.785095	259.000000
928.973145	222.000000
929.161255	268.000000
929.349304	280.000000
929.537354	246.000000
929.725403	241.000000
929.913330	278.000000
930.101379	275.000000
930.289429	229.000000
930.477539	229.000000
930.665588	281.000000
930.853638	258.000000
931.041687	245.000000
931.229736	228.000000
931.417786	279.000000
931.605835	273.000000
931.793884	236.000000
931.981934	231.000000
932.169983	283.000000
932.358032	269.000000
932.546082	229.000000
932.734131	252.000000
932.922180	287.000000
933.110229	288.000000
933.298279	233.000000
933.486328	221.000000
933.674377	265.000000
933.862427	266.000000
934.050476	260.000000
934.238525	221.000000
934.426575	287.000000
934.614563	285.000000
934.802490	237.000000
934.990540	230.000000
935.178589	280.000000
935.366638	270.000000
935.554687	246.000000
935.742676	242.000000
935.930725	279.000000
936.118774	294.000000
936.306824	240.000000
936.494873	224.000000
936.682861	266.000000
936.870911	262.000000
937.058960	225.000000
937.247009	231.000000
937.434998	279.000000
937.623047	260.000000
937.811096	224.000000
937.999146	240.000000
938.187134	271.000000
938.375183	270.000000
938.563232	231.000000
938.751221	234.000000
938.939270	288.000000
939.127258	271.000000
939.315308	216.000000
939.503357	252.000000
939.691223	273.000000
939.879272	262.000000
940.067261	237.000000
940.255310	244.000000
940.443359	270.000000
940.631348	301.000000
940.819397	249.000000
941.007385	218.000000
941.195435	294.000000
941.383423	264.000000
941.571472	239.000000
941.759460	258.000000
941.947510	284.000000
942.135498	262.000000
942.323486	243.000000
942.511536	231.000000
942.699524	273.000000
942.887573	278.000000
943.075562	239.000000
943.263550	222.000000
943.451599	268.000000
943.639587	258.000000
943.827637	226.000000
944.015625	262.000000
944.203613	285.000000
944.391663	264.000000
944.579529	233.000000
944.767517	236.000000
944.955505	276.000000
945.143555	288.000000
945.331543	244.000000
945.519531	224.000000
945.707520	265.000000
945.895569	268.000000
946.083557	236.000000
946.271545	246.000000
946.459534	274.000000
946.647522	281.000000
946.835571	236.000000
947.023560	232.000000
947.211548	267.000000
947.399536	268.000000
947.587524	242.000000
947.775513	236.000000
947.963501	292.000000
948.151489	269.000000
948.339478	243.000000
948.527527	224.000000
948.715515	269.000000
948.903503	280.000000
949.091492	244.000000
949.279480	223.000000
949.467346	268.000000
949.655334	271.000000
949.843323	252.000000
950.031311	234.000000
950.219299	278.000000
950.407227	257.000000
950.595215	220.000000
950.783203	239.000000
950.971191	264.000000
951.159180	252.000000
951.347168	225.000000
951.535156	225.000000
951.723145	269.000000
951.911133	287.000000
952.099060	224.000000
952.287048	237.000000
952.475037	274.000000
952.663025	263.000000
952.851013	237.000000
953.038940	235.000000
953.226929	276.000000
953.414917	264.000000
953.602905	236.000000
953.790833	245.000000
953.978821	277.000000
954.166809	265.000000
954.354614	242.000000
954.542603	232.000000
954.730591	277.000000
954.918518	270.000000
955.106506	226.000000
955.294495	253.000000
955.482422	262.000000
955.670410	259.000000
955.858337	244.000000
956.046326	245.000000
956.234253	269.000000
956.422241	271.000000
956.610168	224.000000
956.798157	228.000000
956.986084	286.000000
957.174072	248.000000
957.362000	229.000000
957.549988	248.000000
957.737915	266.000000
957.925903	274.000000
958.113831	232.000000
958.301819	240.000000
958.489746	260.000000
958.677673	272.000000
958.865662	254.000000
959.053589	240.000000
959.241455	270.000000
959.429382	254.000000
959.617310	236.000000
959.805237	228.000000
959.993225	263.000000
960.181152	263.000000
960.369080	224.000000
960.557068	237.000000
960.744995	263.000000
960.932922	256.000000
961.120850	244.000000
961.308777	251.000000
961.496765	262.000000
961.684692	265.000000
961.872620	244.000000
962.060547	232.000000
962.248474	267.000000
962.436401	268.000000
962.624329	238.000000
962.812317	224.000000
963.000244	282.000000
963.188171	260.000000
963.376099	236.000000
963.564026	237.000000
963.751953	288.000000
963.939880	264.000000
964.127686	230.000000
964.315613	252.000000
964.503540	289.000000
964.691467	304.000000
964.879395	303.000000
965.067322	293.000000
965.255249	329.000000
965.443115	351.000000
965.631042	294.000000
965.818970	279.000000
966.006897	314.000000
966.194824	335.000000
966.382751	274.000000
966.570679	266.000000
966.758545	282.000000
966.946472	268.000000
967.134399	257.000000
967.322327	228.000000
967.510193	268.000000
967.698120	254.000000
967.886047	230.000000
968.073975	234.000000
968.261841	272.000000
968.449768	262.000000
968.637695	235.000000
968.825562	237.000000
969.013367	282.000000
969.201294	264.000000
969.389160	238.000000
969.577087	246.000000
969.764954	279.000000
969.952881	252.000000
970.140747	241.000000
970.328674	240.000000
970.516602	263.000000
970.704468	275.000000
970.892395	255.000000
971.080261	231.000000
971.268188	279.000000
971.456055	264.000000
971.643921	232.000000
971.831848	254.000000
972.019714	268.000000
972.207642	271.000000
972.395508	235.000000
972.583374	227.000000
972.771301	270.000000
972.959167	268.000000
973.147034	237.000000
973.334961	235.000000
973.522827	262.000000
973.710693	262.000000
973.898499	235.000000
974.086365	236.000000
974.274231	259.000000
974.462097	262.000000
974.649963	235.000000
974.837891	226.000000
975.025757	266.000000
975.213623	255.000000
975.401489	224.000000
975.589355	246.000000
975.777222	268.000000
975.965088	246.000000
976.153015	265.000000
976.340881	238.000000
976.528748	264.000000
976.716614	275.000000
976.904480	225.000000
977.092346	250.000000
977.280212	267.000000
977.468079	274.000000
977.655945	246.000000
977.843811	249.000000
978.031677	264.000000
978.219543	260.000000
978.407349	237.000000
978.595215	243.000000
978.782959	302.000000
978.970825	280.000000
979.158691	230.000000
979.346558	222.000000
979.534424	288.000000
979.722229	285.000000
979.910095	248.000000
980.097961	252.000000
980.285828	274.000000
980.473633	253.000000
980.661499	235.000000
980.849365	235.000000
981.037231	265.000000
981.225037	259.000000
981.412903	227.000000
981.600769	231.000000
981.788574	278.000000
981.976440	271.000000
982.164246	231.000000
982.352112	240.000000
982.539978	261.000000
982.727783	255.000000
982.915649	242.000000
983.103455	246.000000
983.291321	261.000000
983.479126	262.000000
983.666870	242.000000
983.854675	229.000000
984.042542	277.000000
984.230347	270.000000
984.418152	224.000000
984.606018	247.000000
984.793823	274.000000
984.981689	247.000000
985.169495	240.000000
985.357300	236.000000
985.545166	276.000000
985.732971	266.000000
985.920776	263.000000
986.108582	228.000000
986.296448	270.000000
986.484253	284.000000
986.672058	241.000000
986.859863	228.000000
987.047668	259.000000
987.235535	261.000000
987.423340	253.000000
987.611145	242.000000
987.798950	273.000000
987.986755	260.000000
988.174561	241.000000
988.362366	237.000000
988.550049	265.000000
988.737854	265.000000
988.925659	236.000000
989.113464	232.000000
989.301270	273.000000
989.489075	265.000000
989.676880	234.000000
989.864685	243.000000
990.052490	265.000000
990.240295	282.000000
990.428101	230.000000
990.615906	227.000000
990.803711	281.000000
990.991516	266.000000
991.179321	245.000000
991.367065	241.000000
991.554871	265.000000
991.742676	254.000000
991.930481	229.000000
992.118225	229.000000
992.306030	262.000000
992.493835	278.000000
992.681641	239.000000
992.869385	251.000000
993.057190	273.000000
993.244995	258.000000
993.432617	231.000000
993.620422	227.000000
993.808167	290.000000
993.995972	258.000000
994.183777	240.000000
994.371521	236.000000
994.559326	279.000000
994.747070	269.000000
994.934875	245.000000
995.122620	230.000000
995.310425	277.000000
995.498169	264.000000
995.685974	230.000000
995.873718	230.000000
996.061462	264.000000
996.249268	255.000000
996.437012	239.000000
996.624756	225.000000
996.812561	266.000000
997.000305	254.000000
997.188049	244.000000
997.375854	237.000000
997.563599	273.000000
997.751343	261.000000
997.939087	230.000000
998.126892	245.000000
998.314514	261.000000
998.502258	245.000000
998.690002	232.000000
998.877747	237.000000
999.065491	270.000000
999.253235	268.000000
999.440979	248.000000
999.628784	236.000000
999.816528	274.000000
1000.004272	251.000000
1000.192017	0.000000
1000.379761	0.000000
1000.567505	0.000000
1000.755249	0.000000
1000.942993	0.000000
1001.130676	0.000000
1001.318420	0.000000
1001.506165	0.000000
1001.693909	0.000000
1001.881653	0.000000
1002.069397	0.000000
1002.257141	0.000000
1002.444824	0.000000
1002.632568	0.000000
1002.820312	0.000000
1003.008057	0.000000
1003.195679	0.000000
1003.383362	0.000000
1003.571106	0.000000
1003.758850	0.000000
1003.946533	0.000000
1004.134277	0.000000
1004.322021	0.000000
1004.509705	0.000000
1004.697449	0.000000
1004.885132	0.000000
1005.072876	0.000000
1005.260559	0.000000
1005.448303	0.000000
1005.635986	0.000000
1005.823730	0.000000
1006.011414	0.000000
1006.199158	0.000000
1006.386841	0.000000
1006.574585	0.000000
1006.762268	0.000000
1006.949951	0.000000
1007.137695	0.000000
1007.325378	0.000000
1007.513062	0.000000
1007.700806	0.000000
1007.888489	0.000000
1008.076050	0.000000
1008.263794	0.000000
1008.451477	0.000000
1008.639160	0.000000
1008.826843	0.000000
1009.014526	0.000000
1009.202271	0.000000
1009.389954	0.000000
1009.577637	0.000000
1009.765320	0.000000
1009.953003	0.000000
1010.140686	0.000000
1010.328369	0.000000
1010.516052	0.000000
1010.703735	0.000000
1010.891418	0.000000
1011.079102	0.000000
1011.266785	0.000000
1011.454468	0.000000
1011.642151	0.000000
1011.829834	0.000000
1012.017517	0.000000
1012.205139	0.000000
1012.392822	0.000000
1012.580505	0.000000
1012.768188	0.000000
1012.955750	0.000000
1013.143372	0.000000
1013.331055	0.000000
1013.518738	0.000000
1013.706421	0.000000
1013.894043	0.000000
1014.081726	0.000000
1014.269409	0.000000
1014.457031	0.000000
1014.644714	0.000000
1014.832336	0.000000
1015.020020	0.000000
1015.207703	0.000000
