333.051300	0.000000
333.235016	0.000000
333.418732	0.000000
333.602448	0.000000
333.786163	0.000000
333.969879	0.000000
334.153625	0.000000
334.337372	0.000000
334.521088	0.000000
334.704834	0.000000
334.888550	0.000000
335.072327	0.000000
335.256073	0.000000
335.439819	0.000000
335.623596	0.000000
335.807343	0.000000
335.991119	0.000000
336.174866	0.000000
336.358643	0.000000
336.542419	0.000000
336.726196	0.000000
336.909973	0.000000
337.093750	0.000000
337.277527	0.000000
337.461304	0.000000
337.645111	0.000000
337.828918	0.000000
338.012726	0.000000
338.196533	0.000000
338.380341	0.000000
338.564117	0.000000
338.747925	0.000000
338.931763	0.000000
339.115570	0.000000
339.299408	0.000000
339.483215	0.000000
339.667023	0.000000
339.850861	0.000000
340.034698	0.000000
340.218536	0.000000
340.402405	0.000000
340.586243	0.000000
340.770111	0.000000
340.953918	0.000000
341.137787	0.000000
341.321655	0.000000
341.505524	0.000000
341.689392	0.000000
341.873260	0.000000
342.057098	0.000000
342.240967	0.000000
342.424866	0.000000
342.608734	0.000000
342.792633	0.000000
342.976532	0.000000
343.160431	0.000000
343.344299	0.000000
343.528198	0.000000
343.712097	0.000000
343.895996	0.000000
344.079926	0.000000
344.263824	0.000000
344.447723	0.000000
344.631653	0.000000
344.815552	0.000000
344.999481	0.000000
345.183411	0.000000
345.367371	0.000000
345.551300	0.000000
345.735199	0.000000
345.919159	0.000000
346.103088	0.000000
346.287048	0.000000
346.471008	0.000000
346.654968	0.000000
346.838898	0.000000
347.022858	0.000000
347.206818	0.000000
347.390778	0.000000
347.574768	0.000000
347.758728	0.000000
347.942719	0.000000
348.126678	0.000000
348.310669	0.000000
348.494659	0.000000
348.678650	0.000000
348.862640	0.000000
349.046631	0.000000
349.230591	0.000000
349.414612	0.000000
349.598602	0.000000
349.782623	0.000000
349.966644	227.000000
350.150665	272.000000
350.334686	286.000000
350.518677	244.000000
350.702698	232.000000
350.886749	274.000000
351.070770	266.000000
351.254822	228.000000
351.438843	238.000000
351.622864	274.000000
351.806915	255.000000
351.990967	253.000000
352.175018	243.000000
352.359070	275.000000
352.543121	274.000000
352.727203	231.000000
352.911224	256.000000
353.095306	287.000000
353.279358	253.000000
353.463440	233.000000
353.647522	238.000000
353.831604	272.000000
354.015656	258.000000
354.199738	243.000000
354.383850	230.000000
354.567932	277.000000
354.752045	289.000000
354.936127	237.000000
355.120239	239.000000
355.304321	291.000000
355.488434	269.000000
355.672546	234.000000
355.856659	249.000000
356.040771	265.000000
356.224915	264.000000
356.408997	235.000000
356.593140	233.000000
356.777252	278.000000
356.961395	272.000000
357.145538	238.000000
357.329681	238.000000
357.513824	269.000000
357.697937	265.000000
357.882111	232.000000
358.066254	251.000000
358.250397	266.000000
358.434570	266.000000
358.618744	246.000000
358.802887	239.000000
358.987061	252.000000
359.171234	282.000000
359.355408	252.000000
359.539581	237.000000
359.723755	285.000000
359.907959	276.000000
360.092102	235.000000
360.276306	238.000000
360.460510	272.000000
360.644684	269.000000
360.828888	246.000000
361.013092	242.000000
361.197296	292.000000
361.381500	287.000000
361.565704	237.000000
361.749939	224.000000
361.934143	275.000000
362.118378	271.000000
362.302612	236.000000
362.486786	223.000000
362.671021	276.000000
362.855255	281.000000
363.039520	231.000000
363.223755	232.000000
363.407990	261.000000
363.592224	268.000000
363.776459	237.000000
363.960724	237.000000
364.144989	279.000000
364.329254	266.000000
364.513519	252.000000
364.697784	231.000000
364.882019	272.000000
365.066284	265.000000
365.250580	235.000000
365.434845	238.000000
365.619141	264.000000
365.803436	280.000000
365.987701	229.000000
366.171967	225.000000
366.356262	276.000000
366.540558	269.000000
366.724884	230.000000
366.909180	245.000000
367.093445	282.000000
367.277771	271.000000
367.462097	239.000000
367.646393	244.000000
367.830719	263.000000
368.015045	265.000000
368.199371	243.000000
368.383698	230.000000
368.567993	278.000000
368.752350	259.000000
368.936676	222.000000
369.121033	242.000000
369.305359	274.000000
369.489685	276.000000
369.674042	250.000000
369.858398	251.000000
370.042755	272.000000
370.227112	258.000000
370.411469	231.000000
370.595856	234.000000
370.780212	274.000000
370.964569	287.000000
371.148926	243.000000
371.333313	239.000000
371.517700	265.000000
371.702087	259.000000
371.886444	241.000000
372.070831	240.000000
372.255219	249.000000
372.439636	287.000000
372.624023	231.000000
372.808441	243.000000
372.992828	275.000000
373.177246	265.000000
373.361633	233.000000
373.546051	243.000000
373.730469	268.000000
373.914886	264.000000
374.099304	244.000000
374.283722	224.000000
374.468140	259.000000
374.652588	262.000000
374.837006	229.000000
375.021454	234.000000
375.205902	271.000000
375.390350	266.000000
375.574799	247.000000
375.759216	228.000000
375.943665	257.000000
376.128143	266.000000
376.312592	258.000000
376.497070	244.000000
376.681488	274.000000
376.865967	275.000000
377.050446	235.000000
377.234924	227.000000
377.419403	268.000000
377.603882	285.000000
377.788361	233.000000
377.972870	236.000000
378.157318	264.000000
378.341827	252.000000
378.526306	247.000000
378.710815	234.000000
378.895325	278.000000
379.079803	261.000000
379.264313	244.000000
379.448822	247.000000
379.633331	287.000000
379.817841	271.000000
380.002380	234.000000
380.186890	236.000000
380.371429	273.000000
380.555939	247.000000
380.740479	237.000000
380.924988	236.000000
381.109528	269.000000
381.294098	276.000000
381.478607	228.000000
381.663147	231.000000
381.847717	275.000000
382.032257	275.000000
382.216827	230.000000
382.401367	238.000000
382.585937	282.000000
382.770508	270.000000
382.955048	255.000000
383.139618	231.000000
383.324188	258.000000
383.508789	273.000000
383.693359	246.000000
383.877930	240.000000
384.062500	289.000000
384.247101	278.000000
384.431702	243.000000
384.616302	251.000000
384.800903	282.000000
384.985504	285.000000
385.170105	231.000000
385.354675	232.000000
385.539276	271.000000
385.723907	276.000000
385.908508	241.000000
386.093140	232.000000
386.277740	289.000000
386.462372	270.000000
386.647003	232.000000
386.831635	241.000000
387.016266	275.000000
387.200897	265.000000
387.385559	243.000000
387.570190	247.000000
387.754791	262.000000
387.939453	280.000000
388.124115	225.000000
388.308777	256.000000
388.493439	302.000000
388.678070	277.000000
388.862732	242.000000
389.047394	233.000000
389.232056	272.000000
389.416748	272.000000
389.601410	240.000000
389.786102	235.000000
389.970795	264.000000
390.155426	267.000000
390.340118	243.000000
390.524811	232.000000
390.709503	271.000000
390.894196	284.000000
391.078888	221.000000
391.263580	231.000000
391.448303	279.000000
391.632996	264.000000
391.817719	238.000000
392.002441	250.000000
392.187134	283.000000
392.371857	271.000000
392.556549	243.000000
392.741302	228.000000
392.926025	297.000000
393.110748	266.000000
393.295502	224.000000
393.480194	240.000000
393.664948	274.000000
393.849670	290.000000
394.034424	251.000000
394.219177	252.000000
394.403931	257.000000
394.588684	269.000000
394.773468	222.000000
394.958191	232.000000
395.142944	264.000000
395.327728	265.000000
395.512482	252.000000
395.697266	223.000000
395.882019	269.000000
396.066803	272.000000
396.251587	236.000000
396.436371	240.000000
396.621155	265.000000
396.805939	274.000000
396.990723	248.000000
397.175537	235.000000
397.360291	275.000000
397.545105	274.000000
397.729919	230.000000
397.914703	237.000000
398.099518	268.000000
398.284302	258.000000
398.469116	235.000000
398.653961	241.000000
398.838776	277.000000
399.023590	286.000000
399.208435	232.000000
399.393250	230.000000
399.578094	299.000000
399.762909	280.000000
399.947754	250.000000
400.132599	232.000000
400.317444	274.000000
400.502289	268.000000
400.687103	243.000000
400.871948	241.000000
401.056824	247.000000
401.241669	286.000000
401.426544	236.000000
401.611420	227.000000
401.796265	284.000000
401.981140	265.000000
402.165985	234.000000
402.350861	232.000000
402.535767	281.000000
402.720642	262.000000
402.905518	252.000000
403.090393	247.000000
403.275269	270.000000
403.460175	279.000000
403.645081	237.000000
403.829956	225.000000
404.014862	262.000000
404.199768	266.000000
404.384674	256.000000
404.569580	241.000000
404.754486	285.000000
404.939392	274.000000
405.124329	228.000000
405.309235	239.000000
405.494141	272.000000
405.679077	277.000000
405.864014	225.000000
406.048950	226.000000
406.233887	290.000000
406.418823	264.000000
406.603760	238.000000
406.788696	241.000000
406.973633	257.000000
407.158569	281.000000
407.343536	238.000000
407.528473	235.000000
407.713440	286.000000
407.898376	275.000000
408.083344	244.000000
408.268311	224.000000
408.453278	282.000000
408.638275	272.000000
408.823242	218.000000
409.008209	239.000000
409.193207	264.000000
409.378143	252.000000
409.563141	238.000000
409.748138	237.000000
409.933136	272.000000
410.118134	266.000000
410.303101	253.000000
410.488098	222.000000
410.673096	293.000000
410.858124	280.000000
411.043121	233.000000
411.228149	236.000000
411.413147	291.000000
411.598175	267.000000
411.783173	237.000000
411.968201	240.000000
412.153229	272.000000
412.338257	279.000000
412.523285	233.000000
412.708282	212.000000
412.893341	291.000000
413.078369	276.000000
413.263428	220.000000
413.448456	226.000000
413.633514	286.000000
413.818573	268.000000
414.003632	219.000000
414.188660	223.000000
414.373718	280.000000
414.558777	279.000000
414.743835	229.000000
414.928925	273.000000
415.113953	301.000000
415.299042	301.000000
415.484100	250.000000
415.669189	239.000000
415.854279	290.000000
416.039368	281.000000
416.224457	225.000000
416.409546	226.000000
416.594604	284.000000
416.779694	280.000000
416.964813	232.000000
417.149902	228.000000
417.335022	291.000000
417.520081	285.000000
417.705200	238.000000
417.890320	238.000000
418.075439	277.000000
418.260559	295.000000
418.445679	242.000000
418.630798	244.000000
418.815918	274.000000
419.001038	289.000000
419.186157	247.000000
419.371307	247.000000
419.556427	305.000000
419.741577	294.000000
419.926697	236.000000
420.111847	244.000000
420.296997	293.000000
420.482147	264.000000
420.667297	219.000000
420.852448	223.000000
421.037628	284.000000
421.222778	273.000000
421.407928	228.000000
421.593079	226.000000
421.778259	286.000000
421.963440	276.000000
422.148621	227.000000
422.333771	226.000000
422.518951	307.000000
422.704132	268.000000
422.889313	248.000000
423.074493	216.000000
423.259705	269.000000
423.444885	261.000000
423.630096	239.000000
423.815277	227.000000
424.000458	302.000000
424.185669	289.000000
424.370880	222.000000
424.556091	231.000000
424.741272	273.000000
424.926514	287.000000
425.111725	231.000000
425.296936	232.000000
425.482178	300.000000
425.667389	279.000000
425.852631	236.000000
426.037872	229.000000
426.223083	298.000000
426.408325	274.000000
426.593567	226.000000
426.778809	254.000000
426.964050	283.000000
427.149261	280.000000
427.334534	250.000000
427.519775	236.000000
427.705048	270.000000
427.890289	290.000000
428.075562	263.000000
428.260834	233.000000
428.446106	276.000000
428.631348	292.000000
428.816620	232.000000
429.001892	239.000000
429.187164	283.000000
429.372467	275.000000
429.557709	235.000000
429.743011	233.000000
429.928284	291.000000
430.113586	276.000000
430.298889	235.000000
430.484161	219.000000
430.669464	274.000000
430.854767	276.000000
431.040070	229.000000
431.225372	223.000000
431.410675	275.000000
431.596008	259.000000
431.781311	240.000000
431.966614	221.000000
432.151917	294.000000
432.337250	275.000000
432.522583	228.000000
432.707916	244.000000
432.893250	299.000000
433.078583	295.000000
433.263916	222.000000
433.449219	236.000000
433.634583	295.000000
433.819916	271.000000
434.005280	238.000000
434.190613	222.000000
434.375946	286.000000
434.561310	304.000000
434.746674	234.000000
434.932037	211.000000
435.117401	289.000000
435.302765	296.000000
435.488129	226.000000
435.673492	239.000000
435.858856	293.000000
436.044220	272.000000
436.229614	223.000000
436.415009	224.000000
436.600372	302.000000
436.785736	276.000000
436.971130	227.000000
437.156525	217.000000
437.341919	276.000000
437.527313	280.000000
437.712738	236.000000
437.898132	218.000000
438.083527	276.000000
438.268921	265.000000
438.454346	283.000000
438.639740	224.000000
438.825165	292.000000
439.010590	286.000000
439.195984	219.000000
439.381409	222.000000
439.566833	276.000000
439.752258	274.000000
439.937683	227.000000
440.123138	227.000000
440.308563	288.000000
440.494019	282.000000
440.679413	230.000000
440.864868	227.000000
441.050323	292.000000
441.235779	288.000000
441.421234	235.000000
441.606659	236.000000
441.792114	323.000000
441.977570	276.000000
442.163055	220.000000
442.348511	231.000000
442.533997	266.000000
442.719452	273.000000
442.904938	223.000000
443.090393	224.000000
443.275848	266.000000
443.461334	279.000000
443.646820	217.000000
443.832306	218.000000
444.017792	292.000000
444.203278	278.000000
444.388763	220.000000
444.574280	258.000000
444.759766	315.000000
444.945282	296.000000
445.130768	246.000000
445.316284	222.000000
445.501770	302.000000
445.687286	283.000000
445.872803	218.000000
446.058319	230.000000
446.243835	292.000000
446.429321	282.000000
446.614868	228.000000
446.800385	230.000000
446.985931	279.000000
447.171448	281.000000
447.356995	218.000000
447.542542	220.000000
447.728088	267.000000
447.913605	273.000000
448.099152	221.000000
448.284698	223.000000
448.470245	285.000000
448.655792	284.000000
448.841339	223.000000
449.026886	230.000000
449.212463	277.000000
449.398010	293.000000
449.583588	231.000000
449.769165	215.000000
449.954712	291.000000
450.140289	285.000000
450.325836	218.000000
450.511444	226.000000
450.697021	273.000000
450.882599	296.000000
451.068176	227.000000
451.253754	236.000000
451.439331	276.000000
451.624939	296.000000
451.810547	238.000000
451.996124	219.000000
452.181732	287.000000
452.367340	268.000000
452.552948	215.000000
452.738525	221.000000
452.924164	277.000000
453.109772	278.000000
453.295380	241.000000
453.481018	223.000000
453.666595	278.000000
453.852234	263.000000
454.037842	219.000000
454.223480	237.000000
454.409119	279.000000
454.594757	280.000000
454.780396	231.000000
454.966034	230.000000
455.151642	273.000000
455.337311	283.000000
455.522949	228.000000
455.708588	210.000000
455.894257	286.000000
456.079865	272.000000
456.265533	235.000000
456.451202	223.000000
456.636871	286.000000
456.822540	266.000000
457.008209	223.000000
457.193878	215.000000
457.379547	268.000000
457.565186	266.000000
457.750854	222.000000
457.936554	222.000000
458.122223	280.000000
458.307922	272.000000
458.493591	219.000000
458.679260	215.000000
458.864960	287.000000
459.050659	271.000000
459.236359	228.000000
459.422058	236.000000
459.607758	297.000000
459.793457	290.000000
459.979156	220.000000
460.164856	226.000000
460.350586	275.000000
460.536285	268.000000
460.722015	234.000000
460.907715	231.000000
461.093414	261.000000
461.279144	288.000000
461.464874	229.000000
461.650604	219.000000
461.836334	281.000000
462.022064	291.000000
462.207825	223.000000
462.393555	218.000000
462.579285	294.000000
462.765015	286.000000
462.950775	230.000000
463.136475	226.000000
463.322235	277.000000
463.507996	282.000000
463.693756	237.000000
463.879517	218.000000
464.065277	293.000000
464.251038	283.000000
464.436798	231.000000
464.622589	228.000000
464.808350	284.000000
464.994110	286.000000
465.179871	240.000000
465.365662	246.000000
465.551422	294.000000
465.737183	289.000000
465.922974	219.000000
466.108765	215.000000
466.294556	298.000000
466.480347	275.000000
466.666168	218.000000
466.851959	233.000000
467.037750	272.000000
467.223572	284.000000
467.409332	243.000000
467.595154	221.000000
467.780975	294.000000
467.966736	273.000000
468.152557	224.000000
468.338379	221.000000
468.524200	309.000000
468.710022	271.000000
468.895844	226.000000
469.081696	245.000000
469.267517	275.000000
469.453339	290.000000
469.639191	231.000000
469.824982	227.000000
470.010834	282.000000
470.196686	291.000000
470.382507	263.000000
470.568329	237.000000
470.754181	292.000000
470.940033	287.000000
471.125916	213.000000
471.311768	272.000000
471.497620	292.000000
471.683472	282.000000
471.869354	238.000000
472.055206	260.000000
472.241058	266.000000
472.426910	272.000000
472.612793	248.000000
472.798645	227.000000
472.984528	280.000000
473.170410	278.000000
473.356293	218.000000
473.542175	235.000000
473.728058	297.000000
473.913971	264.000000
474.099854	242.000000
474.285736	234.000000
474.471649	276.000000
474.657532	312.000000
474.843414	254.000000
475.029327	235.000000
475.215210	293.000000
475.401123	284.000000
475.587036	223.000000
475.772949	227.000000
475.958862	276.000000
476.144775	268.000000
476.330719	234.000000
476.516632	216.000000
476.702545	267.000000
476.888489	278.000000
477.074402	224.000000
477.260315	226.000000
477.446259	298.000000
477.632172	270.000000
477.818115	233.000000
478.004059	239.000000
478.190002	303.000000
478.375946	280.000000
478.561890	232.000000
478.747864	219.000000
478.933807	280.000000
479.119751	293.000000
479.305725	231.000000
479.491669	219.000000
479.677612	270.000000
479.863586	293.000000
480.049530	221.000000
480.235504	222.000000
480.421478	277.000000
480.607452	284.000000
480.793427	234.000000
480.979401	232.000000
481.165405	285.000000
481.351379	285.000000
481.537354	233.000000
481.723358	216.000000
481.909332	283.000000
482.095306	279.000000
482.281311	237.000000
482.467285	227.000000
482.653290	271.000000
482.839294	281.000000
483.025299	233.000000
483.211304	238.000000
483.397308	272.000000
483.583344	297.000000
483.769348	222.000000
483.955353	231.000000
484.141388	279.000000
484.327393	276.000000
484.513397	222.000000
484.699432	221.000000
484.885437	292.000000
485.071472	276.000000
485.257507	236.000000
485.443542	229.000000
485.629578	273.000000
485.815613	274.000000
486.001648	223.000000
486.187714	236.000000
486.373749	286.000000
486.559814	278.000000
486.745819	228.000000
486.931885	224.000000
487.117950	276.000000
487.303986	278.000000
487.490051	232.000000
487.676117	229.000000
487.862183	255.000000
488.048248	284.000000
488.234314	220.000000
488.420380	228.000000
488.606445	284.000000
488.792542	285.000000
488.978607	229.000000
489.164673	221.000000
489.350769	284.000000
489.536835	285.000000
489.722900	239.000000
489.908997	223.000000
490.095093	276.000000
490.281189	307.000000
490.467285	232.000000
490.653381	250.000000
490.839508	254.000000
491.025604	267.000000
491.211700	238.000000
491.397827	222.000000
491.583893	290.000000
491.770020	285.000000
491.956146	229.000000
492.142212	243.000000
492.328339	264.000000
492.514465	279.000000
492.700592	228.000000
492.886719	223.000000
493.072845	284.000000
493.258972	254.000000
493.445129	223.000000
493.631256	227.000000
493.817413	301.000000
494.003510	281.000000
494.189667	227.000000
494.375793	235.000000
494.561920	287.000000
494.748077	281.000000
494.934235	220.000000
495.120392	224.000000
495.306549	283.000000
495.492706	288.000000
495.678864	228.000000
495.865021	236.000000
496.051178	284.000000
496.237366	288.000000
496.423492	234.000000
496.609680	238.000000
496.795837	274.000000
496.981995	274.000000
497.168182	229.000000
497.354370	228.000000
497.540558	268.000000
497.726746	263.000000
497.912933	227.000000
498.099121	233.000000
498.285309	284.000000
498.471497	264.000000
498.657715	241.000000
498.843872	215.000000
499.030090	301.000000
499.216278	274.000000
499.402466	218.000000
499.588654	221.000000
499.774872	289.000000
499.961090	286.000000
500.147308	220.000000
500.333527	224.000000
500.519745	289.000000
500.705963	311.000000
500.892181	241.000000
501.078430	214.000000
501.264618	282.000000
501.450836	272.000000
501.637085	218.000000
501.823303	223.000000
502.009521	287.000000
502.195770	301.000000
502.382019	235.000000
502.568268	231.000000
502.754486	284.000000
502.940735	275.000000
503.127014	222.000000
503.313263	222.000000
503.499512	274.000000
503.685730	297.000000
503.872009	228.000000
504.058258	223.000000
504.244507	309.000000
504.430756	271.000000
504.617035	219.000000
504.803314	240.000000
504.989563	288.000000
505.175842	275.000000
505.362122	251.000000
505.548401	221.000000
505.734680	267.000000
505.920959	274.000000
506.107239	228.000000
506.293518	229.000000
506.479797	288.000000
506.666077	287.000000
506.852356	229.000000
507.038666	230.000000
507.224945	293.000000
507.411255	273.000000
507.597565	228.000000
507.783875	231.000000
507.970184	283.000000
508.156494	286.000000
508.342804	218.000000
508.529083	245.000000
508.715393	288.000000
508.901703	278.000000
509.088013	220.000000
509.274323	232.000000
509.460663	275.000000
509.646973	274.000000
509.833313	254.000000
510.019653	242.000000
510.205963	284.000000
510.392303	292.000000
510.578644	238.000000
510.764984	221.000000
510.951294	292.000000
511.137634	299.000000
511.324005	230.000000
511.510315	225.000000
511.696655	298.000000
511.883026	272.000000
512.069397	227.000000
512.255737	234.000000
512.442078	281.000000
512.628479	289.000000
512.814819	223.000000
513.001160	223.000000
513.187561	274.000000
513.373901	271.000000
513.560303	246.000000
513.746643	227.000000
513.932983	276.000000
514.119385	262.000000
514.305725	232.000000
514.492126	222.000000
514.678528	276.000000
514.864868	278.000000
515.051270	226.000000
515.237671	229.000000
515.424072	286.000000
515.610474	290.000000
515.796814	252.000000
515.983215	227.000000
516.169617	279.000000
516.356018	279.000000
516.542419	228.000000
516.728821	238.000000
516.915222	298.000000
517.101624	288.000000
517.288086	221.000000
517.474487	217.000000
517.660889	268.000000
517.847290	262.000000
518.033752	235.000000
518.220154	226.000000
518.406616	289.000000
518.593018	275.000000
518.779358	239.000000
518.965820	227.000000
519.152283	282.000000
519.338684	303.000000
519.525146	228.000000
519.711548	220.000000
519.898010	270.000000
520.084473	291.000000
520.270935	223.000000
520.457336	231.000000
520.643738	286.000000
520.830200	290.000000
521.016663	238.000000
521.203125	236.000000
521.389587	274.000000
521.576050	291.000000
521.762512	230.000000
521.948975	224.000000
522.135437	282.000000
522.321899	281.000000
522.508362	220.000000
522.694885	235.000000
522.881348	289.000000
523.067810	276.000000
523.254272	236.000000
523.440796	230.000000
523.627197	278.000000
523.813721	272.000000
524.000183	222.000000
524.186646	237.000000
524.373169	295.000000
524.559692	292.000000
524.746155	227.000000
524.932678	227.000000
525.119141	277.000000
525.305664	268.000000
525.492126	234.000000
525.678589	238.000000
525.865112	271.000000
526.051636	273.000000
526.238159	224.000000
526.424683	226.000000
526.611206	291.000000
526.797729	288.000000
526.984253	223.000000
527.170776	237.000000
527.357300	277.000000
527.543823	277.000000
527.730347	253.000000
527.916870	223.000000
528.103394	271.000000
528.289917	280.000000
528.476440	228.000000
528.662964	229.000000
528.849487	288.000000
529.036072	275.000000
529.222595	217.000000
529.409119	233.000000
529.595703	281.000000
529.782227	285.000000
529.968811	232.000000
530.155334	238.000000
530.341858	268.000000
530.528381	282.000000
530.714966	223.000000
530.901550	219.000000
531.088074	266.000000
531.274658	290.000000
531.461243	217.000000
531.647827	232.000000
531.834412	280.000000
532.020996	267.000000
532.207520	232.000000
532.394104	223.000000
532.580688	262.000000
532.767273	288.000000
532.953857	245.000000
533.140442	223.000000
533.327026	303.000000
533.513611	280.000000
533.700195	226.000000
533.886780	231.000000
534.073364	290.000000
534.260010	280.000000
534.446594	222.000000
534.633179	230.000000
534.819824	277.000000
535.006409	290.000000
535.192932	227.000000
535.379578	225.000000
535.566162	280.000000
535.752808	276.000000
535.939392	241.000000
536.126038	239.000000
536.312683	273.000000
536.499268	262.000000
536.685913	225.000000
536.872559	225.000000
537.059143	275.000000
537.245789	275.000000
537.432434	215.000000
537.619080	226.000000
537.805725	276.000000
537.992371	276.000000
538.178955	216.000000
538.365601	227.000000
538.552246	270.000000
538.738892	276.000000
538.925537	236.000000
539.112183	225.000000
539.298828	275.000000
539.485474	292.000000
539.672119	232.000000
539.858765	221.000000
540.045410	274.000000
540.232056	279.000000
540.418701	231.000000
540.605408	220.000000
540.792053	281.000000
540.978760	280.000000
541.165405	238.000000
541.352051	246.000000
541.538757	270.000000
541.725464	269.000000
541.912109	220.000000
542.098816	231.000000
542.285461	275.000000
542.472168	278.000000
542.658875	216.000000
542.845581	236.000000
543.032166	284.000000
543.218872	289.000000
543.405579	231.000000
543.592285	243.000000
543.778992	276.000000
543.965698	282.000000
544.152405	234.000000
544.339111	224.000000
544.525818	280.000000
544.712524	302.000000
544.899170	228.000000
545.085876	229.000000
545.272583	293.000000
545.459290	304.000000
545.645996	251.000000
545.832764	232.000000
546.019470	275.000000
546.206177	276.000000
546.392944	234.000000
546.579651	232.000000
546.766357	279.000000
546.953125	268.000000
547.139832	250.000000
547.326599	229.000000
547.513306	278.000000
547.700073	271.000000
547.886719	231.000000
548.073486	228.000000
548.260254	285.000000
548.446960	282.000000
548.633728	231.000000
548.820496	219.000000
549.007263	308.000000
549.193970	272.000000
549.380737	221.000000
549.567505	219.000000
549.754211	286.000000
549.940979	271.000000
550.127747	220.000000
550.314514	229.000000
550.501282	259.000000
550.688049	278.000000
550.874817	240.000000
551.061584	227.000000
551.248352	287.000000
551.435181	288.000000
551.621948	235.000000
551.808716	222.000000
551.995483	286.000000
552.182312	280.000000
552.369080	232.000000
552.555847	236.000000
552.742615	276.000000
552.929382	263.000000
553.116150	235.000000
553.302979	220.000000
553.489746	288.000000
553.676575	284.000000
553.863403	229.000000
554.050171	231.000000
554.237000	278.000000
554.423767	273.000000
554.610535	225.000000
554.797363	223.000000
554.984192	261.000000
555.170959	273.000000
555.357788	235.000000
555.544617	222.000000
555.731445	289.000000
555.918274	292.000000
556.105103	218.000000
556.291931	225.000000
556.478760	283.000000
556.665588	273.000000
556.852417	223.000000
557.039246	221.000000
557.226074	276.000000
557.412903	277.000000
557.599670	221.000000
557.786560	215.000000
557.973389	279.000000
558.160217	272.000000
558.347046	240.000000
558.533936	232.000000
558.720764	270.000000
558.907654	272.000000
559.094482	253.000000
559.281311	235.000000
559.468140	256.000000
559.654968	273.000000
559.841858	236.000000
560.028687	250.000000
560.215576	278.000000
560.402466	284.000000
560.589294	238.000000
560.776184	234.000000
560.963074	274.000000
561.149963	273.000000
561.336792	228.000000
561.523682	223.000000
561.710571	264.000000
561.897461	296.000000
562.084351	228.000000
562.271240	216.000000
562.458069	270.000000
562.644958	284.000000
562.831848	219.000000
563.018738	228.000000
563.205627	264.000000
563.392517	262.000000
563.579407	236.000000
563.766296	227.000000
563.953186	280.000000
564.140076	274.000000
564.326965	224.000000
564.513855	221.000000
564.700745	282.000000
564.887695	251.000000
565.074585	224.000000
565.261475	235.000000
565.448425	280.000000
565.635315	288.000000
565.822266	226.000000
566.009155	230.000000
566.196106	269.000000
566.382996	280.000000
566.569946	238.000000
566.756897	242.000000
566.943787	304.000000
567.130737	284.000000
567.317627	228.000000
567.504517	251.000000
567.691467	267.000000
567.878418	278.000000
568.065369	232.000000
568.252319	225.000000
568.439270	270.000000
568.626221	271.000000
568.813110	239.000000
569.000061	220.000000
569.186951	274.000000
569.373901	270.000000
569.560913	244.000000
569.747864	238.000000
569.934814	274.000000
570.121765	278.000000
570.308716	256.000000
570.495667	232.000000
570.682678	253.000000
570.869629	277.000000
571.056580	238.000000
571.243530	224.000000
571.430542	278.000000
571.617493	286.000000
571.804504	222.000000
571.991455	230.000000
572.178345	279.000000
572.365356	293.000000
572.552307	228.000000
572.739319	227.000000
572.926331	260.000000
573.113281	288.000000
573.300293	243.000000
573.487244	228.000000
573.674255	282.000000
573.861267	268.000000
574.048218	230.000000
574.235168	227.000000
574.422180	283.000000
574.609192	290.000000
574.796204	235.000000
574.983215	225.000000
575.170227	287.000000
575.357239	269.000000
575.544250	217.000000
575.731262	236.000000
575.918274	282.000000
576.105286	277.000000
576.292297	222.000000
576.479309	229.000000
576.666321	271.000000
576.853333	279.000000
577.040283	228.000000
577.227356	227.000000
577.414368	278.000000
577.601379	291.000000
577.788391	222.000000
577.975464	226.000000
578.162476	258.000000
578.349548	306.000000
578.536560	226.000000
578.723572	236.000000
578.910583	277.000000
579.097595	276.000000
579.284668	232.000000
579.471741	233.000000
579.658752	274.000000
579.845825	275.000000
580.032837	224.000000
580.219910	222.000000
580.406982	291.000000
580.593994	269.000000
580.781067	246.000000
580.968140	265.000000
581.155212	284.000000
581.342285	272.000000
581.529297	226.000000
581.716370	241.000000
581.903381	302.000000
582.090454	289.000000
582.277527	235.000000
582.464600	217.000000
582.651672	278.000000
582.838745	259.000000
583.025818	221.000000
583.212891	226.000000
583.400024	270.000000
583.587097	279.000000
583.774109	255.000000
583.961182	248.000000
584.148254	271.000000
584.335388	276.000000
584.522461	240.000000
584.709534	227.000000
584.896667	294.000000
585.083740	285.000000
585.270813	226.000000
585.457947	226.000000
585.645020	279.000000
585.832153	263.000000
586.019226	224.000000
586.206360	227.000000
586.393433	277.000000
586.580566	280.000000
586.767639	246.000000
586.954712	224.000000
587.141846	293.000000
587.328979	284.000000
587.516052	222.000000
587.703186	228.000000
587.890320	307.000000
588.077454	288.000000
588.264587	248.000000
588.451721	228.000000
588.638733	306.000000
588.825867	316.000000
589.013000	220.000000
589.200134	228.000000
589.387268	300.000000
589.574402	323.000000
589.761536	218.000000
589.948669	231.000000
590.135864	294.000000
590.322998	276.000000
590.510132	230.000000
590.697266	245.000000
590.884399	277.000000
591.071533	303.000000
591.258728	227.000000
591.445862	221.000000
591.632935	285.000000
591.820190	306.000000
592.007263	243.000000
592.194397	241.000000
592.381592	303.000000
592.568726	290.000000
592.755920	224.000000
592.943054	221.000000
593.130249	288.000000
593.317322	303.000000
593.504517	236.000000
593.691711	220.000000
593.878845	297.000000
594.066040	322.000000
594.253235	224.000000
594.440369	227.000000
594.627563	294.000000
594.814758	282.000000
595.001953	246.000000
595.189087	231.000000
595.376282	287.000000
595.563477	307.000000
595.750671	276.000000
595.937866	232.000000
596.125061	284.000000
596.312256	290.000000
596.499451	230.000000
596.686646	228.000000
596.873779	289.000000
597.060974	297.000000
597.248169	221.000000
597.435364	237.000000
597.622559	279.000000
597.809753	296.000000
597.997009	244.000000
598.184143	220.000000
598.371338	321.000000
598.558533	287.000000
598.745789	244.000000
598.932983	260.000000
599.120178	278.000000
599.307434	272.000000
599.494629	232.000000
599.681885	242.000000
599.869080	293.000000
600.056335	284.000000
600.243530	224.000000
600.430786	224.000000
600.617981	272.000000
600.805237	297.000000
600.992432	228.000000
601.179687	240.000000
601.366943	274.000000
601.554138	280.000000
601.741333	230.000000
601.928589	222.000000
602.115845	263.000000
602.303040	308.000000
602.490295	239.000000
602.677551	228.000000
602.864807	310.000000
603.052002	293.000000
603.239258	239.000000
603.426514	240.000000
603.613770	292.000000
603.801025	284.000000
603.988281	267.000000
604.175537	236.000000
604.362793	302.000000
604.550049	301.000000
604.737305	225.000000
604.924561	226.000000
605.111816	312.000000
605.299072	292.000000
605.486389	235.000000
605.673645	229.000000
605.860901	288.000000
606.048157	293.000000
606.235474	221.000000
606.422729	228.000000
606.609924	287.000000
606.797241	282.000000
606.984497	219.000000
607.171814	234.000000
607.359070	330.000000
607.546387	286.000000
607.733643	230.000000
607.920898	234.000000
608.108154	266.000000
608.295471	274.000000
608.482727	239.000000
608.670044	218.000000
608.857361	287.000000
609.044617	273.000000
609.231934	245.000000
609.419250	221.000000
609.606567	284.000000
609.793823	266.000000
609.981140	215.000000
610.168457	244.000000
610.355774	300.000000
610.543091	267.000000
610.730408	236.000000
610.917725	241.000000
611.105042	284.000000
611.292358	284.000000
611.479614	237.000000
611.666931	236.000000
611.854248	281.000000
612.041565	281.000000
612.228882	231.000000
612.416199	226.000000
612.603516	289.000000
612.790771	285.000000
612.978088	232.000000
613.165466	230.000000
613.352783	277.000000
613.540100	287.000000
613.727417	224.000000
613.914795	217.000000
614.102112	287.000000
614.289490	282.000000
614.476807	225.000000
614.664124	226.000000
614.851501	299.000000
615.038818	288.000000
615.226196	233.000000
615.413513	221.000000
615.600891	288.000000
615.788208	272.000000
615.975586	223.000000
616.162903	225.000000
616.350220	282.000000
616.537598	279.000000
616.724915	221.000000
616.912292	248.000000
617.099670	287.000000
617.287048	274.000000
617.474365	245.000000
617.661682	238.000000
617.849060	269.000000
618.036438	284.000000
618.223816	224.000000
618.411194	231.000000
618.598511	283.000000
618.785889	273.000000
618.973267	217.000000
619.160645	263.000000
619.348022	266.000000
619.535400	281.000000
619.722778	232.000000
619.910156	230.000000
620.097595	276.000000
620.284973	275.000000
620.472351	227.000000
620.659729	222.000000
620.847107	280.000000
621.034485	261.000000
621.221863	248.000000
621.409241	220.000000
621.596619	278.000000
621.783997	278.000000
621.971436	227.000000
622.158813	230.000000
622.346252	272.000000
622.533569	278.000000
622.720947	233.000000
622.908386	219.000000
623.095764	272.000000
623.283203	274.000000
623.470581	241.000000
623.658020	237.000000
623.845398	282.000000
624.032837	275.000000
624.220276	220.000000
624.407654	224.000000
624.595093	268.000000
624.782471	262.000000
624.969910	231.000000
625.157349	228.000000
625.344788	272.000000
625.532166	274.000000
625.719604	227.000000
625.907043	247.000000
626.094421	270.000000
626.281860	292.000000
626.469299	227.000000
626.656677	221.000000
626.844116	269.000000
627.031555	288.000000
627.218994	230.000000
627.406372	216.000000
627.593811	290.000000
627.781250	261.000000
627.968689	217.000000
628.156128	236.000000
628.343628	279.000000
628.531067	279.000000
628.718506	228.000000
628.905945	226.000000
629.093384	261.000000
629.280823	265.000000
629.468323	242.000000
629.655762	264.000000
629.843201	286.000000
630.030701	271.000000
630.218140	237.000000
630.405579	228.000000
630.593079	257.000000
630.780518	266.000000
630.967896	232.000000
631.155396	227.000000
631.342834	286.000000
631.530334	268.000000
631.717773	236.000000
631.905273	232.000000
632.092712	284.000000
632.280151	276.000000
632.467590	237.000000
632.655090	239.000000
632.842590	276.000000
633.030029	264.000000
633.217529	246.000000
633.405029	225.000000
633.592529	252.000000
633.779968	279.000000
633.967468	239.000000
634.154968	214.000000
634.342468	268.000000
634.529907	274.000000
634.717407	232.000000
634.904907	256.000000
635.092407	275.000000
635.279907	270.000000
635.467407	239.000000
635.654907	223.000000
635.842346	263.000000
636.029846	291.000000
636.217346	239.000000
636.404846	240.000000
636.592346	269.000000
636.779846	298.000000
636.967346	234.000000
637.154785	231.000000
637.342346	267.000000
637.529846	263.000000
637.717346	235.000000
637.904846	243.000000
638.092346	273.000000
638.279907	279.000000
638.467407	245.000000
638.654907	232.000000
638.842468	289.000000
639.029968	280.000000
639.217468	235.000000
639.405029	227.000000
639.592529	262.000000
639.780090	262.000000
639.967590	238.000000
640.155090	234.000000
640.342651	281.000000
640.530151	287.000000
640.717651	247.000000
640.905212	227.000000
641.092712	298.000000
641.280273	280.000000
641.467773	235.000000
641.655334	237.000000
641.842896	279.000000
642.030334	275.000000
642.217896	234.000000
642.405457	244.000000
642.593018	267.000000
642.780518	295.000000
642.968079	224.000000
643.155640	234.000000
643.343201	307.000000
643.530762	255.000000
643.718323	236.000000
643.905823	226.000000
644.093384	268.000000
644.280945	272.000000
644.468506	232.000000
644.656067	222.000000
644.843628	271.000000
645.031189	268.000000
645.218750	234.000000
645.406311	221.000000
645.593811	272.000000
645.781433	267.000000
645.968994	228.000000
646.156555	225.000000
646.344116	278.000000
646.531677	271.000000
646.719238	240.000000
646.906799	231.000000
647.094360	275.000000
647.281921	266.000000
647.469482	228.000000
647.657104	219.000000
647.844666	276.000000
648.032227	281.000000
648.219849	238.000000
648.407410	250.000000
648.594971	272.000000
648.782593	285.000000
648.970154	237.000000
649.157776	229.000000
649.345337	266.000000
649.532959	280.000000
649.720520	231.000000
649.908142	244.000000
650.095703	282.000000
650.283325	268.000000
650.470886	239.000000
650.658447	239.000000
650.846069	283.000000
651.033691	258.000000
651.221252	240.000000
651.408875	223.000000
651.596497	291.000000
651.784058	276.000000
651.971619	231.000000
652.159241	218.000000
652.346863	267.000000
652.534485	286.000000
652.722107	229.000000
652.909668	236.000000
653.097290	260.000000
653.284912	251.000000
653.472534	234.000000
653.660156	241.000000
653.847778	260.000000
654.035400	282.000000
654.223022	243.000000
654.410645	236.000000
654.598267	274.000000
654.785889	280.000000
654.973511	266.000000
655.161133	228.000000
655.348755	265.000000
655.536377	258.000000
655.723999	223.000000
655.911621	229.000000
656.099243	258.000000
656.286865	250.000000
656.474548	236.000000
656.662109	225.000000
656.849731	276.000000
657.037415	287.000000
657.225037	224.000000
657.412659	224.000000
657.600342	282.000000
657.787964	261.000000
657.975586	233.000000
658.163269	231.000000
658.350891	282.000000
658.538574	270.000000
658.726196	234.000000
658.913879	225.000000
659.101501	286.000000
659.289185	261.000000
659.476807	225.000000
659.664490	231.000000
659.852112	271.000000
660.039795	271.000000
660.227417	227.000000
660.415039	241.000000
660.602722	289.000000
660.790405	294.000000
660.978027	238.000000
661.165710	213.000000
661.353394	303.000000
661.541016	276.000000
661.728638	226.000000
661.916321	224.000000
662.104004	263.000000
662.291687	268.000000
662.479370	241.000000
662.666992	227.000000
662.854675	280.000000
663.042358	260.000000
663.230042	233.000000
663.417725	225.000000
663.605408	282.000000
663.793091	266.000000
663.980774	230.000000
664.168457	238.000000
664.356140	263.000000
664.543823	271.000000
664.731506	222.000000
664.919189	239.000000
665.106812	270.000000
665.294556	259.000000
665.482239	228.000000
665.669922	242.000000
665.857605	272.000000
666.045288	265.000000
666.233032	228.000000
666.420654	234.000000
666.608337	278.000000
666.796021	271.000000
666.983765	234.000000
667.171448	246.000000
667.359131	290.000000
667.546875	278.000000
667.734558	228.000000
667.922241	228.000000
668.109985	268.000000
668.297668	274.000000
668.485413	240.000000
668.673096	224.000000
668.860840	263.000000
669.048523	275.000000
669.236267	252.000000
669.423950	224.000000
669.611694	278.000000
669.799377	277.000000
669.987061	229.000000
670.174744	219.000000
670.362488	295.000000
670.550232	261.000000
670.737915	235.000000
670.925659	241.000000
671.113403	264.000000
671.301025	261.000000
671.488770	230.000000
671.676514	230.000000
671.864258	291.000000
672.052002	266.000000
672.239685	224.000000
672.427429	230.000000
672.615173	302.000000
672.802917	271.000000
672.990662	233.000000
673.178406	248.000000
673.366089	278.000000
673.553833	272.000000
673.741577	232.000000
673.929321	235.000000
674.117065	266.000000
674.304810	286.000000
674.492554	246.000000
674.680298	238.000000
674.867981	291.000000
675.055725	274.000000
675.243530	229.000000
675.431274	259.000000
675.619019	283.000000
675.806763	265.000000
675.994507	227.000000
676.182190	231.000000
676.369934	272.000000
676.557739	261.000000
676.745483	227.000000
676.933228	244.000000
677.120972	283.000000
677.308777	270.000000
677.496521	226.000000
677.684265	227.000000
677.872070	291.000000
678.059814	260.000000
678.247559	240.000000
678.435364	222.000000
678.623108	259.000000
678.810852	263.000000
678.998657	237.000000
679.186401	227.000000
679.374207	277.000000
679.561951	276.000000
679.749695	216.000000
679.937439	225.000000
680.125244	270.000000
680.312988	281.000000
680.500793	229.000000
680.688538	227.000000
680.876343	273.000000
681.064087	278.000000
681.251831	220.000000
681.439636	234.000000
681.627441	284.000000
681.815186	280.000000
682.002991	209.000000
682.190796	229.000000
682.378540	271.000000
682.566345	285.000000
682.754150	217.000000
682.941956	235.000000
683.129700	274.000000
683.317505	274.000000
683.505310	228.000000
683.693115	218.000000
683.880920	284.000000
684.068726	277.000000
684.256531	215.000000
684.444275	227.000000
684.632019	287.000000
684.819824	288.000000
685.007629	228.000000
685.195435	217.000000
685.383240	274.000000
685.571045	292.000000
685.758850	239.000000
685.946594	220.000000
686.134399	292.000000
686.322205	273.000000
686.510071	226.000000
686.697876	243.000000
686.885681	282.000000
687.073486	264.000000
687.261292	251.000000
687.449097	229.000000
687.636902	277.000000
687.824768	285.000000
688.012573	233.000000
688.200378	228.000000
688.388184	285.000000
688.576050	286.000000
688.763855	232.000000
688.951660	223.000000
689.139526	277.000000
689.327332	267.000000
689.515076	231.000000
689.702942	237.000000
689.890747	273.000000
690.078552	268.000000
690.266418	227.000000
690.454224	217.000000
690.642090	272.000000
690.829834	270.000000
691.017700	226.000000
691.205505	222.000000
691.393372	283.000000
691.581177	268.000000
691.769043	218.000000
691.956848	230.000000
692.144714	266.000000
692.332520	272.000000
692.520386	226.000000
692.708191	218.000000
692.896057	280.000000
693.083923	288.000000
693.271729	233.000000
693.459595	224.000000
693.647461	284.000000
693.835266	299.000000
694.023132	239.000000
694.210999	231.000000
694.398804	282.000000
694.586609	274.000000
694.774475	251.000000
694.962341	233.000000
695.150208	297.000000
695.338074	296.000000
695.525940	241.000000
695.713684	304.000000
695.901550	892.000000
696.089417	1268.000000
696.277283	859.000000
696.465149	566.000000
696.653015	440.000000
696.840881	364.000000
697.028748	258.000000
697.216614	234.000000
697.404480	289.000000
697.592346	290.000000
697.780212	223.000000
697.968079	236.000000
698.155945	296.000000
698.343811	276.000000
698.531677	228.000000
698.719543	220.000000
698.907410	277.000000
699.095276	276.000000
699.283142	222.000000
699.471008	222.000000
699.658875	308.000000
699.846741	303.000000
700.034607	235.000000
700.222534	228.000000
700.410400	279.000000
700.598206	263.000000
700.786072	238.000000
700.973999	249.000000
701.161865	281.000000
701.349731	271.000000
701.537598	227.000000
701.725525	221.000000
701.913391	289.000000
702.101257	275.000000
702.289185	233.000000
702.477051	244.000000
702.664978	299.000000
702.852844	282.000000
703.040771	242.000000
703.228638	229.000000
703.416504	284.000000
703.604431	265.000000
703.792297	231.000000
703.980225	222.000000
704.168030	293.000000
704.355957	288.000000
704.543884	234.000000
704.731750	240.000000
704.919678	282.000000
705.107544	279.000000
705.295471	242.000000
705.483276	250.000000
705.671204	286.000000
705.859131	331.000000
706.046997	602.000000
706.234924	960.000000
706.422852	817.000000
706.610779	566.000000
706.798645	361.000000
706.986572	293.000000
707.174500	306.000000
707.362366	302.000000
707.550293	227.000000
707.738220	236.000000
707.926147	272.000000
708.114075	285.000000
708.301941	218.000000
708.489868	216.000000
708.677795	298.000000
708.865723	271.000000
709.053589	230.000000
709.241516	230.000000
709.429443	293.000000
709.617371	284.000000
709.805298	232.000000
709.993225	221.000000
710.181152	278.000000
710.369019	291.000000
710.556946	219.000000
710.744873	242.000000
710.932800	281.000000
711.120728	268.000000
711.308655	215.000000
711.496582	222.000000
711.684509	271.000000
711.872437	286.000000
712.060364	231.000000
712.248291	226.000000
712.436218	285.000000
712.624146	271.000000
712.812134	221.000000
713.000061	220.000000
713.187988	305.000000
713.375916	294.000000
713.563843	229.000000
713.751831	229.000000
713.939697	301.000000
714.127625	346.000000
714.315552	295.000000
714.503540	272.000000
714.691467	314.000000
714.879395	277.000000
715.067322	231.000000
715.255249	225.000000
715.443176	307.000000
715.631165	268.000000
715.819092	225.000000
716.007019	222.000000
716.195007	273.000000
716.382935	277.000000
716.570862	224.000000
716.758850	219.000000
716.946777	277.000000
717.134766	279.000000
717.322693	217.000000
717.510681	225.000000
717.698608	271.000000
717.886597	277.000000
718.074524	216.000000
718.262512	219.000000
718.450439	273.000000
718.638428	270.000000
718.826355	234.000000
719.014282	233.000000
719.202271	280.000000
719.390198	262.000000
719.578186	229.000000
719.766174	223.000000
719.954102	271.000000
720.142029	274.000000
720.330017	222.000000
720.517944	240.000000
720.705933	292.000000
720.893921	283.000000
721.081848	248.000000
721.269836	222.000000
721.457825	283.000000
721.645813	284.000000
721.833740	220.000000
722.021729	217.000000
722.209717	267.000000
722.397705	279.000000
722.585693	214.000000
722.773682	220.000000
722.961609	293.000000
723.149597	273.000000
723.337585	238.000000
723.525574	224.000000
723.713501	269.000000
723.901489	299.000000
724.089478	233.000000
724.277466	224.000000
724.465454	266.000000
724.653442	272.000000
724.841431	220.000000
725.029358	238.000000
725.217346	277.000000
725.405334	286.000000
725.593323	229.000000
725.781311	222.000000
725.969299	271.000000
726.157288	278.000000
726.345276	231.000000
726.533264	284.000000
726.721252	486.000000
726.909241	456.000000
727.097229	332.000000
727.285217	284.000000
727.473206	335.000000
727.661255	288.000000
727.849243	235.000000
728.037231	226.000000
728.225220	300.000000
728.413208	285.000000
728.601135	222.000000
728.789185	218.000000
728.977173	287.000000
729.165161	272.000000
729.353149	236.000000
729.541199	231.000000
729.729187	287.000000
729.917114	273.000000
730.105164	223.000000
730.293152	227.000000
730.481140	291.000000
730.669189	282.000000
730.857178	233.000000
731.045166	218.000000
731.233215	280.000000
731.421204	274.000000
731.609192	227.000000
731.797241	242.000000
731.985229	280.000000
732.173279	268.000000
732.361267	238.000000
732.549316	230.000000
732.737305	276.000000
732.925293	278.000000
733.113342	230.000000
733.301331	233.000000
733.489319	282.000000
733.677307	290.000000
733.865356	219.000000
734.053406	228.000000
734.241394	286.000000
734.429443	281.000000
734.617432	225.000000
734.805420	218.000000
734.993408	284.000000
735.181458	277.000000
735.369507	240.000000
735.557495	220.000000
735.745544	280.000000
735.933594	287.000000
736.121582	220.000000
736.309631	237.000000
736.497681	297.000000
736.685669	296.000000
736.873718	248.000000
737.061768	250.000000
737.249756	304.000000
737.437805	347.000000
737.625854	660.000000
737.813904	1193.000000
738.001892	1191.000000
738.189941	947.000000
738.377930	602.000000
738.565979	422.000000
738.754028	381.000000
738.942017	320.000000
739.130066	260.000000
739.318115	248.000000
739.506165	273.000000
739.694153	277.000000
739.882202	232.000000
740.070251	233.000000
740.258240	299.000000
740.446289	286.000000
740.634338	232.000000
740.822388	239.000000
741.010437	291.000000
741.198486	275.000000
741.386536	245.000000
741.574585	241.000000
741.762634	308.000000
741.950684	284.000000
742.138733	230.000000
742.326782	221.000000
742.514832	283.000000
742.702881	301.000000
742.890930	236.000000
743.078979	233.000000
743.266968	284.000000
743.455017	284.000000
743.643066	224.000000
743.831116	233.000000
744.019165	288.000000
744.207275	276.000000
744.395325	222.000000
744.583313	214.000000
744.771362	310.000000
744.959412	269.000000
745.147461	218.000000
745.335510	227.000000
745.523621	290.000000
745.711670	281.000000
745.899719	228.000000
746.087769	231.000000
746.275818	294.000000
746.463928	282.000000
746.651978	232.000000
746.840027	236.000000
747.028076	294.000000
747.216187	285.000000
747.404236	242.000000
747.592285	234.000000
747.780334	278.000000
747.968445	298.000000
748.156433	235.000000
748.344482	248.000000
748.532593	299.000000
748.720642	309.000000
748.908691	269.000000
749.096802	263.000000
749.284851	314.000000
749.472900	455.000000
749.660950	938.000000
749.848999	1262.000000
750.037109	1202.000000
750.225159	936.000000
750.413269	618.000000
750.601318	636.000000
750.789368	1128.000000
750.977478	1204.000000
751.165527	998.000000
751.353638	728.000000
751.541687	547.000000
751.729797	415.000000
751.917847	295.000000
752.105957	267.000000
752.294006	306.000000
752.482117	293.000000
752.670166	249.000000
752.858276	228.000000
753.046265	297.000000
753.234375	278.000000
753.422485	247.000000
753.610535	227.000000
753.798645	284.000000
753.986694	278.000000
754.174805	233.000000
754.362854	236.000000
754.550903	285.000000
754.739014	279.000000
754.927124	233.000000
755.115173	234.000000
755.303284	275.000000
755.491394	287.000000
755.679443	222.000000
755.867554	237.000000
756.055664	308.000000
756.243713	297.000000
756.431824	219.000000
756.619934	232.000000
756.807983	267.000000
756.996094	283.000000
757.184204	221.000000
757.372314	231.000000
757.560364	278.000000
757.748474	289.000000
757.936523	226.000000
758.124634	247.000000
758.312744	303.000000
758.500793	305.000000
758.688904	232.000000
758.877014	221.000000
759.065125	287.000000
759.253174	288.000000
759.441284	243.000000
759.629333	236.000000
759.817444	281.000000
760.005554	288.000000
760.193665	236.000000
760.381775	237.000000
760.569885	294.000000
760.757996	298.000000
760.946106	246.000000
761.134216	234.000000
761.322327	324.000000
761.510437	299.000000
761.698486	254.000000
761.886597	268.000000
762.074707	310.000000
762.262817	373.000000
762.450928	370.000000
762.639038	1128.000000
762.827087	2879.000000
763.015198	2969.000000
763.203308	2687.000000
763.391418	1992.000000
763.579529	1262.000000
763.767639	732.000000
763.955750	454.000000
764.143860	346.000000
764.331970	346.000000
764.520081	339.000000
764.708191	263.000000
764.896301	250.000000
765.084412	310.000000
765.272522	316.000000
765.460632	234.000000
765.648743	234.000000
765.836853	300.000000
766.024963	288.000000
766.213135	235.000000
766.401245	228.000000
766.589355	287.000000
766.777466	293.000000
766.965576	232.000000
767.153687	217.000000
767.341858	303.000000
767.529968	288.000000
767.718018	218.000000
767.906128	248.000000
768.094238	282.000000
768.282410	292.000000
768.470520	232.000000
768.658630	234.000000
768.846741	283.000000
769.034851	289.000000
769.222961	235.000000
769.411072	224.000000
769.599182	303.000000
769.787354	296.000000
769.975464	234.000000
770.163574	220.000000
770.351746	283.000000
770.539856	277.000000
770.727966	231.000000
770.916138	240.000000
771.104248	296.000000
771.292358	330.000000
771.480530	442.000000
771.668640	1007.000000
771.856750	1207.000000
772.044922	1168.000000
772.233032	928.000000
772.421143	647.000000
772.609253	506.000000
772.797363	360.000000
772.985535	298.000000
773.173645	256.000000
773.361755	308.000000
773.549927	294.000000
773.738037	239.000000
773.926147	224.000000
774.114258	285.000000
774.302429	273.000000
774.490540	221.000000
774.678650	238.000000
774.866821	293.000000
775.054932	280.000000
775.243103	228.000000
775.431213	235.000000
775.619385	289.000000
775.807495	262.000000
775.995667	226.000000
776.183777	232.000000
776.371948	289.000000
776.560059	283.000000
776.748230	223.000000
776.936340	234.000000
777.124512	304.000000
777.312683	285.000000
777.500732	219.000000
777.688904	227.000000
777.877014	280.000000
778.065186	291.000000
778.253296	232.000000
778.441467	218.000000
778.629639	279.000000
778.817688	288.000000
779.005859	230.000000
779.193970	220.000000
779.382141	281.000000
779.570312	267.000000
779.758423	234.000000
779.946594	226.000000
780.134766	285.000000
780.322876	279.000000
780.511047	215.000000
780.699219	214.000000
780.887329	280.000000
781.075500	272.000000
781.263672	232.000000
781.451782	220.000000
781.639954	289.000000
781.828125	277.000000
782.016235	227.000000
782.204407	227.000000
782.392517	286.000000
782.580688	281.000000
782.768799	235.000000
782.956970	220.000000
783.145142	286.000000
783.333313	277.000000
783.521423	237.000000
783.709534	220.000000
783.897705	271.000000
784.085876	269.000000
784.273987	249.000000
784.462158	217.000000
784.650330	274.000000
784.838501	284.000000
785.026672	228.000000
785.214783	241.000000
785.402954	297.000000
785.591125	280.000000
785.779297	220.000000
785.967468	221.000000
786.155579	271.000000
786.343750	270.000000
786.531921	238.000000
786.720093	227.000000
786.908264	287.000000
787.096436	275.000000
787.284546	224.000000
787.472656	225.000000
787.660828	275.000000
787.848999	271.000000
788.037170	215.000000
788.225342	226.000000
788.413513	300.000000
788.601624	291.000000
788.789795	228.000000
788.977966	223.000000
789.166138	278.000000
789.354248	300.000000
789.542419	220.000000
789.730591	221.000000
789.918762	280.000000
790.106934	294.000000
790.295105	230.000000
790.483276	226.000000
790.671448	272.000000
790.859619	272.000000
791.047791	248.000000
791.235962	226.000000
791.424133	276.000000
791.612305	288.000000
791.800476	231.000000
791.988647	220.000000
792.176758	283.000000
792.364929	270.000000
792.553101	219.000000
792.741272	232.000000
792.929443	287.000000
793.117615	279.000000
793.305786	235.000000
793.493896	268.000000
793.682068	317.000000
793.870239	522.000000
794.058411	868.000000
794.246582	910.000000
794.434753	954.000000
794.622925	896.000000
794.811096	610.000000
794.999329	429.000000
795.187500	378.000000
795.375671	326.000000
795.563843	254.000000
795.752014	261.000000
795.940186	287.000000
796.128357	301.000000
796.316528	231.000000
796.504700	241.000000
796.692871	292.000000
796.881042	281.000000
797.069214	235.000000
797.257385	220.000000
797.445557	289.000000
797.633728	273.000000
797.821899	230.000000
798.010071	223.000000
798.198242	291.000000
798.386414	282.000000
798.574585	238.000000
798.762756	226.000000
798.950928	295.000000
799.139099	295.000000
799.327271	240.000000
799.515442	284.000000
799.703674	466.000000
799.891846	645.000000
800.080017	580.000000
800.268188	597.000000
800.456360	701.000000
800.644592	1002.000000
800.832764	1017.000000
801.020935	925.000000
801.209106	954.000000
801.397278	761.000000
801.585510	508.000000
801.773682	380.000000
801.961792	359.000000
802.149963	315.000000
802.338196	247.000000
802.526367	251.000000
802.714539	301.000000
802.902710	289.000000
803.090942	234.000000
803.279053	225.000000
803.467224	286.000000
803.655396	286.000000
803.843628	239.000000
804.031799	230.000000
804.219971	297.000000
804.408142	286.000000
804.596375	231.000000
804.784546	253.000000
804.972717	278.000000
805.160889	291.000000
805.349121	229.000000
805.537292	220.000000
805.725464	284.000000
805.913696	290.000000
806.101868	224.000000
806.290039	241.000000
806.478271	274.000000
806.666443	271.000000
806.854553	261.000000
807.042725	237.000000
807.230957	282.000000
807.419128	295.000000
807.607300	238.000000
807.795532	233.000000
807.983704	286.000000
808.171814	281.000000
808.360046	248.000000
808.548218	246.000000
808.736450	295.000000
808.924622	331.000000
809.112793	280.000000
809.301025	372.000000
809.489197	859.000000
809.677368	1088.000000
809.865601	1027.000000
810.053772	1058.000000
810.241943	996.000000
810.430176	956.000000
810.618347	1832.000000
810.806580	2718.000000
810.994751	2630.000000
811.182922	2669.000000
811.371155	2341.000000
811.559326	1558.000000
811.747437	1034.000000
811.935669	656.000000
812.123840	418.000000
812.312073	356.000000
812.500244	354.000000
812.688416	326.000000
812.876648	267.000000
813.064758	255.000000
813.252991	308.000000
813.441162	307.000000
813.629395	247.000000
813.817566	244.000000
814.005737	285.000000
814.193970	274.000000
814.382141	243.000000
814.570374	249.000000
814.758545	300.000000
814.946777	305.000000
815.134949	234.000000
815.323120	234.000000
815.511353	280.000000
815.699524	282.000000
815.887756	238.000000
816.075928	231.000000
816.264160	271.000000
816.452332	286.000000
816.640503	220.000000
816.828674	236.000000
817.016907	279.000000
817.205078	277.000000
817.393250	221.000000
817.581482	228.000000
817.769653	278.000000
817.957825	270.000000
818.145996	231.000000
818.334229	226.000000
818.522400	281.000000
818.710632	291.000000
818.898804	239.000000
819.087036	231.000000
819.275208	278.000000
819.463440	265.000000
819.651611	234.000000
819.839844	230.000000
820.028015	293.000000
820.216248	270.000000
820.404419	233.000000
820.592651	234.000000
820.780823	274.000000
820.969055	276.000000
821.157227	235.000000
821.345459	238.000000
821.533569	279.000000
821.721802	276.000000
821.909973	214.000000
822.098206	234.000000
822.286377	270.000000
822.474609	259.000000
822.662781	220.000000
822.850952	242.000000
823.039124	266.000000
823.227356	286.000000
823.415527	229.000000
823.603760	238.000000
823.791931	272.000000
823.980164	283.000000
824.168396	235.000000
824.356567	230.000000
824.544800	274.000000
824.732971	271.000000
824.921204	238.000000
825.109375	253.000000
825.297607	338.000000
825.485779	491.000000
825.674011	645.000000
825.862183	617.000000
826.050415	695.000000
826.238586	671.000000
826.426758	524.000000
826.614990	404.000000
826.803162	372.000000
826.991394	333.000000
827.179565	280.000000
827.367798	244.000000
827.555969	283.000000
827.744141	282.000000
827.932312	228.000000
828.120544	222.000000
828.308777	269.000000
828.496948	278.000000
828.685181	236.000000
828.873352	237.000000
829.061584	269.000000
829.249756	297.000000
829.437988	244.000000
829.626160	237.000000
829.814392	262.000000
830.002625	265.000000
830.190796	231.000000
830.379028	219.000000
830.567200	295.000000
830.755432	268.000000
830.943604	226.000000
831.131836	230.000000
831.320007	281.000000
831.508179	291.000000
831.696411	220.000000
831.884583	227.000000
832.072815	291.000000
832.260986	267.000000
832.449219	250.000000
832.637390	226.000000
832.825562	294.000000
833.013794	264.000000
833.201965	228.000000
833.390198	250.000000
833.578369	289.000000
833.766602	271.000000
833.954834	227.000000
834.143005	225.000000
834.331238	301.000000
834.519409	278.000000
834.707642	231.000000
834.895874	219.000000
835.084045	277.000000
835.272278	276.000000
835.460449	214.000000
835.648682	247.000000
835.836853	250.000000
836.025085	277.000000
836.213257	233.000000
836.401428	232.000000
836.589661	266.000000
836.777832	278.000000
836.966064	231.000000
837.154236	240.000000
837.342468	281.000000
837.530640	274.000000
837.718811	227.000000
837.907043	245.000000
838.095215	287.000000
838.283447	280.000000
838.471680	251.000000
838.659851	236.000000
838.848083	282.000000
839.036255	289.000000
839.224487	261.000000
839.412659	246.000000
839.600891	339.000000
839.789124	517.000000
839.977295	830.000000
840.165527	858.000000
840.353699	910.000000
840.541931	871.000000
840.730103	766.000000
840.918335	601.000000
841.106506	507.000000
841.294678	490.000000
841.482910	785.000000
841.671082	1111.000000
841.859314	1120.000000
842.047546	1068.000000
842.235718	1023.000000
842.423889	899.000000
842.612061	721.000000
842.800293	519.000000
842.988464	354.000000
843.176697	323.000000
843.364929	319.000000
843.553101	312.000000
843.741333	254.000000
843.929504	252.000000
844.117737	294.000000
844.305908	283.000000
844.494141	234.000000
844.682312	246.000000
844.870544	289.000000
845.058777	285.000000
845.246948	239.000000
845.435181	234.000000
845.623352	270.000000
845.811584	286.000000
845.999695	237.000000
846.187927	235.000000
846.376160	305.000000
846.564331	275.000000
846.752563	244.000000
846.940735	235.000000
847.128967	269.000000
847.317078	271.000000
847.505310	242.000000
847.693481	256.000000
847.881714	278.000000
848.069946	270.000000
848.258118	227.000000
848.446350	232.000000
848.634521	252.000000
848.822754	260.000000
849.010925	212.000000
849.199158	224.000000
849.387329	295.000000
849.575562	285.000000
849.763733	267.000000
849.951965	265.000000
850.140137	282.000000
850.328369	273.000000
850.516602	235.000000
850.704773	245.000000
850.892944	302.000000
851.081116	375.000000
851.269348	457.000000
851.457520	478.000000
851.645752	524.000000
851.833923	500.000000
852.022156	455.000000
852.210266	401.000000
852.398499	383.000000
852.586670	344.000000
852.774902	264.000000
852.963074	243.000000
853.151306	307.000000
853.339478	279.000000
853.527710	232.000000
853.715881	240.000000
853.904114	278.000000
854.092285	274.000000
854.280518	253.000000
854.468689	235.000000
854.656921	286.000000
854.845093	301.000000
855.033325	228.000000
855.221497	218.000000
855.409729	267.000000
855.597900	265.000000
855.786133	233.000000
855.974304	233.000000
856.162537	266.000000
856.350708	281.000000
856.538818	239.000000
856.726990	230.000000
856.915222	276.000000
857.103394	289.000000
857.291626	229.000000
857.479797	230.000000
857.667969	271.000000
857.856201	275.000000
858.044373	242.000000
858.232605	234.000000
858.420776	262.000000
858.609009	269.000000
858.797180	227.000000
858.985413	230.000000
859.173584	286.000000
859.361816	270.000000
859.549988	253.000000
859.738159	235.000000
859.926392	266.000000
860.114563	276.000000
860.302795	230.000000
860.490967	226.000000
860.679199	273.000000
860.867371	264.000000
861.055542	229.000000
861.243774	235.000000
861.431824	267.000000
861.620056	267.000000
861.808228	232.000000
861.996399	231.000000
862.184631	275.000000
862.372803	297.000000
862.561035	232.000000
862.749207	224.000000
862.937378	268.000000
863.125610	283.000000
863.313782	228.000000
863.502014	235.000000
863.690186	273.000000
863.878357	294.000000
864.066589	234.000000
864.254761	230.000000
864.442993	279.000000
864.631165	271.000000
864.819336	235.000000
865.007568	239.000000
865.195740	263.000000
865.383911	294.000000
865.572144	227.000000
865.760315	248.000000
865.948486	302.000000
866.136719	322.000000
866.324768	267.000000
866.512939	257.000000
866.701172	327.000000
866.889343	311.000000
867.077515	258.000000
867.265747	250.000000
867.453918	275.000000
867.642090	274.000000
867.830322	227.000000
868.018494	234.000000
868.206665	266.000000
868.394897	283.000000
868.583069	217.000000
868.771240	220.000000
868.959473	270.000000
869.147644	289.000000
869.335815	229.000000
869.523987	222.000000
869.712219	294.000000
869.900391	256.000000
870.088562	239.000000
870.276733	234.000000
870.464966	262.000000
870.653137	265.000000
870.841309	220.000000
871.029541	257.000000
871.217590	287.000000
871.405762	270.000000
871.593933	225.000000
871.782166	226.000000
871.970337	268.000000
872.158508	265.000000
872.346680	225.000000
872.534851	248.000000
872.723083	279.000000
872.911255	287.000000
873.099426	230.000000
873.287598	233.000000
873.475830	291.000000
873.664001	264.000000
873.852173	221.000000
874.040344	226.000000
874.228516	268.000000
874.416748	260.000000
874.604919	237.000000
874.793091	226.000000
874.981262	271.000000
875.169434	272.000000
875.357605	222.000000
875.545837	248.000000
875.734009	272.000000
875.922180	294.000000
876.110229	230.000000
876.298401	220.000000
876.486572	280.000000
876.674805	276.000000
876.862976	234.000000
877.051147	235.000000
877.239319	273.000000
877.427490	272.000000
877.615662	230.000000
877.803833	221.000000
877.992004	286.000000
878.180176	292.000000
878.368408	226.000000
878.556580	244.000000
878.744751	283.000000
878.932922	284.000000
879.121094	235.000000
879.309265	221.000000
879.497437	279.000000
879.685608	276.000000
879.873779	260.000000
880.061951	228.000000
880.250122	286.000000
880.438293	280.000000
880.626465	247.000000
880.814636	241.000000
881.002747	262.000000
881.190918	271.000000
881.379089	233.000000
881.567261	239.000000
881.755432	273.000000
881.943604	307.000000
882.131775	249.000000
882.319946	230.000000
882.508118	285.000000
882.696289	278.000000
882.884460	246.000000
883.072632	254.000000
883.260803	272.000000
883.448975	244.000000
883.637146	230.000000
883.825317	255.000000
884.013428	268.000000
884.201599	268.000000
884.389771	222.000000
884.577942	232.000000
884.766113	279.000000
884.954285	257.000000
885.142456	228.000000
885.330627	224.000000
885.518799	262.000000
885.706970	262.000000
885.895020	227.000000
886.083191	228.000000
886.271362	280.000000
886.459534	287.000000
886.647644	227.000000
886.835815	240.000000
887.023987	278.000000
887.212158	265.000000
887.400330	223.000000
887.588501	231.000000
887.776672	280.000000
887.964783	270.000000
888.152954	228.000000
888.341125	244.000000
888.529297	254.000000
888.717468	270.000000
888.905640	228.000000
889.093750	220.000000
889.281921	273.000000
889.470093	251.000000
889.658264	250.000000
889.846436	224.000000
890.034546	276.000000
890.222717	262.000000
890.410889	228.000000
890.599060	232.000000
890.787109	277.000000
890.975220	290.000000
891.163391	239.000000
891.351562	228.000000
891.539734	289.000000
891.727844	272.000000
891.916016	251.000000
892.104187	230.000000
892.292358	269.000000
892.480469	261.000000
892.668640	229.000000
892.856812	235.000000
893.044922	304.000000
893.233093	264.000000
893.421265	227.000000
893.609375	224.000000
893.797546	285.000000
893.985718	272.000000
894.173828	226.000000
894.362000	248.000000
894.550171	281.000000
894.738281	275.000000
894.926453	255.000000
895.114624	240.000000
895.302734	273.000000
895.490906	267.000000
895.678894	225.000000
895.867065	231.000000
896.055237	274.000000
896.243347	297.000000
896.431519	228.000000
896.619629	224.000000
896.807800	278.000000
896.995972	270.000000
897.184082	237.000000
897.372253	217.000000
897.560364	280.000000
897.748535	292.000000
897.936646	225.000000
898.124817	230.000000
898.312927	292.000000
898.501099	269.000000
898.689209	244.000000
898.877380	227.000000
899.065491	279.000000
899.253662	255.000000
899.441772	232.000000
899.629944	238.000000
899.818054	251.000000
900.006226	262.000000
900.194336	227.000000
900.382507	226.000000
900.570496	276.000000
900.758667	274.000000
900.946777	258.000000
901.134888	230.000000
901.323059	271.000000
901.511169	259.000000
901.699341	222.000000
901.887451	232.000000
902.075562	261.000000
902.263733	291.000000
902.451843	222.000000
902.640015	230.000000
902.828125	276.000000
903.016235	272.000000
903.204407	221.000000
903.392517	233.000000
903.580627	271.000000
903.768799	295.000000
903.956909	236.000000
904.145020	241.000000
904.333130	272.000000
904.521301	265.000000
904.709412	231.000000
904.897522	224.000000
905.085693	274.000000
905.273804	261.000000
905.461792	222.000000
905.649902	224.000000
905.838074	276.000000
906.026184	270.000000
906.214294	255.000000
906.402405	249.000000
906.590576	270.000000
906.778687	271.000000
906.966797	232.000000
907.154907	224.000000
907.343018	278.000000
907.531189	251.000000
907.719299	235.000000
907.907410	223.000000
908.095520	283.000000
908.283630	276.000000
908.471741	246.000000
908.659851	226.000000
908.848022	276.000000
909.036133	281.000000
909.224243	232.000000
909.412354	228.000000
909.600464	282.000000
909.788574	269.000000
909.976685	242.000000
910.164795	236.000000
910.352783	296.000000
910.540894	274.000000
910.729004	243.000000
910.917114	248.000000
911.105225	414.000000
911.293335	588.000000
911.481445	584.000000
911.669556	568.000000
911.857666	625.000000
912.045776	610.000000
912.233887	552.000000
912.421997	567.000000
912.610107	544.000000
912.798218	419.000000
912.986328	320.000000
913.174438	274.000000
913.362549	336.000000
913.550659	302.000000
913.738770	247.000000
913.926880	247.000000
914.114990	301.000000
914.303101	278.000000
914.491211	229.000000
914.679321	235.000000
914.867371	280.000000
915.055481	291.000000
915.243469	236.000000
915.431580	230.000000
915.619690	269.000000
915.807800	272.000000
915.995850	225.000000
916.183960	222.000000
916.372070	276.000000
916.560181	283.000000
916.748291	220.000000
916.936340	252.000000
917.124451	276.000000
917.312561	276.000000
917.500671	264.000000
917.688721	230.000000
917.876831	265.000000
918.064941	279.000000
918.253052	240.000000
918.441101	231.000000
918.629211	297.000000
918.817322	288.000000
919.005371	231.000000
919.193481	243.000000
919.381592	284.000000
919.569641	254.000000
919.757751	222.000000
919.945862	236.000000
920.133789	263.000000
920.321899	288.000000
920.509949	228.000000
920.698059	236.000000
920.886169	279.000000
921.074219	278.000000
921.262329	270.000000
921.450378	292.000000
921.638489	349.000000
921.826538	346.000000
922.014648	310.000000
922.202759	320.000000
922.390808	331.000000
922.578918	357.000000
922.766968	298.000000
922.955078	269.000000
923.143127	312.000000
923.331238	292.000000
923.519287	238.000000
923.707336	259.000000
923.895447	278.000000
924.083496	262.000000
924.271606	243.000000
924.459656	226.000000
924.647766	273.000000
924.835815	280.000000
925.023743	220.000000
925.211853	242.000000
925.399902	285.000000
925.588013	274.000000
925.776062	256.000000
925.964111	258.000000
926.152222	282.000000
926.340271	268.000000
926.528320	233.000000
926.716370	238.000000
926.904480	279.000000
927.092529	269.000000
927.280579	231.000000
927.468689	238.000000
927.656738	286.000000
927.844788	271.000000
928.032837	253.000000
928.220947	233.000000
928.408997	262.000000
928.597046	270.000000
928.785095	258.000000
928.973145	222.000000
929.161255	264.000000
929.349304	272.000000
929.537354	251.000000
929.725403	235.000000
929.913330	272.000000
930.101379	276.000000
930.289429	223.000000
930.477539	222.000000
930.665588	276.000000
930.853638	261.000000
931.041687	243.000000
931.229736	228.000000
931.417786	283.000000
931.605835	272.000000
931.793884	232.000000
931.981934	234.000000
932.169983	277.000000
932.358032	272.000000
932.546082	230.000000
932.734131	254.000000
932.922180	283.000000
933.110229	283.000000
933.298279	230.000000
933.486328	219.000000
933.674377	266.000000
933.862427	267.000000
934.050476	256.000000
934.238525	220.000000
934.426575	291.000000
934.614563	276.000000
934.802490	231.000000
934.990540	235.000000
935.178589	277.000000
935.366638	270.000000
935.554687	249.000000
935.742676	244.000000
935.930725	276.000000
936.118774	299.000000
936.306824	236.000000
936.494873	222.000000
936.682861	267.000000
936.870911	267.000000
937.058960	227.000000
937.247009	234.000000
937.434998	284.000000
937.623047	259.000000
937.811096	224.000000
937.999146	236.000000
938.187134	271.000000
938.375183	267.000000
938.563232	232.000000
938.751221	234.000000
938.939270	286.000000
939.127258	275.000000
939.315308	224.000000
939.503357	250.000000
939.691223	271.000000
939.879272	260.000000
940.067261	231.000000
940.255310	240.000000
940.443359	274.000000
940.631348	295.000000
940.819397	247.000000
941.007385	223.000000
941.195435	290.000000
941.383423	263.000000
941.571472	237.000000
941.759460	260.000000
941.947510	277.000000
942.135498	260.000000
942.323486	242.000000
942.511536	236.000000
942.699524	273.000000
942.887573	279.000000
943.075562	237.000000
943.263550	220.000000
943.451599	268.000000
943.639587	260.000000
943.827637	220.000000
944.015625	264.000000
944.203613	291.000000
944.391663	260.000000
944.579529	232.000000
944.767517	238.000000
944.955505	272.000000
945.143555	285.000000
945.331543	245.000000
945.519531	228.000000
945.707520	258.000000
945.895569	268.000000
946.083557	234.000000
946.271545	246.000000
946.459534	272.000000
946.647522	280.000000
946.835571	232.000000
947.023560	231.000000
947.211548	269.000000
947.399536	268.000000
947.587524	244.000000
947.775513	238.000000
947.963501	285.000000
948.151489	271.000000
948.339478	244.000000
948.527527	226.000000
948.715515	269.000000
948.903503	278.000000
949.091492	242.000000
949.279480	221.000000
949.467346	274.000000
949.655334	268.000000
949.843323	248.000000
950.031311	234.000000
950.219299	274.000000
950.407227	254.000000
950.595215	221.000000
950.783203	241.000000
950.971191	259.000000
951.159180	256.000000
951.347168	226.000000
951.535156	226.000000
951.723145	275.000000
951.911133	286.000000
952.099060	221.000000
952.287048	235.000000
952.475037	279.000000
952.663025	260.000000
952.851013	236.000000
953.038940	239.000000
953.226929	272.000000
953.414917	264.000000
953.602905	236.000000
953.790833	244.000000
953.978821	277.000000
954.166809	266.000000
954.354614	247.000000
954.542603	234.000000
954.730591	280.000000
954.918518	268.000000
955.106506	226.000000
955.294495	243.000000
955.482422	262.000000
955.670410	263.000000
955.858337	247.000000
956.046326	246.000000
956.234253	268.000000
956.422241	269.000000
956.610168	223.000000
956.798157	230.000000
956.986084	288.000000
957.174072	245.000000
957.362000	227.000000
957.549988	245.000000
957.737915	268.000000
957.925903	278.000000
958.113831	228.000000
958.301819	233.000000
958.489746	261.000000
958.677673	271.000000
958.865662	249.000000
959.053589	238.000000
959.241455	267.000000
959.429382	245.000000
959.617310	240.000000
959.805237	229.000000
959.993225	266.000000
960.181152	265.000000
960.369080	231.000000
960.557068	235.000000
960.744995	257.000000
960.932922	257.000000
961.120850	237.000000
961.308777	240.000000
961.496765	263.000000
961.684692	262.000000
961.872620	239.000000
962.060547	227.000000
962.248474	273.000000
962.436401	263.000000
962.624329	244.000000
962.812317	228.000000
963.000244	277.000000
963.188171	257.000000
963.376099	239.000000
963.564026	233.000000
963.751953	282.000000
963.939880	267.000000
964.127686	230.000000
964.315613	250.000000
964.503540	290.000000
964.691467	305.000000
964.879395	296.000000
965.067322	296.000000
965.255249	324.000000
965.443115	342.000000
965.631042	297.000000
965.818970	280.000000
966.006897	315.000000
966.194824	338.000000
966.382751	280.000000
966.570679	257.000000
966.758545	275.000000
966.946472	269.000000
967.134399	255.000000
967.322327	225.000000
967.510193	272.000000
967.698120	261.000000
967.886047	223.000000
968.073975	235.000000
968.261841	268.000000
968.449768	262.000000
968.637695	234.000000
968.825562	234.000000
969.013367	281.000000
969.201294	267.000000
969.389160	237.000000
969.577087	244.000000
969.764954	272.000000
969.952881	249.000000
970.140747	237.000000
970.328674	239.000000
970.516602	260.000000
970.704468	277.000000
970.892395	254.000000
971.080261	234.000000
971.268188	278.000000
971.456055	261.000000
971.643921	230.000000
971.831848	256.000000
972.019714	263.000000
972.207642	273.000000
972.395508	236.000000
972.583374	229.000000
972.771301	266.000000
972.959167	271.000000
973.147034	239.000000
973.334961	229.000000
973.522827	261.000000
973.710693	261.000000
973.898499	236.000000
974.086365	235.000000
974.274231	266.000000
974.462097	260.000000
974.649963	236.000000
974.837891	231.000000
975.025757	267.000000
975.213623	258.000000
975.401489	231.000000
975.589355	244.000000
975.777222	262.000000
975.965088	250.000000
976.153015	266.000000
976.340881	237.000000
976.528748	264.000000
976.716614	274.000000
976.904480	223.000000
977.092346	248.000000
977.280212	266.000000
977.468079	274.000000
977.655945	251.000000
977.843811	249.000000
978.031677	260.000000
978.219543	264.000000
978.407349	239.000000
978.595215	241.000000
978.782959	296.000000
978.970825	283.000000
979.158691	234.000000
979.346558	226.000000
979.534424	292.000000
979.722229	283.000000
979.910095	248.000000
980.097961	251.000000
980.285828	281.000000
980.473633	253.000000
980.661499	238.000000
980.849365	239.000000
981.037231	264.000000
981.225037	260.000000
981.412903	232.000000
981.600769	229.000000
981.788574	275.000000
981.976440	276.000000
982.164246	236.000000
982.352112	236.000000
982.539978	262.000000
982.727783	252.000000
982.915649	242.000000
983.103455	254.000000
983.291321	263.000000
983.479126	260.000000
983.666870	244.000000
983.854675	232.000000
984.042542	273.000000
984.230347	264.000000
984.418152	226.000000
984.606018	248.000000
984.793823	269.000000
984.981689	245.000000
985.169495	240.000000
985.357300	233.000000
985.545166	275.000000
985.732971	269.000000
985.920776	262.000000
986.108582	232.000000
986.296448	270.000000
986.484253	282.000000
986.672058	237.000000
986.859863	233.000000
987.047668	256.000000
987.235535	259.000000
987.423340	252.000000
987.611145	239.000000
987.798950	271.000000
987.986755	264.000000
988.174561	240.000000
988.362366	238.000000
988.550049	265.000000
988.737854	266.000000
988.925659	228.000000
989.113464	236.000000
989.301270	272.000000
989.489075	265.000000
989.676880	235.000000
989.864685	244.000000
990.052490	261.000000
990.240295	280.000000
990.428101	228.000000
990.615906	223.000000
990.803711	278.000000
990.991516	273.000000
991.179321	247.000000
991.367065	241.000000
991.554871	264.000000
991.742676	257.000000
991.930481	231.000000
992.118225	237.000000
992.306030	260.000000
992.493835	276.000000
992.681641	239.000000
992.869385	260.000000
993.057190	272.000000
993.244995	256.000000
993.432617	235.000000
993.620422	224.000000
993.808167	284.000000
993.995972	259.000000
994.183777	241.000000
994.371521	230.000000
994.559326	278.000000
994.747070	268.000000
994.934875	239.000000
995.122620	228.000000
995.310425	280.000000
995.498169	262.000000
995.685974	228.000000
995.873718	231.000000
996.061462	263.000000
996.249268	255.000000
996.437012	238.000000
996.624756	226.000000
996.812561	260.000000
997.000305	255.000000
997.188049	247.000000
997.375854	232.000000
997.563599	274.000000
997.751343	263.000000
997.939087	224.000000
998.126892	244.000000
998.314514	260.000000
998.502258	248.000000
998.690002	231.000000
998.877747	237.000000
999.065491	262.000000
999.253235	263.000000
999.440979	248.000000
999.628784	237.000000
999.816528	272.000000
1000.004272	246.000000
1000.192017	0.000000
1000.379761	0.000000
1000.567505	0.000000
1000.755249	0.000000
1000.942993	0.000000
1001.130676	0.000000
1001.318420	0.000000
1001.506165	0.000000
1001.693909	0.000000
1001.881653	0.000000
1002.069397	0.000000
1002.257141	0.000000
1002.444824	0.000000
1002.632568	0.000000
1002.820312	0.000000
1003.008057	0.000000
1003.195679	0.000000
1003.383362	0.000000
1003.571106	0.000000
1003.758850	0.000000
1003.946533	0.000000
1004.134277	0.000000
1004.322021	0.000000
1004.509705	0.000000
1004.697449	0.000000
1004.885132	0.000000
1005.072876	0.000000
1005.260559	0.000000
1005.448303	0.000000
1005.635986	0.000000
1005.823730	0.000000
1006.011414	0.000000
1006.199158	0.000000
1006.386841	0.000000
1006.574585	0.000000
1006.762268	0.000000
1006.949951	0.000000
1007.137695	0.000000
1007.325378	0.000000
1007.513062	0.000000
1007.700806	0.000000
1007.888489	0.000000
1008.076050	0.000000
1008.263794	0.000000
1008.451477	0.000000
1008.639160	0.000000
1008.826843	0.000000
1009.014526	0.000000
1009.202271	0.000000
1009.389954	0.000000
1009.577637	0.000000
1009.765320	0.000000
1009.953003	0.000000
1010.140686	0.000000
1010.328369	0.000000
1010.516052	0.000000
1010.703735	0.000000
1010.891418	0.000000
1011.079102	0.000000
1011.266785	0.000000
1011.454468	0.000000
1011.642151	0.000000
1011.829834	0.000000
1012.017517	0.000000
1012.205139	0.000000
1012.392822	0.000000
1012.580505	0.000000
1012.768188	0.000000
1012.955750	0.000000
1013.143372	0.000000
1013.331055	0.000000
1013.518738	0.000000
1013.706421	0.000000
1013.894043	0.000000
1014.081726	0.000000
1014.269409	0.000000
1014.457031	0.000000
1014.644714	0.000000
1014.832336	0.000000
1015.020020	0.000000
1015.207703	0.000000
