333.051300	0.000000
333.235016	0.000000
333.418732	0.000000
333.602448	0.000000
333.786163	0.000000
333.969879	0.000000
334.153625	0.000000
334.337372	0.000000
334.521088	0.000000
334.704834	0.000000
334.888550	0.000000
335.072327	0.000000
335.256073	0.000000
335.439819	0.000000
335.623596	0.000000
335.807343	0.000000
335.991119	0.000000
336.174866	0.000000
336.358643	0.000000
336.542419	0.000000
336.726196	0.000000
336.909973	0.000000
337.093750	0.000000
337.277527	0.000000
337.461304	0.000000
337.645111	0.000000
337.828918	0.000000
338.012726	0.000000
338.196533	0.000000
338.380341	0.000000
338.564117	0.000000
338.747925	0.000000
338.931763	0.000000
339.115570	0.000000
339.299408	0.000000
339.483215	0.000000
339.667023	0.000000
339.850861	0.000000
340.034698	0.000000
340.218536	0.000000
340.402405	0.000000
340.586243	0.000000
340.770111	0.000000
340.953918	0.000000
341.137787	0.000000
341.321655	0.000000
341.505524	0.000000
341.689392	0.000000
341.873260	0.000000
342.057098	0.000000
342.240967	0.000000
342.424866	0.000000
342.608734	0.000000
342.792633	0.000000
342.976532	0.000000
343.160431	0.000000
343.344299	0.000000
343.528198	0.000000
343.712097	0.000000
343.895996	0.000000
344.079926	0.000000
344.263824	0.000000
344.447723	0.000000
344.631653	0.000000
344.815552	0.000000
344.999481	0.000000
345.183411	0.000000
345.367371	0.000000
345.551300	0.000000
345.735199	0.000000
345.919159	0.000000
346.103088	0.000000
346.287048	0.000000
346.471008	0.000000
346.654968	0.000000
346.838898	0.000000
347.022858	0.000000
347.206818	0.000000
347.390778	0.000000
347.574768	0.000000
347.758728	0.000000
347.942719	0.000000
348.126678	0.000000
348.310669	0.000000
348.494659	0.000000
348.678650	0.000000
348.862640	0.000000
349.046631	0.000000
349.230591	0.000000
349.414612	0.000000
349.598602	0.000000
349.782623	0.000000
349.966644	232.000000
350.150665	282.000000
350.334686	289.000000
350.518677	252.000000
350.702698	243.000000
350.886749	279.000000
351.070770	267.000000
351.254822	240.000000
351.438843	248.000000
351.622864	283.000000
351.806915	266.000000
351.990967	266.000000
352.175018	252.000000
352.359070	275.000000
352.543121	287.000000
352.727203	239.000000
352.911224	262.000000
353.095306	295.000000
353.279358	262.000000
353.463440	239.000000
353.647522	253.000000
353.831604	286.000000
354.015656	269.000000
354.199738	247.000000
354.383850	239.000000
354.567932	283.000000
354.752045	296.000000
354.936127	248.000000
355.120239	250.000000
355.304321	291.000000
355.488434	280.000000
355.672546	249.000000
355.856659	255.000000
356.040771	277.000000
356.224915	272.000000
356.408997	247.000000
356.593140	245.000000
356.777252	287.000000
356.961395	286.000000
357.145538	245.000000
357.329681	252.000000
357.513824	275.000000
357.697937	268.000000
357.882111	237.000000
358.066254	259.000000
358.250397	271.000000
358.434570	275.000000
358.618744	258.000000
358.802887	246.000000
358.987061	263.000000
359.171234	292.000000
359.355408	258.000000
359.539581	245.000000
359.723755	292.000000
359.907959	278.000000
360.092102	245.000000
360.276306	248.000000
360.460510	278.000000
360.644684	274.000000
360.828888	256.000000
361.013092	251.000000
361.197296	299.000000
361.381500	306.000000
361.565704	243.000000
361.749939	229.000000
361.934143	283.000000
362.118378	275.000000
362.302612	240.000000
362.486786	240.000000
362.671021	281.000000
362.855255	285.000000
363.039520	240.000000
363.223755	242.000000
363.407990	268.000000
363.592224	274.000000
363.776459	248.000000
363.960724	247.000000
364.144989	283.000000
364.329254	273.000000
364.513519	263.000000
364.697784	238.000000
364.882019	279.000000
365.066284	276.000000
365.250580	244.000000
365.434845	243.000000
365.619141	270.000000
365.803436	283.000000
365.987701	240.000000
366.171967	234.000000
366.356262	283.000000
366.540558	282.000000
366.724884	245.000000
366.909180	260.000000
367.093445	290.000000
367.277771	282.000000
367.462097	246.000000
367.646393	251.000000
367.830719	280.000000
368.015045	276.000000
368.199371	244.000000
368.383698	235.000000
368.567993	289.000000
368.752350	268.000000
368.936676	228.000000
369.121033	251.000000
369.305359	282.000000
369.489685	288.000000
369.674042	250.000000
369.858398	266.000000
370.042755	282.000000
370.227112	267.000000
370.411469	237.000000
370.595856	240.000000
370.780212	283.000000
370.964569	297.000000
371.148926	248.000000
371.333313	251.000000
371.517700	275.000000
371.702087	263.000000
371.886444	246.000000
372.070831	249.000000
372.255219	257.000000
372.439636	295.000000
372.624023	242.000000
372.808441	254.000000
372.992828	284.000000
373.177246	280.000000
373.361633	243.000000
373.546051	248.000000
373.730469	283.000000
373.914886	275.000000
374.099304	252.000000
374.283722	236.000000
374.468140	274.000000
374.652588	272.000000
374.837006	232.000000
375.021454	239.000000
375.205902	284.000000
375.390350	276.000000
375.574799	263.000000
375.759216	236.000000
375.943665	260.000000
376.128143	283.000000
376.312592	266.000000
376.497070	252.000000
376.681488	291.000000
376.865967	278.000000
377.050446	244.000000
377.234924	235.000000
377.419403	277.000000
377.603882	294.000000
377.788361	245.000000
377.972870	246.000000
378.157318	272.000000
378.341827	263.000000
378.526306	259.000000
378.710815	240.000000
378.895325	286.000000
379.079803	275.000000
379.264313	255.000000
379.448822	261.000000
379.633331	298.000000
379.817841	287.000000
380.002380	242.000000
380.186890	250.000000
380.371429	291.000000
380.555939	258.000000
380.740479	243.000000
380.924988	248.000000
381.109528	287.000000
381.294098	289.000000
381.478607	244.000000
381.663147	247.000000
381.847717	290.000000
382.032257	291.000000
382.216827	242.000000
382.401367	248.000000
382.585937	287.000000
382.770508	283.000000
382.955048	265.000000
383.139618	244.000000
383.324188	277.000000
383.508789	286.000000
383.693359	252.000000
383.877930	258.000000
384.062500	306.000000
384.247101	290.000000
384.431702	263.000000
384.616302	265.000000
384.800903	300.000000
384.985504	311.000000
385.170105	248.000000
385.354675	256.000000
385.539276	294.000000
385.723907	304.000000
385.908508	266.000000
386.093140	260.000000
386.277740	332.000000
386.462372	313.000000
386.647003	273.000000
386.831635	299.000000
387.016266	364.000000
387.200897	446.000000
387.385559	632.000000
387.570190	759.000000
387.754791	920.000000
387.939453	1087.000000
388.124115	1168.000000
388.308777	1225.000000
388.493439	1223.000000
388.678070	1123.000000
388.862732	961.000000
389.047394	765.000000
389.232056	545.000000
389.416748	358.000000
389.601410	278.000000
389.786102	275.000000
389.970795	300.000000
390.155426	297.000000
390.340118	272.000000
390.524811	258.000000
390.709503	291.000000
390.894196	307.000000
391.078888	246.000000
391.263580	243.000000
391.448303	303.000000
391.632996	288.000000
391.817719	256.000000
392.002441	271.000000
392.187134	302.000000
392.371857	283.000000
392.556549	256.000000
392.741302	246.000000
392.926025	318.000000
393.110748	277.000000
393.295502	239.000000
393.480194	254.000000
393.664948	288.000000
393.849670	307.000000
394.034424	268.000000
394.219177	265.000000
394.403931	280.000000
394.588684	290.000000
394.773468	242.000000
394.958191	257.000000
395.142944	298.000000
395.327728	304.000000
395.512482	293.000000
395.697266	275.000000
395.882019	331.000000
396.066803	328.000000
396.251587	297.000000
396.436371	289.000000
396.621155	303.000000
396.805939	298.000000
396.990723	264.000000
397.175537	250.000000
397.360291	289.000000
397.545105	287.000000
397.729919	237.000000
397.914703	247.000000
398.099518	284.000000
398.284302	279.000000
398.469116	248.000000
398.653961	256.000000
398.838776	294.000000
399.023590	296.000000
399.208435	246.000000
399.393250	240.000000
399.578094	315.000000
399.762909	298.000000
399.947754	267.000000
400.132599	250.000000
400.317444	300.000000
400.502289	292.000000
400.687103	261.000000
400.871948	266.000000
401.056824	289.000000
401.241669	350.000000
401.426544	322.000000
401.611420	323.000000
401.796265	404.000000
401.981140	395.000000
402.165985	352.000000
402.350861	347.000000
402.535767	384.000000
402.720642	357.000000
402.905518	315.000000
403.090393	274.000000
403.275269	283.000000
403.460175	298.000000
403.645081	246.000000
403.829956	238.000000
404.014862	274.000000
404.199768	274.000000
404.384674	268.000000
404.569580	255.000000
404.754486	303.000000
404.939392	287.000000
405.124329	244.000000
405.309235	251.000000
405.494141	282.000000
405.679077	286.000000
405.864014	242.000000
406.048950	239.000000
406.233887	305.000000
406.418823	281.000000
406.603760	248.000000
406.788696	253.000000
406.973633	271.000000
407.158569	291.000000
407.343536	255.000000
407.528473	247.000000
407.713440	295.000000
407.898376	283.000000
408.083344	257.000000
408.268311	232.000000
408.453278	292.000000
408.638275	288.000000
408.823242	230.000000
409.008209	256.000000
409.193207	278.000000
409.378143	274.000000
409.563141	252.000000
409.748138	255.000000
409.933136	286.000000
410.118134	282.000000
410.303101	260.000000
410.488098	243.000000
410.673096	308.000000
410.858124	301.000000
411.043121	261.000000
411.228149	267.000000
411.413147	323.000000
411.598175	299.000000
411.783173	265.000000
411.968201	272.000000
412.153229	298.000000
412.338257	297.000000
412.523285	240.000000
412.708282	223.000000
412.893341	303.000000
413.078369	291.000000
413.263428	234.000000
413.448456	246.000000
413.633514	305.000000
413.818573	284.000000
414.003632	242.000000
414.188660	240.000000
414.373718	294.000000
414.558777	289.000000
414.743835	235.000000
414.928925	271.000000
415.113953	305.000000
415.299042	304.000000
415.484100	243.000000
415.669189	237.000000
415.854279	295.000000
416.039368	282.000000
416.224457	232.000000
416.409546	235.000000
416.594604	288.000000
416.779694	291.000000
416.964813	244.000000
417.149902	238.000000
417.335022	299.000000
417.520081	298.000000
417.705200	244.000000
417.890320	253.000000
418.075439	281.000000
418.260559	303.000000
418.445679	245.000000
418.630798	251.000000
418.815918	277.000000
419.001038	284.000000
419.186157	240.000000
419.371307	243.000000
419.556427	298.000000
419.741577	292.000000
419.926697	238.000000
420.111847	246.000000
420.296997	300.000000
420.482147	275.000000
420.667297	236.000000
420.852448	233.000000
421.037628	296.000000
421.222778	289.000000
421.407928	240.000000
421.593079	235.000000
421.778259	304.000000
421.963440	298.000000
422.148621	242.000000
422.333771	243.000000
422.518951	324.000000
422.704132	286.000000
422.889313	267.000000
423.074493	230.000000
423.259705	279.000000
423.444885	268.000000
423.630096	260.000000
423.815277	240.000000
424.000458	312.000000
424.185669	304.000000
424.370880	237.000000
424.556091	244.000000
424.741272	291.000000
424.926514	305.000000
425.111725	244.000000
425.296936	241.000000
425.482178	309.000000
425.667389	286.000000
425.852631	242.000000
426.037872	241.000000
426.223083	307.000000
426.408325	287.000000
426.593567	235.000000
426.778809	266.000000
426.964050	305.000000
427.149261	296.000000
427.334534	280.000000
427.519775	267.000000
427.705048	302.000000
427.890289	322.000000
428.075562	290.000000
428.260834	261.000000
428.446106	305.000000
428.631348	320.000000
428.816620	256.000000
429.001892	274.000000
429.187164	311.000000
429.372467	299.000000
429.557709	262.000000
429.743011	253.000000
429.928284	322.000000
430.113586	312.000000
430.298889	273.000000
430.484161	260.000000
430.669464	325.000000
430.854767	320.000000
431.040070	260.000000
431.225372	254.000000
431.410675	305.000000
431.596008	289.000000
431.781311	259.000000
431.966614	232.000000
432.151917	307.000000
432.337250	280.000000
432.522583	244.000000
432.707916	257.000000
432.893250	321.000000
433.078583	324.000000
433.263916	251.000000
433.449219	262.000000
433.634583	332.000000
433.819916	295.000000
434.005280	261.000000
434.190613	248.000000
434.375946	304.000000
434.561310	319.000000
434.746674	253.000000
434.932037	226.000000
435.117401	306.000000
435.302765	310.000000
435.488129	247.000000
435.673492	253.000000
435.858856	310.000000
436.044220	288.000000
436.229614	244.000000
436.415009	240.000000
436.600372	318.000000
436.785736	292.000000
436.971130	246.000000
437.156525	236.000000
437.341919	298.000000
437.527313	310.000000
437.712738	280.000000
437.898132	280.000000
438.083527	339.000000
438.268921	340.000000
438.454346	364.000000
438.639740	292.000000
438.825165	345.000000
439.010590	328.000000
439.195984	248.000000
439.381409	244.000000
439.566833	301.000000
439.752258	292.000000
439.937683	243.000000
440.123138	254.000000
440.308563	311.000000
440.494019	296.000000
440.679413	251.000000
440.864868	247.000000
441.050323	319.000000
441.235779	303.000000
441.421234	257.000000
441.606659	254.000000
441.792114	342.000000
441.977570	299.000000
442.163055	244.000000
442.348511	246.000000
442.533997	298.000000
442.719452	300.000000
442.904938	252.000000
443.090393	267.000000
443.275848	306.000000
443.461334	306.000000
443.646820	248.000000
443.832306	250.000000
444.017792	316.000000
444.203278	301.000000
444.388763	251.000000
444.574280	296.000000
444.759766	359.000000
444.945282	348.000000
445.130768	304.000000
445.316284	289.000000
445.501770	395.000000
445.687286	430.000000
445.872803	584.000000
446.058319	985.000000
446.243835	1328.000000
446.429321	1607.000000
446.614868	1798.000000
446.800385	1780.000000
446.985931	1615.000000
447.171448	1355.000000
447.356995	856.000000
447.542542	436.000000
447.728088	340.000000
447.913605	323.000000
448.099152	267.000000
448.284698	263.000000
448.470245	336.000000
448.655792	320.000000
448.841339	252.000000
449.026886	254.000000
449.212463	305.000000
449.398010	316.000000
449.583588	256.000000
449.769165	242.000000
449.954712	313.000000
450.140289	305.000000
450.325836	232.000000
450.511444	246.000000
450.697021	282.000000
450.882599	313.000000
451.068176	237.000000
451.253754	248.000000
451.439331	296.000000
451.624939	311.000000
451.810547	254.000000
451.996124	235.000000
452.181732	308.000000
452.367340	282.000000
452.552948	233.000000
452.738525	243.000000
452.924164	295.000000
453.109772	290.000000
453.295380	258.000000
453.481018	248.000000
453.666595	294.000000
453.852234	289.000000
454.037842	246.000000
454.223480	252.000000
454.409119	308.000000
454.594757	307.000000
454.780396	257.000000
454.966034	253.000000
455.151642	302.000000
455.337311	302.000000
455.522949	253.000000
455.708588	237.000000
455.894257	309.000000
456.079865	287.000000
456.265533	260.000000
456.451202	252.000000
456.636871	314.000000
456.822540	295.000000
457.008209	253.000000
457.193878	239.000000
457.379547	290.000000
457.565186	292.000000
457.750854	241.000000
457.936554	250.000000
458.122223	298.000000
458.307922	289.000000
458.493591	236.000000
458.679260	230.000000
458.864960	305.000000
459.050659	286.000000
459.236359	245.000000
459.422058	252.000000
459.607758	311.000000
459.793457	308.000000
459.979156	233.000000
460.164856	242.000000
460.350586	296.000000
460.536285	287.000000
460.722015	245.000000
460.907715	245.000000
461.093414	281.000000
461.279144	301.000000
461.464874	241.000000
461.650604	234.000000
461.836334	302.000000
462.022064	308.000000
462.207825	241.000000
462.393555	237.000000
462.579285	305.000000
462.765015	307.000000
462.950775	243.000000
463.136475	241.000000
463.322235	299.000000
463.507996	304.000000
463.693756	252.000000
463.879517	234.000000
464.065277	313.000000
464.251038	300.000000
464.436798	252.000000
464.622589	255.000000
464.808350	308.000000
464.994110	301.000000
465.179871	265.000000
465.365662	265.000000
465.551422	309.000000
465.737183	310.000000
465.922974	237.000000
466.108765	229.000000
466.294556	312.000000
466.480347	297.000000
466.666168	230.000000
466.851959	241.000000
467.037750	291.000000
467.223572	301.000000
467.409332	251.000000
467.595154	239.000000
467.780975	313.000000
467.966736	290.000000
468.152557	246.000000
468.338379	247.000000
468.524200	318.000000
468.710022	302.000000
468.895844	245.000000
469.081696	267.000000
469.267517	295.000000
469.453339	313.000000
469.639191	256.000000
469.824982	252.000000
470.010834	339.000000
470.196686	404.000000
470.382507	467.000000
470.568329	514.000000
470.754181	638.000000
470.940033	650.000000
471.125916	544.000000
471.311768	522.000000
471.497620	435.000000
471.683472	343.000000
471.869354	269.000000
472.055206	288.000000
472.241058	287.000000
472.426910	296.000000
472.612793	263.000000
472.798645	250.000000
472.984528	308.000000
473.170410	299.000000
473.356293	233.000000
473.542175	256.000000
473.728058	310.000000
473.913971	283.000000
474.099854	261.000000
474.285736	247.000000
474.471649	288.000000
474.657532	326.000000
474.843414	268.000000
475.029327	253.000000
475.215210	301.000000
475.401123	297.000000
475.587036	232.000000
475.772949	236.000000
475.958862	292.000000
476.144775	283.000000
476.330719	244.000000
476.516632	237.000000
476.702545	284.000000
476.888489	292.000000
477.074402	240.000000
477.260315	236.000000
477.446259	309.000000
477.632172	282.000000
477.818115	247.000000
478.004059	249.000000
478.190002	312.000000
478.375946	295.000000
478.561890	243.000000
478.747864	228.000000
478.933807	295.000000
479.119751	300.000000
479.305725	237.000000
479.491669	237.000000
479.677612	287.000000
479.863586	299.000000
480.049530	237.000000
480.235504	230.000000
480.421478	289.000000
480.607452	292.000000
480.793427	251.000000
480.979401	249.000000
481.165405	300.000000
481.351379	299.000000
481.537354	248.000000
481.723358	234.000000
481.909332	308.000000
482.095306	295.000000
482.281311	250.000000
482.467285	249.000000
482.653290	291.000000
482.839294	295.000000
483.025299	249.000000
483.211304	252.000000
483.397308	291.000000
483.583344	309.000000
483.769348	238.000000
483.955353	246.000000
484.141388	301.000000
484.327393	298.000000
484.513397	238.000000
484.699432	232.000000
484.885437	321.000000
485.071472	310.000000
485.257507	302.000000
485.443542	307.000000
485.629578	371.000000
485.815613	377.000000
486.001648	309.000000
486.187714	299.000000
486.373749	315.000000
486.559814	302.000000
486.745819	249.000000
486.931885	244.000000
487.117950	299.000000
487.303986	295.000000
487.490051	251.000000
487.676117	244.000000
487.862183	278.000000
488.048248	308.000000
488.234314	238.000000
488.420380	254.000000
488.606445	308.000000
488.792542	297.000000
488.978607	252.000000
489.164673	244.000000
489.350769	305.000000
489.536835	312.000000
489.722900	260.000000
489.908997	245.000000
490.095093	305.000000
490.281189	344.000000
490.467285	271.000000
490.653381	287.000000
490.839508	315.000000
491.025604	378.000000
491.211700	473.000000
491.397827	649.000000
491.583893	859.000000
491.770020	955.000000
491.956146	850.000000
492.142212	719.000000
492.328339	520.000000
492.514465	371.000000
492.700592	271.000000
492.886719	255.000000
493.072845	311.000000
493.258972	285.000000
493.445129	248.000000
493.631256	242.000000
493.817413	332.000000
494.003510	304.000000
494.189667	244.000000
494.375793	254.000000
494.561920	306.000000
494.748077	299.000000
494.934235	240.000000
495.120392	248.000000
495.306549	303.000000
495.492706	309.000000
495.678864	250.000000
495.865021	251.000000
496.051178	295.000000
496.237366	306.000000
496.423492	250.000000
496.609680	260.000000
496.795837	295.000000
496.981995	293.000000
497.168182	250.000000
497.354370	251.000000
497.540558	302.000000
497.726746	293.000000
497.912933	252.000000
498.099121	263.000000
498.285309	313.000000
498.471497	294.000000
498.657715	275.000000
498.843872	243.000000
499.030090	337.000000
499.216278	320.000000
499.402466	259.000000
499.588654	270.000000
499.774872	351.000000
499.961090	360.000000
500.147308	317.000000
500.333527	410.000000
500.519745	783.000000
500.705963	1417.000000
500.892181	2030.000000
501.078430	2536.000000
501.264618	2588.000000
501.450836	2170.000000
501.637085	1349.000000
501.823303	614.000000
502.009521	396.000000
502.195770	376.000000
502.382019	290.000000
502.568268	280.000000
502.754486	330.000000
502.940735	323.000000
503.127014	257.000000
503.313263	262.000000
503.499512	322.000000
503.685730	337.000000
503.872009	308.000000
504.058258	320.000000
504.244507	427.000000
504.430756	406.000000
504.617035	344.000000
504.803314	324.000000
504.989563	332.000000
505.175842	306.000000
505.362122	282.000000
505.548401	246.000000
505.734680	291.000000
505.920959	302.000000
506.107239	250.000000
506.293518	256.000000
506.479797	316.000000
506.666077	312.000000
506.852356	259.000000
507.038666	263.000000
507.224945	327.000000
507.411255	308.000000
507.597565	263.000000
507.783875	260.000000
507.970184	311.000000
508.156494	315.000000
508.342804	249.000000
508.529083	267.000000
508.715393	313.000000
508.901703	310.000000
509.088013	241.000000
509.274323	252.000000
509.460663	291.000000
509.646973	291.000000
509.833313	272.000000
510.019653	258.000000
510.205963	299.000000
510.392303	309.000000
510.578644	260.000000
510.764984	232.000000
510.951294	306.000000
511.137634	324.000000
511.324005	245.000000
511.510315	237.000000
511.696655	317.000000
511.883026	286.000000
512.069397	239.000000
512.255737	249.000000
512.442078	298.000000
512.628479	302.000000
512.814819	234.000000
513.001160	242.000000
513.187561	288.000000
513.373901	282.000000
513.560303	263.000000
513.746643	241.000000
513.932983	293.000000
514.119385	283.000000
514.305725	244.000000
514.492126	233.000000
514.678528	293.000000
514.864868	296.000000
515.051270	240.000000
515.237671	244.000000
515.424072	301.000000
515.610474	301.000000
515.796814	267.000000
515.983215	241.000000
516.169617	288.000000
516.356018	291.000000
516.542419	239.000000
516.728821	250.000000
516.915222	308.000000
517.101624	298.000000
517.288086	236.000000
517.474487	224.000000
517.660889	280.000000
517.847290	277.000000
518.033752	239.000000
518.220154	239.000000
518.406616	303.000000
518.593018	280.000000
518.779358	253.000000
518.965820	244.000000
519.152283	293.000000
519.338684	310.000000
519.525146	247.000000
519.711548	232.000000
519.898010	277.000000
520.084473	301.000000
520.270935	233.000000
520.457336	245.000000
520.643738	303.000000
520.830200	300.000000
521.016663	251.000000
521.203125	250.000000
521.389587	287.000000
521.576050	301.000000
521.762512	243.000000
521.948975	235.000000
522.135437	295.000000
522.321899	287.000000
522.508362	234.000000
522.694885	253.000000
522.881348	303.000000
523.067810	287.000000
523.254272	249.000000
523.440796	245.000000
523.627197	295.000000
523.813721	288.000000
524.000183	236.000000
524.186646	250.000000
524.373169	307.000000
524.559692	305.000000
524.746155	239.000000
524.932678	239.000000
525.119141	295.000000
525.305664	281.000000
525.492126	256.000000
525.678589	254.000000
525.865112	282.000000
526.051636	292.000000
526.238159	235.000000
526.424683	236.000000
526.611206	311.000000
526.797729	297.000000
526.984253	233.000000
527.170776	247.000000
527.357300	293.000000
527.543823	282.000000
527.730347	261.000000
527.916870	242.000000
528.103394	287.000000
528.289917	287.000000
528.476440	245.000000
528.662964	240.000000
528.849487	292.000000
529.036072	288.000000
529.222595	230.000000
529.409119	237.000000
529.595703	291.000000
529.782227	287.000000
529.968811	245.000000
530.155334	247.000000
530.341858	287.000000
530.528381	299.000000
530.714966	234.000000
530.901550	233.000000
531.088074	278.000000
531.274658	304.000000
531.461243	231.000000
531.647827	246.000000
531.834412	290.000000
532.020996	282.000000
532.207520	250.000000
532.394104	236.000000
532.580688	281.000000
532.767273	304.000000
532.953857	266.000000
533.140442	242.000000
533.327026	324.000000
533.513611	294.000000
533.700195	240.000000
533.886780	244.000000
534.073364	303.000000
534.260010	288.000000
534.446594	240.000000
534.633179	248.000000
534.819824	294.000000
535.006409	306.000000
535.192932	240.000000
535.379578	234.000000
535.566162	291.000000
535.752808	290.000000
535.939392	252.000000
536.126038	252.000000
536.312683	281.000000
536.499268	282.000000
536.685913	238.000000
536.872559	239.000000
537.059143	292.000000
537.245789	286.000000
537.432434	234.000000
537.619080	238.000000
537.805725	283.000000
537.992371	293.000000
538.178955	230.000000
538.365601	237.000000
538.552246	279.000000
538.738892	286.000000
538.925537	253.000000
539.112183	237.000000
539.298828	284.000000
539.485474	300.000000
539.672119	244.000000
539.858765	231.000000
540.045410	284.000000
540.232056	287.000000
540.418701	248.000000
540.605408	232.000000
540.792053	295.000000
540.978760	294.000000
541.165405	247.000000
541.352051	257.000000
541.538757	286.000000
541.725464	285.000000
541.912109	236.000000
542.098816	237.000000
542.285461	293.000000
542.472168	294.000000
542.658875	236.000000
542.845581	248.000000
543.032166	300.000000
543.218872	307.000000
543.405579	248.000000
543.592285	261.000000
543.778992	283.000000
543.965698	301.000000
544.152405	243.000000
544.339111	231.000000
544.525818	294.000000
544.712524	314.000000
544.899170	238.000000
545.085876	242.000000
545.272583	309.000000
545.459290	317.000000
545.645996	261.000000
545.832764	252.000000
546.019470	290.000000
546.206177	286.000000
546.392944	250.000000
546.579651	246.000000
546.766357	299.000000
546.953125	282.000000
547.139832	269.000000
547.326599	245.000000
547.513306	292.000000
547.700073	288.000000
547.886719	244.000000
548.073486	242.000000
548.260254	303.000000
548.446960	299.000000
548.633728	244.000000
548.820496	232.000000
549.007263	324.000000
549.193970	287.000000
549.380737	238.000000
549.567505	240.000000
549.754211	301.000000
549.940979	296.000000
550.127747	244.000000
550.314514	248.000000
550.501282	282.000000
550.688049	303.000000
550.874817	261.000000
551.061584	244.000000
551.248352	310.000000
551.435181	317.000000
551.621948	257.000000
551.808716	240.000000
551.995483	306.000000
552.182312	291.000000
552.369080	251.000000
552.555847	257.000000
552.742615	295.000000
552.929382	278.000000
553.116150	255.000000
553.302979	228.000000
553.489746	298.000000
553.676575	294.000000
553.863403	247.000000
554.050171	242.000000
554.237000	295.000000
554.423767	279.000000
554.610535	240.000000
554.797363	236.000000
554.984192	275.000000
555.170959	289.000000
555.357788	245.000000
555.544617	236.000000
555.731445	300.000000
555.918274	307.000000
556.105103	232.000000
556.291931	230.000000
556.478760	290.000000
556.665588	288.000000
556.852417	238.000000
557.039246	234.000000
557.226074	292.000000
557.412903	288.000000
557.599670	229.000000
557.786560	229.000000
557.973389	291.000000
558.160217	283.000000
558.347046	257.000000
558.533936	246.000000
558.720764	280.000000
558.907654	286.000000
559.094482	268.000000
559.281311	246.000000
559.468140	273.000000
559.654968	284.000000
559.841858	247.000000
560.028687	261.000000
560.215576	283.000000
560.402466	291.000000
560.589294	252.000000
560.776184	248.000000
560.963074	285.000000
561.149963	280.000000
561.336792	240.000000
561.523682	238.000000
561.710571	275.000000
561.897461	305.000000
562.084351	238.000000
562.271240	227.000000
562.458069	285.000000
562.644958	296.000000
562.831848	230.000000
563.018738	242.000000
563.205627	280.000000
563.392517	271.000000
563.579407	246.000000
563.766296	243.000000
563.953186	293.000000
564.140076	284.000000
564.326965	240.000000
564.513855	230.000000
564.700745	289.000000
564.887695	268.000000
565.074585	241.000000
565.261475	244.000000
565.448425	300.000000
565.635315	305.000000
565.822266	244.000000
566.009155	244.000000
566.196106	289.000000
566.382996	298.000000
566.569946	258.000000
566.756897	260.000000
566.943787	320.000000
567.130737	299.000000
567.317627	246.000000
567.504517	270.000000
567.691467	287.000000
567.878418	293.000000
568.065369	245.000000
568.252319	239.000000
568.439270	286.000000
568.626221	290.000000
568.813110	257.000000
569.000061	238.000000
569.186951	302.000000
569.373901	289.000000
569.560913	260.000000
569.747864	258.000000
569.934814	293.000000
570.121765	296.000000
570.308716	279.000000
570.495667	253.000000
570.682678	266.000000
570.869629	291.000000
571.056580	259.000000
571.243530	246.000000
571.430542	300.000000
571.617493	311.000000
571.804504	244.000000
571.991455	254.000000
572.178345	304.000000
572.365356	320.000000
572.552307	244.000000
572.739319	250.000000
572.926331	282.000000
573.113281	308.000000
573.300293	260.000000
573.487244	246.000000
573.674255	297.000000
573.861267	287.000000
574.048218	253.000000
574.235168	248.000000
574.422180	300.000000
574.609192	313.000000
574.796204	251.000000
574.983215	244.000000
575.170227	312.000000
575.357239	294.000000
575.544250	239.000000
575.731262	260.000000
575.918274	311.000000
576.105286	306.000000
576.292297	253.000000
576.479309	252.000000
576.666321	293.000000
576.853333	301.000000
577.040283	251.000000
577.227356	244.000000
577.414368	300.000000
577.601379	311.000000
577.788391	247.000000
577.975464	243.000000
578.162476	284.000000
578.349548	336.000000
578.536560	248.000000
578.723572	261.000000
578.910583	307.000000
579.097595	307.000000
579.284668	255.000000
579.471741	260.000000
579.658752	304.000000
579.845825	310.000000
580.032837	260.000000
580.219910	253.000000
580.406982	328.000000
580.593994	310.000000
580.781067	288.000000
580.968140	297.000000
581.155212	318.000000
581.342285	313.000000
581.529297	267.000000
581.716370	283.000000
581.903381	349.000000
582.090454	329.000000
582.277527	281.000000
582.464600	269.000000
582.651672	340.000000
582.838745	316.000000
583.025818	285.000000
583.212891	298.000000
583.400024	344.000000
583.587097	362.000000
583.774109	345.000000
583.961182	339.000000
584.148254	393.000000
584.335388	383.000000
584.522461	365.000000
584.709534	373.000000
584.896667	447.000000
585.083740	461.000000
585.270813	425.000000
585.457947	447.000000
585.645020	539.000000
585.832153	603.000000
586.019226	630.000000
586.206360	719.000000
586.393433	992.000000
586.580566	1917.000000
586.767639	3749.000000
586.954712	3887.000000
587.141846	3929.000000
587.328979	3950.000000
587.516052	3950.000000
587.703186	3950.000000
587.890320	3950.000000
588.077454	3950.000000
588.264587	3950.000000
588.451721	3950.000000
588.638733	3950.000000
588.825867	3950.000000
589.013000	3950.000000
589.200134	3950.000000
589.387268	3950.000000
589.574402	3950.000000
589.761536	3950.000000
589.948669	3950.000000
590.135864	3950.000000
590.322998	2452.000000
590.510132	388.000000
590.697266	336.000000
590.884399	352.000000
591.071533	368.000000
591.258728	301.000000
591.445862	286.000000
591.632935	335.000000
591.820190	350.000000
592.007263	300.000000
592.194397	286.000000
592.381592	342.000000
592.568726	328.000000
592.755920	271.000000
592.943054	269.000000
593.130249	331.000000
593.317322	335.000000
593.504517	280.000000
593.691711	249.000000
593.878845	340.000000
594.066040	358.000000
594.253235	275.000000
594.440369	270.000000
594.627563	317.000000
594.814758	307.000000
595.001953	289.000000
595.189087	270.000000
595.376282	313.000000
595.563477	338.000000
595.750671	306.000000
595.937866	272.000000
596.125061	314.000000
596.312256	313.000000
596.499451	267.000000
596.686646	273.000000
596.873779	316.000000
597.060974	323.000000
597.248169	243.000000
597.435364	279.000000
597.622559	298.000000
597.809753	316.000000
597.997009	283.000000
598.184143	249.000000
598.371338	341.000000
598.558533	306.000000
598.745789	277.000000
598.932983	286.000000
599.120178	306.000000
599.307434	289.000000
599.494629	250.000000
599.681885	266.000000
599.869080	319.000000
600.056335	308.000000
600.243530	251.000000
600.430786	246.000000
600.617981	299.000000
600.805237	334.000000
600.992432	289.000000
601.179687	344.000000
601.366943	432.000000
601.554138	501.000000
601.741333	528.000000
601.928589	581.000000
602.115845	647.000000
602.303040	676.000000
602.490295	537.000000
602.677551	435.000000
602.864807	433.000000
603.052002	362.000000
603.239258	317.000000
603.426514	317.000000
603.613770	359.000000
603.801025	329.000000
603.988281	310.000000
604.175537	281.000000
604.362793	338.000000
604.550049	345.000000
604.737305	269.000000
604.924561	250.000000
605.111816	342.000000
605.299072	320.000000
605.486389	263.000000
605.673645	250.000000
605.860901	303.000000
606.048157	311.000000
606.235474	246.000000
606.422729	248.000000
606.609924	310.000000
606.797241	299.000000
606.984497	247.000000
607.171814	263.000000
607.359070	348.000000
607.546387	307.000000
607.733643	242.000000
607.920898	246.000000
608.108154	286.000000
608.295471	296.000000
608.482727	263.000000
608.670044	233.000000
608.857361	302.000000
609.044617	299.000000
609.231934	289.000000
609.419250	246.000000
609.606567	308.000000
609.793823	287.000000
609.981140	231.000000
610.168457	269.000000
610.355774	310.000000
610.543091	284.000000
610.730408	265.000000
610.917725	263.000000
611.105042	297.000000
611.292358	300.000000
611.479614	247.000000
611.666931	242.000000
611.854248	295.000000
612.041565	294.000000
612.228882	246.000000
612.416199	245.000000
612.603516	297.000000
612.790771	293.000000
612.978088	244.000000
613.165466	245.000000
613.352783	296.000000
613.540100	311.000000
613.727417	258.000000
613.914795	265.000000
614.102112	325.000000
614.289490	304.000000
614.476807	238.000000
614.664124	240.000000
614.851501	321.000000
615.038818	307.000000
615.226196	250.000000
615.413513	235.000000
615.600891	308.000000
615.788208	295.000000
615.975586	240.000000
616.162903	241.000000
616.350220	290.000000
616.537598	286.000000
616.724915	233.000000
616.912292	255.000000
617.099670	299.000000
617.287048	287.000000
617.474365	262.000000
617.661682	253.000000
617.849060	284.000000
618.036438	292.000000
618.223816	231.000000
618.411194	243.000000
618.598511	300.000000
618.785889	281.000000
618.973267	235.000000
619.160645	281.000000
619.348022	280.000000
619.535400	302.000000
619.722778	256.000000
619.910156	242.000000
620.097595	295.000000
620.284973	295.000000
620.472351	245.000000
620.659729	240.000000
620.847107	301.000000
621.034485	272.000000
621.221863	263.000000
621.409241	243.000000
621.596619	294.000000
621.783997	302.000000
621.971436	246.000000
622.158813	242.000000
622.346252	288.000000
622.533569	290.000000
622.720947	248.000000
622.908386	225.000000
623.095764	287.000000
623.283203	291.000000
623.470581	251.000000
623.658020	255.000000
623.845398	300.000000
624.032837	292.000000
624.220276	243.000000
624.407654	249.000000
624.595093	286.000000
624.782471	282.000000
624.969910	250.000000
625.157349	247.000000
625.344788	294.000000
625.532166	294.000000
625.719604	248.000000
625.907043	267.000000
626.094421	293.000000
626.281860	323.000000
626.469299	252.000000
626.656677	239.000000
626.844116	288.000000
627.031555	304.000000
627.218994	243.000000
627.406372	234.000000
627.593811	308.000000
627.781250	272.000000
627.968689	233.000000
628.156128	248.000000
628.343628	290.000000
628.531067	302.000000
628.718506	243.000000
628.905945	233.000000
629.093384	280.000000
629.280823	280.000000
629.468323	254.000000
629.655762	274.000000
629.843201	296.000000
630.030701	292.000000
630.218140	254.000000
630.405579	247.000000
630.593079	275.000000
630.780518	274.000000
630.967896	246.000000
631.155396	237.000000
631.342834	295.000000
631.530334	280.000000
631.717773	245.000000
631.905273	240.000000
632.092712	303.000000
632.280151	288.000000
632.467590	251.000000
632.655090	255.000000
632.842590	295.000000
633.030029	292.000000
633.217529	267.000000
633.405029	241.000000
633.592529	269.000000
633.779968	288.000000
633.967468	252.000000
634.154968	227.000000
634.342468	279.000000
634.529907	285.000000
634.717407	249.000000
634.904907	270.000000
635.092407	287.000000
635.279907	288.000000
635.467407	247.000000
635.654907	237.000000
635.842346	277.000000
636.029846	296.000000
636.217346	252.000000
636.404846	252.000000
636.592346	280.000000
636.779846	305.000000
636.967346	244.000000
637.154785	237.000000
637.342346	282.000000
637.529846	279.000000
637.717346	256.000000
637.904846	275.000000
638.092346	295.000000
638.279907	296.000000
638.467407	258.000000
638.654907	243.000000
638.842468	302.000000
639.029968	295.000000
639.217468	252.000000
639.405029	253.000000
639.592529	333.000000
639.780090	376.000000
639.967590	330.000000
640.155090	286.000000
640.342651	307.000000
640.530151	308.000000
640.717651	268.000000
640.905212	237.000000
641.092712	309.000000
641.280273	282.000000
641.467773	239.000000
641.655334	247.000000
641.842896	301.000000
642.030334	292.000000
642.217896	242.000000
642.405457	261.000000
642.593018	285.000000
642.780518	315.000000
642.968079	240.000000
643.155640	251.000000
643.343201	318.000000
643.530762	272.000000
643.718323	249.000000
643.905823	236.000000
644.093384	283.000000
644.280945	288.000000
644.468506	247.000000
644.656067	241.000000
644.843628	285.000000
645.031189	288.000000
645.218750	246.000000
645.406311	238.000000
645.593811	294.000000
645.781433	289.000000
645.968994	248.000000
646.156555	241.000000
646.344116	287.000000
646.531677	286.000000
646.719238	253.000000
646.906799	251.000000
647.094360	289.000000
647.281921	282.000000
647.469482	243.000000
647.657104	235.000000
647.844666	292.000000
648.032227	299.000000
648.219849	247.000000
648.407410	268.000000
648.594971	288.000000
648.782593	298.000000
648.970154	255.000000
649.157776	241.000000
649.345337	276.000000
649.532959	299.000000
649.720520	243.000000
649.908142	263.000000
650.095703	316.000000
650.283325	307.000000
650.470886	265.000000
650.658447	253.000000
650.846069	304.000000
651.033691	274.000000
651.221252	258.000000
651.408875	236.000000
651.596497	307.000000
651.784058	291.000000
651.971619	243.000000
652.159241	235.000000
652.346863	284.000000
652.534485	303.000000
652.722107	242.000000
652.909668	254.000000
653.097290	273.000000
653.284912	268.000000
653.472534	243.000000
653.660156	250.000000
653.847778	275.000000
654.035400	298.000000
654.223022	254.000000
654.410645	256.000000
654.598267	286.000000
654.785889	296.000000
654.973511	286.000000
655.161133	249.000000
655.348755	286.000000
655.536377	318.000000
655.723999	484.000000
655.911621	544.000000
656.099243	447.000000
656.286865	344.000000
656.474548	280.000000
656.662109	252.000000
656.849731	300.000000
657.037415	304.000000
657.225037	241.000000
657.412659	238.000000
657.600342	299.000000
657.787964	273.000000
657.975586	252.000000
658.163269	242.000000
658.350891	294.000000
658.538574	285.000000
658.726196	246.000000
658.913879	243.000000
659.101501	298.000000
659.289185	288.000000
659.476807	255.000000
659.664490	249.000000
659.852112	295.000000
660.039795	283.000000
660.227417	238.000000
660.415039	256.000000
660.602722	305.000000
660.790405	306.000000
660.978027	249.000000
661.165710	235.000000
661.353394	319.000000
661.541016	295.000000
661.728638	246.000000
661.916321	239.000000
662.104004	284.000000
662.291687	289.000000
662.479370	266.000000
662.666992	248.000000
662.854675	304.000000
663.042358	286.000000
663.230042	256.000000
663.417725	252.000000
663.605408	308.000000
663.793091	287.000000
663.980774	260.000000
664.168457	264.000000
664.356140	296.000000
664.543823	306.000000
664.731506	259.000000
664.919189	282.000000
665.106812	318.000000
665.294556	310.000000
665.482239	285.000000
665.669922	303.000000
665.857605	343.000000
666.045288	354.000000
666.233032	338.000000
666.420654	378.000000
666.608337	460.000000
666.796021	514.000000
666.983765	801.000000
667.171448	3648.000000
667.359131	3718.000000
667.546875	3765.000000
667.734558	3771.000000
667.922241	3779.000000
668.109985	3796.000000
668.297668	3113.000000
668.485413	3627.000000
668.673096	417.000000
668.860840	391.000000
669.048523	362.000000
669.236267	326.000000
669.423950	294.000000
669.611694	344.000000
669.799377	327.000000
669.987061	269.000000
670.174744	256.000000
670.362488	322.000000
670.550232	292.000000
670.737915	266.000000
670.925659	273.000000
671.113403	298.000000
671.301025	299.000000
671.488770	262.000000
671.676514	248.000000
671.864258	315.000000
672.052002	286.000000
672.239685	246.000000
672.427429	248.000000
672.615173	316.000000
672.802917	287.000000
672.990662	248.000000
673.178406	270.000000
673.366089	297.000000
673.553833	292.000000
673.741577	255.000000
673.929321	255.000000
674.117065	279.000000
674.304810	308.000000
674.492554	258.000000
674.680298	234.000000
674.867981	290.000000
675.055725	276.000000
675.243530	230.000000
675.431274	271.000000
675.619019	289.000000
675.806763	280.000000
675.994507	241.000000
676.182190	246.000000
676.369934	287.000000
676.557739	270.000000
676.745483	242.000000
676.933228	255.000000
677.120972	292.000000
677.308777	284.000000
677.496521	243.000000
677.684265	236.000000
677.872070	303.000000
678.059814	270.000000
678.247559	249.000000
678.435364	235.000000
678.623108	269.000000
678.810852	279.000000
678.998657	251.000000
679.186401	240.000000
679.374207	291.000000
679.561951	283.000000
679.749695	228.000000
679.937439	231.000000
680.125244	281.000000
680.312988	292.000000
680.500793	237.000000
680.688538	231.000000
680.876343	281.000000
681.064087	287.000000
681.251831	222.000000
681.439636	245.000000
681.627441	297.000000
681.815186	288.000000
682.002991	221.000000
682.190796	245.000000
682.378540	280.000000
682.566345	295.000000
682.754150	233.000000
682.941956	243.000000
683.129700	288.000000
683.317505	285.000000
683.505310	240.000000
683.693115	223.000000
683.880920	295.000000
684.068726	291.000000
684.256531	223.000000
684.444275	232.000000
684.632019	298.000000
684.819824	297.000000
685.007629	242.000000
685.195435	233.000000
685.383240	279.000000
685.571045	307.000000
685.758850	256.000000
685.946594	230.000000
686.134399	300.000000
686.322205	284.000000
686.510071	226.000000
686.697876	239.000000
686.885681	292.000000
687.073486	269.000000
687.261292	259.000000
687.449097	230.000000
687.636902	288.000000
687.824768	296.000000
688.012573	248.000000
688.200378	238.000000
688.388184	298.000000
688.576050	295.000000
688.763855	253.000000
688.951660	226.000000
689.139526	284.000000
689.327332	276.000000
689.515076	246.000000
689.702942	248.000000
689.890747	288.000000
690.078552	279.000000
690.266418	236.000000
690.454224	228.000000
690.642090	281.000000
690.829834	277.000000
691.017700	230.000000
691.205505	235.000000
691.393372	297.000000
691.581177	283.000000
691.769043	231.000000
691.956848	246.000000
692.144714	272.000000
692.332520	285.000000
692.520386	244.000000
692.708191	234.000000
692.896057	294.000000
693.083923	299.000000
693.271729	233.000000
693.459595	227.000000
693.647461	295.000000
693.835266	308.000000
694.023132	248.000000
694.210999	241.000000
694.398804	290.000000
694.586609	280.000000
694.774475	259.000000
694.962341	233.000000
695.150208	288.000000
695.338074	294.000000
695.525940	233.000000
695.713684	240.000000
695.901550	313.000000
696.089417	287.000000
696.277283	240.000000
696.465149	236.000000
696.653015	300.000000
696.840881	300.000000
697.028748	243.000000
697.216614	234.000000
697.404480	293.000000
697.592346	302.000000
697.780212	237.000000
697.968079	249.000000
698.155945	306.000000
698.343811	289.000000
698.531677	241.000000
698.719543	233.000000
698.907410	284.000000
699.095276	291.000000
699.283142	238.000000
699.471008	238.000000
699.658875	326.000000
699.846741	321.000000
700.034607	250.000000
700.222534	248.000000
700.410400	299.000000
700.598206	281.000000
700.786072	259.000000
700.973999	276.000000
701.161865	299.000000
701.349731	291.000000
701.537598	250.000000
701.725525	245.000000
701.913391	316.000000
702.101257	301.000000
702.289185	261.000000
702.477051	273.000000
702.664978	359.000000
702.852844	348.000000
703.040771	298.000000
703.228638	292.000000
703.416504	335.000000
703.604431	320.000000
703.792297	290.000000
703.980225	288.000000
704.168030	357.000000
704.355957	368.000000
704.543884	329.000000
704.731750	348.000000
704.919678	423.000000
705.107544	465.000000
705.295471	496.000000
705.483276	551.000000
705.671204	1308.000000
705.859131	3671.000000
706.046997	3718.000000
706.234924	3751.000000
706.422852	3771.000000
706.610779	3777.000000
706.798645	3784.000000
706.986572	3799.000000
707.174500	3803.000000
707.362366	3792.000000
707.550293	3593.000000
707.738220	741.000000
707.926147	388.000000
708.114075	369.000000
708.301941	290.000000
708.489868	277.000000
708.677795	346.000000
708.865723	316.000000
709.053589	267.000000
709.241516	260.000000
709.429443	325.000000
709.617371	311.000000
709.805298	261.000000
709.993225	246.000000
710.181152	296.000000
710.369019	314.000000
710.556946	236.000000
710.744873	264.000000
710.932800	306.000000
711.120728	293.000000
711.308655	232.000000
711.496582	237.000000
711.684509	288.000000
711.872437	300.000000
712.060364	245.000000
712.248291	240.000000
712.436218	301.000000
712.624146	280.000000
712.812134	236.000000
713.000061	237.000000
713.187988	316.000000
713.375916	308.000000
713.563843	247.000000
713.751831	238.000000
713.939697	301.000000
714.127625	276.000000
714.315552	236.000000
714.503540	238.000000
714.691467	311.000000
714.879395	280.000000
715.067322	241.000000
715.255249	235.000000
715.443176	323.000000
715.631165	282.000000
715.819092	238.000000
716.007019	238.000000
716.195007	287.000000
716.382935	287.000000
716.570862	237.000000
716.758850	226.000000
716.946777	296.000000
717.134766	290.000000
717.322693	228.000000
717.510681	242.000000
717.698608	286.000000
717.886597	289.000000
718.074524	226.000000
718.262512	233.000000
718.450439	286.000000
718.638428	284.000000
718.826355	247.000000
719.014282	249.000000
719.202271	295.000000
719.390198	280.000000
719.578186	238.000000
719.766174	233.000000
719.954102	290.000000
720.142029	276.000000
720.330017	233.000000
720.517944	248.000000
720.705933	304.000000
720.893921	298.000000
721.081848	256.000000
721.269836	236.000000
721.457825	298.000000
721.645813	294.000000
721.833740	236.000000
722.021729	232.000000
722.209717	286.000000
722.397705	292.000000
722.585693	222.000000
722.773682	228.000000
722.961609	307.000000
723.149597	286.000000
723.337585	252.000000
723.525574	247.000000
723.713501	288.000000
723.901489	327.000000
724.089478	256.000000
724.277466	246.000000
724.465454	283.000000
724.653442	283.000000
724.841431	237.000000
725.029358	256.000000
725.217346	295.000000
725.405334	308.000000
725.593323	245.000000
725.781311	232.000000
725.969299	291.000000
726.157288	294.000000
726.345276	250.000000
726.533264	239.000000
726.721252	340.000000
726.909241	334.000000
727.097229	280.000000
727.285217	490.000000
727.473206	1549.000000
727.661255	1887.000000
727.849243	1436.000000
728.037231	961.000000
728.225220	660.000000
728.413208	466.000000
728.601135	305.000000
728.789185	262.000000
728.977173	336.000000
729.165161	303.000000
729.353149	261.000000
729.541199	248.000000
729.729187	310.000000
729.917114	294.000000
730.105164	240.000000
730.293152	244.000000
730.481140	305.000000
730.669189	291.000000
730.857178	246.000000
731.045166	232.000000
731.233215	288.000000
731.421204	290.000000
731.609192	241.000000
731.797241	249.000000
731.985229	292.000000
732.173279	299.000000
732.361267	247.000000
732.549316	239.000000
732.737305	287.000000
732.925293	290.000000
733.113342	232.000000
733.301331	242.000000
733.489319	294.000000
733.677307	305.000000
733.865356	226.000000
734.053406	238.000000
734.241394	297.000000
734.429443	289.000000
734.617432	233.000000
734.805420	218.000000
734.993408	290.000000
735.181458	290.000000
735.369507	241.000000
735.557495	222.000000
735.745544	289.000000
735.933594	301.000000
736.121582	218.000000
736.309631	243.000000
736.497681	287.000000
736.685669	280.000000
736.873718	230.000000
737.061768	229.000000
737.249756	276.000000
737.437805	286.000000
737.625854	234.000000
737.813904	235.000000
738.001892	288.000000
738.189941	284.000000
738.377930	221.000000
738.565979	242.000000
738.754028	302.000000
738.942017	283.000000
739.130066	241.000000
739.318115	240.000000
739.506165	276.000000
739.694153	276.000000
739.882202	234.000000
740.070251	237.000000
740.258240	295.000000
740.446289	287.000000
740.634338	236.000000
740.822388	242.000000
741.010437	296.000000
741.198486	279.000000
741.386536	246.000000
741.574585	240.000000
741.762634	320.000000
741.950684	290.000000
742.138733	235.000000
742.326782	225.000000
742.514832	289.000000
742.702881	306.000000
742.890930	232.000000
743.078979	237.000000
743.266968	289.000000
743.455017	288.000000
743.643066	234.000000
743.831116	241.000000
744.019165	291.000000
744.207275	282.000000
744.395325	234.000000
744.583313	220.000000
744.771362	325.000000
744.959412	280.000000
745.147461	222.000000
745.335510	231.000000
745.523621	297.000000
745.711670	286.000000
745.899719	239.000000
746.087769	238.000000
746.275818	296.000000
746.463928	281.000000
746.651978	236.000000
746.840027	235.000000
747.028076	298.000000
747.216187	294.000000
747.404236	240.000000
747.592285	232.000000
747.780334	281.000000
747.968445	295.000000
748.156433	229.000000
748.344482	249.000000
748.532593	300.000000
748.720642	296.000000
748.908691	260.000000
749.096802	250.000000
749.284851	285.000000
749.472900	307.000000
749.660950	232.000000
749.848999	239.000000
750.037109	295.000000
750.225159	278.000000
750.413269	240.000000
750.601318	247.000000
750.789368	287.000000
750.977478	309.000000
751.165527	235.000000
751.353638	222.000000
751.541687	278.000000
751.729797	287.000000
751.917847	232.000000
752.105957	234.000000
752.294006	282.000000
752.482117	282.000000
752.670166	241.000000
752.858276	222.000000
753.046265	293.000000
753.234375	283.000000
753.422485	248.000000
753.610535	228.000000
753.798645	289.000000
753.986694	283.000000
754.174805	236.000000
754.362854	241.000000
754.550903	284.000000
754.739014	286.000000
754.927124	241.000000
755.115173	232.000000
755.303284	280.000000
755.491394	297.000000
755.679443	231.000000
755.867554	235.000000
756.055664	315.000000
756.243713	302.000000
756.431824	227.000000
756.619934	232.000000
756.807983	278.000000
756.996094	286.000000
757.184204	226.000000
757.372314	240.000000
757.560364	281.000000
757.748474	292.000000
757.936523	235.000000
758.124634	252.000000
758.312744	313.000000
758.500793	312.000000
758.688904	240.000000
758.877014	224.000000
759.065125	282.000000
759.253174	292.000000
759.441284	246.000000
759.629333	231.000000
759.817444	274.000000
760.005554	291.000000
760.193665	234.000000
760.381775	231.000000
760.569885	290.000000
760.757996	294.000000
760.946106	245.000000
761.134216	227.000000
761.322327	308.000000
761.510437	284.000000
761.698486	231.000000
761.886597	240.000000
762.074707	266.000000
762.262817	308.000000
762.450928	233.000000
762.639038	224.000000
762.827087	276.000000
763.015198	286.000000
763.203308	234.000000
763.391418	234.000000
763.579529	300.000000
763.767639	278.000000
763.955750	246.000000
764.143860	240.000000
764.331970	281.000000
764.520081	301.000000
764.708191	238.000000
764.896301	228.000000
765.084412	288.000000
765.272522	307.000000
765.460632	224.000000
765.648743	226.000000
765.836853	293.000000
766.024963	283.000000
766.213135	231.000000
766.401245	236.000000
766.589355	291.000000
766.777466	297.000000
766.965576	235.000000
767.153687	223.000000
767.341858	308.000000
767.529968	290.000000
767.718018	220.000000
767.906128	247.000000
768.094238	286.000000
768.282410	298.000000
768.470520	238.000000
768.658630	233.000000
768.846741	287.000000
769.034851	291.000000
769.222961	235.000000
769.411072	231.000000
769.599182	308.000000
769.787354	296.000000
769.975464	230.000000
770.163574	224.000000
770.351746	287.000000
770.539856	270.000000
770.727966	228.000000
770.916138	229.000000
771.104248	277.000000
771.292358	291.000000
771.480530	224.000000
771.668640	220.000000
771.856750	300.000000
772.044922	275.000000
772.233032	228.000000
772.421143	234.000000
772.609253	302.000000
772.797363	267.000000
772.985535	255.000000
773.173645	231.000000
773.361755	291.000000
773.549927	280.000000
773.738037	242.000000
773.926147	222.000000
774.114258	289.000000
774.302429	276.000000
774.490540	221.000000
774.678650	240.000000
774.866821	299.000000
775.054932	283.000000
775.243103	226.000000
775.431213	241.000000
775.619385	296.000000
775.807495	269.000000
775.995667	235.000000
776.183777	246.000000
776.371948	315.000000
776.560059	331.000000
776.748230	290.000000
776.936340	294.000000
777.124512	354.000000
777.312683	323.000000
777.500732	244.000000
777.688904	242.000000
777.877014	292.000000
778.065186	302.000000
778.253296	237.000000
778.441467	228.000000
778.629639	281.000000
778.817688	290.000000
779.005859	240.000000
779.193970	229.000000
779.382141	285.000000
779.570312	274.000000
779.758423	241.000000
779.946594	233.000000
780.134766	293.000000
780.322876	289.000000
780.511047	220.000000
780.699219	225.000000
780.887329	290.000000
781.075500	285.000000
781.263672	243.000000
781.451782	225.000000
781.639954	301.000000
781.828125	284.000000
782.016235	239.000000
782.204407	242.000000
782.392517	290.000000
782.580688	283.000000
782.768799	240.000000
782.956970	229.000000
783.145142	292.000000
783.333313	287.000000
783.521423	245.000000
783.709534	226.000000
783.897705	286.000000
784.085876	282.000000
784.273987	258.000000
784.462158	226.000000
784.650330	279.000000
784.838501	287.000000
785.026672	238.000000
785.214783	250.000000
785.402954	308.000000
785.591125	293.000000
785.779297	228.000000
785.967468	231.000000
786.155579	276.000000
786.343750	282.000000
786.531921	248.000000
786.720093	233.000000
786.908264	292.000000
787.096436	286.000000
787.284546	237.000000
787.472656	238.000000
787.660828	282.000000
787.848999	280.000000
788.037170	226.000000
788.225342	238.000000
788.413513	313.000000
788.601624	297.000000
788.789795	243.000000
788.977966	232.000000
789.166138	284.000000
789.354248	310.000000
789.542419	229.000000
789.730591	229.000000
789.918762	286.000000
790.106934	302.000000
790.295105	241.000000
790.483276	236.000000
790.671448	284.000000
790.859619	279.000000
791.047791	257.000000
791.235962	235.000000
791.424133	283.000000
791.612305	295.000000
791.800476	239.000000
791.988647	230.000000
792.176758	285.000000
792.364929	276.000000
792.553101	228.000000
792.741272	235.000000
792.929443	291.000000
793.117615	289.000000
793.305786	232.000000
793.493896	260.000000
793.682068	284.000000
793.870239	297.000000
794.058411	230.000000
794.246582	241.000000
794.434753	288.000000
794.622925	300.000000
794.811096	237.000000
794.999329	234.000000
795.187500	281.000000
795.375671	283.000000
795.563843	231.000000
795.752014	250.000000
795.940186	278.000000
796.128357	298.000000
796.316528	228.000000
796.504700	241.000000
796.692871	295.000000
796.881042	285.000000
797.069214	234.000000
797.257385	227.000000
797.445557	296.000000
797.633728	272.000000
797.821899	236.000000
798.010071	223.000000
798.198242	292.000000
798.386414	286.000000
798.574585	239.000000
798.762756	225.000000
798.950928	294.000000
799.139099	283.000000
799.327271	225.000000
799.515442	248.000000
799.703674	292.000000
799.891846	301.000000
800.080017	238.000000
800.268188	238.000000
800.456360	293.000000
800.644592	282.000000
800.832764	240.000000
801.020935	230.000000
801.209106	284.000000
801.397278	277.000000
801.585510	230.000000
801.773682	238.000000
801.961792	284.000000
802.149963	282.000000
802.338196	227.000000
802.526367	233.000000
802.714539	292.000000
802.902710	285.000000
803.090942	226.000000
803.279053	219.000000
803.467224	279.000000
803.655396	276.000000
803.843628	238.000000
804.031799	226.000000
804.219971	306.000000
804.408142	284.000000
804.596375	232.000000
804.784546	254.000000
804.972717	284.000000
805.160889	290.000000
805.349121	231.000000
805.537292	220.000000
805.725464	293.000000
805.913696	296.000000
806.101868	224.000000
806.290039	243.000000
806.478271	273.000000
806.666443	265.000000
806.854553	262.000000
807.042725	233.000000
807.230957	285.000000
807.419128	299.000000
807.607300	238.000000
807.795532	224.000000
807.983704	281.000000
808.171814	271.000000
808.360046	238.000000
808.548218	229.000000
808.736450	283.000000
808.924622	302.000000
809.112793	231.000000
809.301025	242.000000
809.489197	293.000000
809.677368	273.000000
809.865601	242.000000
810.053772	241.000000
810.241943	282.000000
810.430176	288.000000
810.618347	238.000000
810.806580	241.000000
810.994751	292.000000
811.182922	288.000000
811.371155	256.000000
811.559326	231.000000
811.747437	318.000000
811.935669	290.000000
812.123840	218.000000
812.312073	240.000000
812.500244	291.000000
812.688416	284.000000
812.876648	233.000000
813.064758	234.000000
813.252991	286.000000
813.441162	294.000000
813.629395	239.000000
813.817566	239.000000
814.005737	284.000000
814.193970	274.000000
814.382141	238.000000
814.570374	247.000000
814.758545	300.000000
814.946777	311.000000
815.134949	231.000000
815.323120	242.000000
815.511353	291.000000
815.699524	286.000000
815.887756	239.000000
816.075928	233.000000
816.264160	272.000000
816.452332	291.000000
816.640503	231.000000
816.828674	236.000000
817.016907	284.000000
817.205078	279.000000
817.393250	225.000000
817.581482	234.000000
817.769653	280.000000
817.957825	280.000000
818.145996	235.000000
818.334229	229.000000
818.522400	282.000000
818.710632	294.000000
818.898804	253.000000
819.087036	232.000000
819.275208	284.000000
819.463440	276.000000
819.651611	242.000000
819.839844	239.000000
820.028015	299.000000
820.216248	271.000000
820.404419	239.000000
820.592651	242.000000
820.780823	279.000000
820.969055	281.000000
821.157227	236.000000
821.345459	242.000000
821.533569	292.000000
821.721802	280.000000
821.909973	222.000000
822.098206	243.000000
822.286377	280.000000
822.474609	272.000000
822.662781	225.000000
822.850952	251.000000
823.039124	274.000000
823.227356	288.000000
823.415527	230.000000
823.603760	242.000000
823.791931	277.000000
823.980164	291.000000
824.168396	232.000000
824.356567	235.000000
824.544800	284.000000
824.732971	268.000000
824.921204	235.000000
825.109375	243.000000
825.297607	303.000000
825.485779	286.000000
825.674011	231.000000
825.862183	231.000000
826.050415	284.000000
826.238586	298.000000
826.426758	238.000000
826.614990	240.000000
826.803162	286.000000
826.991394	286.000000
827.179565	254.000000
827.367798	238.000000
827.555969	276.000000
827.744141	278.000000
827.932312	230.000000
828.120544	221.000000
828.308777	271.000000
828.496948	283.000000
828.685181	236.000000
828.873352	244.000000
829.061584	278.000000
829.249756	303.000000
829.437988	251.000000
829.626160	245.000000
829.814392	273.000000
830.002625	275.000000
830.190796	234.000000
830.379028	232.000000
830.567200	300.000000
830.755432	277.000000
830.943604	236.000000
831.131836	240.000000
831.320007	285.000000
831.508179	298.000000
831.696411	229.000000
831.884583	231.000000
832.072815	300.000000
832.260986	276.000000
832.449219	263.000000
832.637390	235.000000
832.825562	308.000000
833.013794	276.000000
833.201965	233.000000
833.390198	260.000000
833.578369	292.000000
833.766602	272.000000
833.954834	239.000000
834.143005	232.000000
834.331238	304.000000
834.519409	282.000000
834.707642	229.000000
834.895874	221.000000
835.084045	284.000000
835.272278	290.000000
835.460449	222.000000
835.648682	244.000000
835.836853	264.000000
836.025085	282.000000
836.213257	240.000000
836.401428	235.000000
836.589661	276.000000
836.777832	289.000000
836.966064	238.000000
837.154236	248.000000
837.342468	280.000000
837.530640	279.000000
837.718811	232.000000
837.907043	248.000000
838.095215	287.000000
838.283447	289.000000
838.471680	252.000000
838.659851	228.000000
838.848083	282.000000
839.036255	279.000000
839.224487	251.000000
839.412659	227.000000
839.600891	293.000000
839.789124	268.000000
839.977295	222.000000
840.165527	235.000000
840.353699	279.000000
840.541931	272.000000
840.730103	237.000000
840.918335	236.000000
841.106506	271.000000
841.294678	290.000000
841.482910	240.000000
841.671082	234.000000
841.859314	288.000000
842.047546	262.000000
842.235718	228.000000
842.423889	228.000000
842.612061	281.000000
842.800293	272.000000
842.988464	222.000000
843.176697	255.000000
843.364929	279.000000
843.553101	289.000000
843.741333	246.000000
843.929504	243.000000
844.117737	290.000000
844.305908	287.000000
844.494141	238.000000
844.682312	238.000000
844.870544	293.000000
845.058777	291.000000
845.246948	243.000000
845.435181	238.000000
845.623352	276.000000
845.811584	291.000000
845.999695	243.000000
846.187927	240.000000
846.376160	311.000000
846.564331	278.000000
846.752563	254.000000
846.940735	242.000000
847.128967	272.000000
847.317078	281.000000
847.505310	248.000000
847.693481	262.000000
847.881714	288.000000
848.069946	280.000000
848.258118	227.000000
848.446350	238.000000
848.634521	261.000000
848.822754	264.000000
849.010925	220.000000
849.199158	230.000000
849.387329	300.000000
849.575562	291.000000
849.763733	282.000000
849.951965	271.000000
850.140137	289.000000
850.328369	280.000000
850.516602	239.000000
850.704773	242.000000
850.892944	299.000000
851.081116	294.000000
851.269348	226.000000
851.457520	243.000000
851.645752	292.000000
851.833923	268.000000
852.022156	245.000000
852.210266	236.000000
852.398499	288.000000
852.586670	295.000000
852.774902	235.000000
852.963074	228.000000
853.151306	301.000000
853.339478	278.000000
853.527710	234.000000
853.715881	234.000000
853.904114	289.000000
854.092285	281.000000
854.280518	256.000000
854.468689	247.000000
854.656921	292.000000
854.845093	307.000000
855.033325	230.000000
855.221497	225.000000
855.409729	275.000000
855.597900	276.000000
855.786133	241.000000
855.974304	241.000000
856.162537	269.000000
856.350708	295.000000
856.538818	246.000000
856.726990	236.000000
856.915222	288.000000
857.103394	296.000000
857.291626	230.000000
857.479797	240.000000
857.667969	284.000000
857.856201	287.000000
858.044373	244.000000
858.232605	241.000000
858.420776	273.000000
858.609009	280.000000
858.797180	237.000000
858.985413	241.000000
859.173584	289.000000
859.361816	288.000000
859.549988	263.000000
859.738159	244.000000
859.926392	279.000000
860.114563	284.000000
860.302795	236.000000
860.490967	238.000000
860.679199	290.000000
860.867371	275.000000
861.055542	236.000000
861.243774	242.000000
861.431824	278.000000
861.620056	266.000000
861.808228	244.000000
861.996399	239.000000
862.184631	282.000000
862.372803	308.000000
862.561035	246.000000
862.749207	234.000000
862.937378	281.000000
863.125610	291.000000
863.313782	233.000000
863.502014	247.000000
863.690186	285.000000
863.878357	306.000000
864.066589	245.000000
864.254761	238.000000
864.442993	295.000000
864.631165	276.000000
864.819336	244.000000
865.007568	245.000000
865.195740	270.000000
865.383911	302.000000
865.572144	234.000000
865.760315	234.000000
865.948486	276.000000
866.136719	299.000000
866.324768	240.000000
866.512939	229.000000
866.701172	304.000000
866.889343	288.000000
867.077515	249.000000
867.265747	250.000000
867.453918	285.000000
867.642090	281.000000
867.830322	239.000000
868.018494	245.000000
868.206665	266.000000
868.394897	293.000000
868.583069	233.000000
868.771240	225.000000
868.959473	276.000000
869.147644	300.000000
869.335815	234.000000
869.523987	229.000000
869.712219	305.000000
869.900391	269.000000
870.088562	249.000000
870.276733	247.000000
870.464966	276.000000
870.653137	276.000000
870.841309	232.000000
871.029541	266.000000
871.217590	292.000000
871.405762	279.000000
871.593933	231.000000
871.782166	234.000000
871.970337	276.000000
872.158508	279.000000
872.346680	236.000000
872.534851	258.000000
872.723083	292.000000
872.911255	301.000000
873.099426	234.000000
873.287598	240.000000
873.475830	294.000000
873.664001	277.000000
873.852173	236.000000
874.040344	231.000000
874.228516	276.000000
874.416748	266.000000
874.604919	246.000000
874.793091	235.000000
874.981262	287.000000
875.169434	281.000000
875.357605	231.000000
875.545837	256.000000
875.734009	284.000000
875.922180	300.000000
876.110229	242.000000
876.298401	233.000000
876.486572	280.000000
876.674805	288.000000
876.862976	240.000000
877.051147	240.000000
877.239319	275.000000
877.427490	286.000000
877.615662	243.000000
877.803833	236.000000
877.992004	296.000000
878.180176	302.000000
878.368408	234.000000
878.556580	255.000000
878.744751	291.000000
878.932922	295.000000
879.121094	239.000000
879.309265	228.000000
879.497437	291.000000
879.685608	283.000000
879.873779	272.000000
880.061951	236.000000
880.250122	283.000000
880.438293	287.000000
880.626465	259.000000
880.814636	251.000000
881.002747	271.000000
881.190918	279.000000
881.379089	242.000000
881.567261	248.000000
881.755432	280.000000
881.943604	314.000000
882.131775	255.000000
882.319946	243.000000
882.508118	292.000000
882.696289	279.000000
882.884460	253.000000
883.072632	260.000000
883.260803	282.000000
883.448975	254.000000
883.637146	240.000000
883.825317	262.000000
884.013428	275.000000
884.201599	279.000000
884.389771	231.000000
884.577942	240.000000
884.766113	292.000000
884.954285	271.000000
885.142456	236.000000
885.330627	232.000000
885.518799	270.000000
885.706970	268.000000
885.895020	240.000000
886.083191	237.000000
886.271362	291.000000
886.459534	297.000000
886.647644	237.000000
886.835815	238.000000
887.023987	296.000000
887.212158	278.000000
887.400330	232.000000
887.588501	241.000000
887.776672	291.000000
887.964783	284.000000
888.152954	236.000000
888.341125	257.000000
888.529297	262.000000
888.717468	279.000000
888.905640	230.000000
889.093750	227.000000
889.281921	281.000000
889.470093	265.000000
889.658264	257.000000
889.846436	228.000000
890.034546	283.000000
890.222717	269.000000
890.410889	236.000000
890.599060	241.000000
890.787109	292.000000
890.975220	300.000000
891.163391	243.000000
891.351562	238.000000
891.539734	299.000000
891.727844	271.000000
891.916016	267.000000
892.104187	241.000000
892.292358	272.000000
892.480469	269.000000
892.668640	237.000000
892.856812	243.000000
893.044922	309.000000
893.233093	278.000000
893.421265	235.000000
893.609375	231.000000
893.797546	290.000000
893.985718	281.000000
894.173828	228.000000
894.362000	258.000000
894.550171	290.000000
894.738281	285.000000
894.926453	262.000000
895.114624	239.000000
895.302734	280.000000
895.490906	271.000000
895.678894	230.000000
895.867065	241.000000
896.055237	283.000000
896.243347	305.000000
896.431519	226.000000
896.619629	232.000000
896.807800	287.000000
896.995972	276.000000
897.184082	242.000000
897.372253	226.000000
897.560364	290.000000
897.748535	298.000000
897.936646	235.000000
898.124817	235.000000
898.312927	300.000000
898.501099	280.000000
898.689209	254.000000
898.877380	240.000000
899.065491	290.000000
899.253662	270.000000
899.441772	245.000000
899.629944	248.000000
899.818054	260.000000
900.006226	270.000000
900.194336	232.000000
900.382507	238.000000
900.570496	287.000000
900.758667	282.000000
900.946777	259.000000
901.134888	238.000000
901.323059	281.000000
901.511169	268.000000
901.699341	231.000000
901.887451	238.000000
902.075562	263.000000
902.263733	303.000000
902.451843	236.000000
902.640015	239.000000
902.828125	285.000000
903.016235	276.000000
903.204407	231.000000
903.392517	245.000000
903.580627	280.000000
903.768799	301.000000
903.956909	241.000000
904.145020	258.000000
904.333130	283.000000
904.521301	278.000000
904.709412	242.000000
904.897522	232.000000
905.085693	279.000000
905.273804	275.000000
905.461792	234.000000
905.649902	233.000000
905.838074	292.000000
906.026184	279.000000
906.214294	260.000000
906.402405	260.000000
906.590576	281.000000
906.778687	279.000000
906.966797	241.000000
907.154907	234.000000
907.343018	282.000000
907.531189	262.000000
907.719299	244.000000
907.907410	232.000000
908.095520	290.000000
908.283630	282.000000
908.471741	259.000000
908.659851	235.000000
908.848022	280.000000
909.036133	291.000000
909.224243	236.000000
909.412354	235.000000
909.600464	291.000000
909.788574	275.000000
909.976685	246.000000
910.164795	239.000000
910.352783	292.000000
910.540894	269.000000
910.729004	243.000000
910.917114	233.000000
911.105225	303.000000
911.293335	289.000000
911.481445	236.000000
911.669556	224.000000
911.857666	293.000000
912.045776	287.000000
912.233887	236.000000
912.421997	243.000000
912.610107	296.000000
912.798218	273.000000
912.986328	242.000000
913.174438	234.000000
913.362549	312.000000
913.550659	294.000000
913.738770	246.000000
913.926880	248.000000
914.114990	302.000000
914.303101	280.000000
914.491211	236.000000
914.679321	241.000000
914.867371	287.000000
915.055481	297.000000
915.243469	241.000000
915.431580	241.000000
915.619690	274.000000
915.807800	284.000000
915.995850	231.000000
916.183960	229.000000
916.372070	280.000000
916.560181	285.000000
916.748291	227.000000
916.936340	261.000000
917.124451	281.000000
917.312561	286.000000
917.500671	269.000000
917.688721	232.000000
917.876831	271.000000
918.064941	287.000000
918.253052	244.000000
918.441101	238.000000
918.629211	304.000000
918.817322	300.000000
919.005371	239.000000
919.193481	252.000000
919.381592	287.000000
919.569641	262.000000
919.757751	232.000000
919.945862	240.000000
920.133789	270.000000
920.321899	298.000000
920.509949	237.000000
920.698059	240.000000
920.886169	282.000000
921.074219	286.000000
921.262329	247.000000
921.450378	236.000000
921.638489	279.000000
921.826538	273.000000
922.014648	243.000000
922.202759	254.000000
922.390808	268.000000
922.578918	296.000000
922.766968	241.000000
922.955078	241.000000
923.143127	297.000000
923.331238	293.000000
923.519287	239.000000
923.707336	265.000000
923.895447	289.000000
924.083496	270.000000
924.271606	241.000000
924.459656	227.000000
924.647766	280.000000
924.835815	288.000000
925.023743	233.000000
925.211853	252.000000
925.399902	293.000000
925.588013	279.000000
925.776062	264.000000
925.964111	266.000000
926.152222	294.000000
926.340271	271.000000
926.528320	245.000000
926.716370	246.000000
926.904480	291.000000
927.092529	277.000000
927.280579	235.000000
927.468689	250.000000
927.656738	292.000000
927.844788	288.000000
928.032837	254.000000
928.220947	235.000000
928.408997	261.000000
928.597046	278.000000
928.785095	266.000000
928.973145	233.000000
929.161255	275.000000
929.349304	285.000000
929.537354	263.000000
929.725403	242.000000
929.913330	287.000000
930.101379	286.000000
930.289429	232.000000
930.477539	232.000000
930.665588	289.000000
930.853638	266.000000
931.041687	252.000000
931.229736	235.000000
931.417786	292.000000
931.605835	277.000000
931.793884	239.000000
931.981934	247.000000
932.169983	286.000000
932.358032	282.000000
932.546082	236.000000
932.734131	259.000000
932.922180	293.000000
933.110229	289.000000
933.298279	241.000000
933.486328	226.000000
933.674377	276.000000
933.862427	280.000000
934.050476	261.000000
934.238525	234.000000
934.426575	294.000000
934.614563	281.000000
934.802490	240.000000
934.990540	236.000000
935.178589	276.000000
935.366638	272.000000
935.554687	253.000000
935.742676	244.000000
935.930725	283.000000
936.118774	305.000000
936.306824	243.000000
936.494873	231.000000
936.682861	274.000000
936.870911	268.000000
937.058960	233.000000
937.247009	243.000000
937.434998	291.000000
937.623047	270.000000
937.811096	234.000000
937.999146	243.000000
938.187134	277.000000
938.375183	274.000000
938.563232	239.000000
938.751221	235.000000
938.939270	289.000000
939.127258	281.000000
939.315308	228.000000
939.503357	260.000000
939.691223	281.000000
939.879272	269.000000
940.067261	243.000000
940.255310	254.000000
940.443359	287.000000
940.631348	308.000000
940.819397	260.000000
941.007385	228.000000
941.195435	296.000000
941.383423	270.000000
941.571472	250.000000
941.759460	271.000000
941.947510	295.000000
942.135498	270.000000
942.323486	251.000000
942.511536	240.000000
942.699524	284.000000
942.887573	289.000000
943.075562	248.000000
943.263550	233.000000
943.451599	275.000000
943.639587	263.000000
943.827637	230.000000
944.015625	274.000000
944.203613	296.000000
944.391663	267.000000
944.579529	242.000000
944.767517	240.000000
944.955505	279.000000
945.143555	294.000000
945.331543	252.000000
945.519531	232.000000
945.707520	269.000000
945.895569	272.000000
946.083557	238.000000
946.271545	254.000000
946.459534	283.000000
946.647522	283.000000
946.835571	246.000000
947.023560	242.000000
947.211548	271.000000
947.399536	277.000000
947.587524	251.000000
947.775513	245.000000
947.963501	300.000000
948.151489	277.000000
948.339478	252.000000
948.527527	229.000000
948.715515	273.000000
948.903503	284.000000
949.091492	252.000000
949.279480	228.000000
949.467346	278.000000
949.655334	278.000000
949.843323	256.000000
950.031311	244.000000
950.219299	287.000000
950.407227	267.000000
950.595215	227.000000
950.783203	242.000000
950.971191	273.000000
951.159180	262.000000
951.347168	232.000000
951.535156	227.000000
951.723145	287.000000
951.911133	300.000000
952.099060	229.000000
952.287048	242.000000
952.475037	290.000000
952.663025	267.000000
952.851013	247.000000
953.038940	244.000000
953.226929	279.000000
953.414917	274.000000
953.602905	243.000000
953.790833	250.000000
953.978821	289.000000
954.166809	276.000000
954.354614	261.000000
954.542603	244.000000
954.730591	288.000000
954.918518	279.000000
955.106506	233.000000
955.294495	257.000000
955.482422	274.000000
955.670410	268.000000
955.858337	258.000000
956.046326	250.000000
956.234253	271.000000
956.422241	275.000000
956.610168	233.000000
956.798157	236.000000
956.986084	296.000000
957.174072	251.000000
957.362000	235.000000
957.549988	250.000000
957.737915	278.000000
957.925903	293.000000
958.113831	240.000000
958.301819	250.000000
958.489746	272.000000
958.677673	274.000000
958.865662	266.000000
959.053589	249.000000
959.241455	276.000000
959.429382	252.000000
959.617310	253.000000
959.805237	237.000000
959.993225	269.000000
960.181152	272.000000
960.369080	234.000000
960.557068	243.000000
960.744995	266.000000
960.932922	268.000000
961.120850	251.000000
961.308777	253.000000
961.496765	273.000000
961.684692	272.000000
961.872620	256.000000
962.060547	239.000000
962.248474	275.000000
962.436401	276.000000
962.624329	252.000000
962.812317	234.000000
963.000244	290.000000
963.188171	270.000000
963.376099	248.000000
963.564026	240.000000
963.751953	294.000000
963.939880	274.000000
964.127686	235.000000
964.315613	254.000000
964.503540	278.000000
964.691467	271.000000
964.879395	247.000000
965.067322	248.000000
965.255249	276.000000
965.443115	295.000000
965.631042	247.000000
965.818970	233.000000
966.006897	264.000000
966.194824	290.000000
966.382751	246.000000
966.570679	245.000000
966.758545	273.000000
966.946472	272.000000
967.134399	262.000000
967.322327	232.000000
967.510193	278.000000
967.698120	262.000000
967.886047	236.000000
968.073975	246.000000
968.261841	279.000000
968.449768	267.000000
968.637695	245.000000
968.825562	241.000000
969.013367	283.000000
969.201294	275.000000
969.389160	248.000000
969.577087	251.000000
969.764954	286.000000
969.952881	260.000000
970.140747	249.000000
970.328674	251.000000
970.516602	272.000000
970.704468	285.000000
970.892395	269.000000
971.080261	238.000000
971.268188	285.000000
971.456055	275.000000
971.643921	236.000000
971.831848	256.000000
972.019714	274.000000
972.207642	286.000000
972.395508	245.000000
972.583374	236.000000
972.771301	277.000000
972.959167	278.000000
973.147034	242.000000
973.334961	239.000000
973.522827	270.000000
973.710693	267.000000
973.898499	247.000000
974.086365	248.000000
974.274231	273.000000
974.462097	268.000000
974.649963	245.000000
974.837891	235.000000
975.025757	266.000000
975.213623	265.000000
975.401489	237.000000
975.589355	252.000000
975.777222	266.000000
975.965088	256.000000
976.153015	273.000000
976.340881	241.000000
976.528748	276.000000
976.716614	277.000000
976.904480	233.000000
977.092346	263.000000
977.280212	270.000000
977.468079	275.000000
977.655945	249.000000
977.843811	249.000000
978.031677	258.000000
978.219543	258.000000
978.407349	244.000000
978.595215	236.000000
978.782959	300.000000
978.970825	284.000000
979.158691	234.000000
979.346558	230.000000
979.534424	295.000000
979.722229	295.000000
979.910095	258.000000
980.097961	260.000000
980.285828	284.000000
980.473633	261.000000
980.661499	247.000000
980.849365	244.000000
981.037231	276.000000
981.225037	270.000000
981.412903	242.000000
981.600769	238.000000
981.788574	288.000000
981.976440	282.000000
982.164246	242.000000
982.352112	248.000000
982.539978	272.000000
982.727783	263.000000
982.915649	251.000000
983.103455	256.000000
983.291321	266.000000
983.479126	267.000000
983.666870	249.000000
983.854675	236.000000
984.042542	291.000000
984.230347	276.000000
984.418152	239.000000
984.606018	260.000000
984.793823	282.000000
984.981689	260.000000
985.169495	241.000000
985.357300	244.000000
985.545166	288.000000
985.732971	272.000000
985.920776	273.000000
986.108582	239.000000
986.296448	280.000000
986.484253	283.000000
986.672058	247.000000
986.859863	242.000000
987.047668	266.000000
987.235535	268.000000
987.423340	267.000000
987.611145	245.000000
987.798950	282.000000
987.986755	273.000000
988.174561	250.000000
988.362366	243.000000
988.550049	278.000000
988.737854	275.000000
988.925659	240.000000
989.113464	241.000000
989.301270	279.000000
989.489075	273.000000
989.676880	244.000000
989.864685	260.000000
990.052490	273.000000
990.240295	291.000000
990.428101	240.000000
990.615906	227.000000
990.803711	285.000000
990.991516	280.000000
991.179321	250.000000
991.367065	251.000000
991.554871	274.000000
991.742676	264.000000
991.930481	240.000000
992.118225	240.000000
992.306030	269.000000
992.493835	283.000000
992.681641	250.000000
992.869385	266.000000
993.057190	282.000000
993.244995	266.000000
993.432617	241.000000
993.620422	235.000000
993.808167	293.000000
993.995972	267.000000
994.183777	246.000000
994.371521	241.000000
994.559326	285.000000
994.747070	276.000000
994.934875	251.000000
995.122620	234.000000
995.310425	293.000000
995.498169	266.000000
995.685974	242.000000
995.873718	242.000000
996.061462	270.000000
996.249268	261.000000
996.437012	247.000000
996.624756	234.000000
996.812561	269.000000
997.000305	266.000000
997.188049	250.000000
997.375854	244.000000
997.563599	284.000000
997.751343	270.000000
997.939087	233.000000
998.126892	257.000000
998.314514	268.000000
998.502258	248.000000
998.690002	243.000000
998.877747	244.000000
999.065491	267.000000
999.253235	273.000000
999.440979	254.000000
999.628784	243.000000
999.816528	283.000000
1000.004272	260.000000
1000.192017	0.000000
1000.379761	0.000000
1000.567505	0.000000
1000.755249	0.000000
1000.942993	0.000000
1001.130676	0.000000
1001.318420	0.000000
1001.506165	0.000000
1001.693909	0.000000
1001.881653	0.000000
1002.069397	0.000000
1002.257141	0.000000
1002.444824	0.000000
1002.632568	0.000000
1002.820312	0.000000
1003.008057	0.000000
1003.195679	0.000000
1003.383362	0.000000
1003.571106	0.000000
1003.758850	0.000000
1003.946533	0.000000
1004.134277	0.000000
1004.322021	0.000000
1004.509705	0.000000
1004.697449	0.000000
1004.885132	0.000000
1005.072876	0.000000
1005.260559	0.000000
1005.448303	0.000000
1005.635986	0.000000
1005.823730	0.000000
1006.011414	0.000000
1006.199158	0.000000
1006.386841	0.000000
1006.574585	0.000000
1006.762268	0.000000
1006.949951	0.000000
1007.137695	0.000000
1007.325378	0.000000
1007.513062	0.000000
1007.700806	0.000000
1007.888489	0.000000
1008.076050	0.000000
1008.263794	0.000000
1008.451477	0.000000
1008.639160	0.000000
1008.826843	0.000000
1009.014526	0.000000
1009.202271	0.000000
1009.389954	0.000000
1009.577637	0.000000
1009.765320	0.000000
1009.953003	0.000000
1010.140686	0.000000
1010.328369	0.000000
1010.516052	0.000000
1010.703735	0.000000
1010.891418	0.000000
1011.079102	0.000000
1011.266785	0.000000
1011.454468	0.000000
1011.642151	0.000000
1011.829834	0.000000
1012.017517	0.000000
1012.205139	0.000000
1012.392822	0.000000
1012.580505	0.000000
1012.768188	0.000000
1012.955750	0.000000
1013.143372	0.000000
1013.331055	0.000000
1013.518738	0.000000
1013.706421	0.000000
1013.894043	0.000000
1014.081726	0.000000
1014.269409	0.000000
1014.457031	0.000000
1014.644714	0.000000
1014.832336	0.000000
1015.020020	0.000000
1015.207703	0.000000
