333.051300	0.000000
333.235016	0.000000
333.418732	0.000000
333.602448	0.000000
333.786163	0.000000
333.969879	0.000000
334.153625	0.000000
334.337372	0.000000
334.521088	0.000000
334.704834	0.000000
334.888550	0.000000
335.072327	0.000000
335.256073	0.000000
335.439819	0.000000
335.623596	0.000000
335.807343	0.000000
335.991119	0.000000
336.174866	0.000000
336.358643	0.000000
336.542419	0.000000
336.726196	0.000000
336.909973	0.000000
337.093750	0.000000
337.277527	0.000000
337.461304	0.000000
337.645111	0.000000
337.828918	0.000000
338.012726	0.000000
338.196533	0.000000
338.380341	0.000000
338.564117	0.000000
338.747925	0.000000
338.931763	0.000000
339.115570	0.000000
339.299408	0.000000
339.483215	0.000000
339.667023	0.000000
339.850861	0.000000
340.034698	0.000000
340.218536	0.000000
340.402405	0.000000
340.586243	0.000000
340.770111	0.000000
340.953918	0.000000
341.137787	0.000000
341.321655	0.000000
341.505524	0.000000
341.689392	0.000000
341.873260	0.000000
342.057098	0.000000
342.240967	0.000000
342.424866	0.000000
342.608734	0.000000
342.792633	0.000000
342.976532	0.000000
343.160431	0.000000
343.344299	0.000000
343.528198	0.000000
343.712097	0.000000
343.895996	0.000000
344.079926	0.000000
344.263824	0.000000
344.447723	0.000000
344.631653	0.000000
344.815552	0.000000
344.999481	0.000000
345.183411	0.000000
345.367371	0.000000
345.551300	0.000000
345.735199	0.000000
345.919159	0.000000
346.103088	0.000000
346.287048	0.000000
346.471008	0.000000
346.654968	0.000000
346.838898	0.000000
347.022858	0.000000
347.206818	0.000000
347.390778	0.000000
347.574768	0.000000
347.758728	0.000000
347.942719	0.000000
348.126678	0.000000
348.310669	0.000000
348.494659	0.000000
348.678650	0.000000
348.862640	0.000000
349.046631	0.000000
349.230591	0.000000
349.414612	0.000000
349.598602	0.000000
349.782623	0.000000
349.966644	236.000000
350.150665	286.000000
350.334686	288.000000
350.518677	258.000000
350.702698	248.000000
350.886749	273.000000
351.070770	283.000000
351.254822	243.000000
351.438843	244.000000
351.622864	288.000000
351.806915	265.000000
351.990967	255.000000
352.175018	256.000000
352.359070	279.000000
352.543121	279.000000
352.727203	242.000000
352.911224	270.000000
353.095306	287.000000
353.279358	263.000000
353.463440	242.000000
353.647522	242.000000
353.831604	290.000000
354.015656	281.000000
354.199738	240.000000
354.383850	241.000000
354.567932	292.000000
354.752045	290.000000
354.936127	250.000000
355.120239	258.000000
355.304321	288.000000
355.488434	284.000000
355.672546	254.000000
355.856659	254.000000
356.040771	279.000000
356.224915	276.000000
356.408997	245.000000
356.593140	246.000000
356.777252	296.000000
356.961395	279.000000
357.145538	248.000000
357.329681	254.000000
357.513824	277.000000
357.697937	274.000000
357.882111	242.000000
358.066254	258.000000
358.250397	277.000000
358.434570	278.000000
358.618744	254.000000
358.802887	249.000000
358.987061	268.000000
359.171234	290.000000
359.355408	262.000000
359.539581	245.000000
359.723755	290.000000
359.907959	290.000000
360.092102	252.000000
360.276306	245.000000
360.460510	285.000000
360.644684	276.000000
360.828888	255.000000
361.013092	258.000000
361.197296	305.000000
361.381500	300.000000
361.565704	250.000000
361.749939	232.000000
361.934143	275.000000
362.118378	282.000000
362.302612	245.000000
362.486786	228.000000
362.671021	284.000000
362.855255	294.000000
363.039520	233.000000
363.223755	242.000000
363.407990	275.000000
363.592224	275.000000
363.776459	251.000000
363.960724	256.000000
364.144989	272.000000
364.329254	278.000000
364.513519	267.000000
364.697784	239.000000
364.882019	288.000000
365.066284	278.000000
365.250580	239.000000
365.434845	249.000000
365.619141	276.000000
365.803436	285.000000
365.987701	244.000000
366.171967	238.000000
366.356262	284.000000
366.540558	285.000000
366.724884	244.000000
366.909180	254.000000
367.093445	292.000000
367.277771	291.000000
367.462097	242.000000
367.646393	252.000000
367.830719	279.000000
368.015045	268.000000
368.199371	252.000000
368.383698	240.000000
368.567993	281.000000
368.752350	272.000000
368.936676	233.000000
369.121033	248.000000
369.305359	284.000000
369.489685	289.000000
369.674042	250.000000
369.858398	265.000000
370.042755	288.000000
370.227112	266.000000
370.411469	240.000000
370.595856	244.000000
370.780212	280.000000
370.964569	305.000000
371.148926	258.000000
371.333313	243.000000
371.517700	280.000000
371.702087	268.000000
371.886444	242.000000
372.070831	254.000000
372.255219	262.000000
372.439636	288.000000
372.624023	245.000000
372.808441	257.000000
372.992828	278.000000
373.177246	277.000000
373.361633	245.000000
373.546051	246.000000
373.730469	284.000000
373.914886	275.000000
374.099304	248.000000
374.283722	236.000000
374.468140	279.000000
374.652588	266.000000
374.837006	240.000000
375.021454	245.000000
375.205902	282.000000
375.390350	279.000000
375.574799	263.000000
375.759216	234.000000
375.943665	268.000000
376.128143	284.000000
376.312592	263.000000
376.497070	257.000000
376.681488	286.000000
376.865967	277.000000
377.050446	243.000000
377.234924	240.000000
377.419403	275.000000
377.603882	303.000000
377.788361	245.000000
377.972870	239.000000
378.157318	279.000000
378.341827	265.000000
378.526306	254.000000
378.710815	246.000000
378.895325	294.000000
379.079803	270.000000
379.264313	256.000000
379.448822	262.000000
379.633331	293.000000
379.817841	286.000000
380.002380	249.000000
380.186890	244.000000
380.371429	296.000000
380.555939	262.000000
380.740479	233.000000
380.924988	250.000000
381.109528	286.000000
381.294098	286.000000
381.478607	240.000000
381.663147	245.000000
381.847717	282.000000
382.032257	288.000000
382.216827	244.000000
382.401367	244.000000
382.585937	297.000000
382.770508	282.000000
382.955048	266.000000
383.139618	243.000000
383.324188	280.000000
383.508789	281.000000
383.693359	256.000000
383.877930	256.000000
384.062500	301.000000
384.247101	288.000000
384.431702	263.000000
384.616302	253.000000
384.800903	296.000000
384.985504	302.000000
385.170105	239.000000
385.354675	251.000000
385.539276	288.000000
385.723907	287.000000
385.908508	256.000000
386.093140	247.000000
386.277740	309.000000
386.462372	287.000000
386.647003	242.000000
386.831635	249.000000
387.016266	288.000000
387.200897	279.000000
387.385559	253.000000
387.570190	267.000000
387.754791	282.000000
387.939453	287.000000
388.124115	244.000000
388.308777	276.000000
388.493439	311.000000
388.678070	292.000000
388.862732	266.000000
389.047394	242.000000
389.232056	290.000000
389.416748	289.000000
389.601410	243.000000
389.786102	258.000000
389.970795	285.000000
390.155426	276.000000
390.340118	265.000000
390.524811	252.000000
390.709503	285.000000
390.894196	305.000000
391.078888	243.000000
391.263580	242.000000
391.448303	300.000000
391.632996	288.000000
391.817719	250.000000
392.002441	271.000000
392.187134	306.000000
392.371857	284.000000
392.556549	262.000000
392.741302	251.000000
392.926025	313.000000
393.110748	282.000000
393.295502	251.000000
393.480194	257.000000
393.664948	299.000000
393.849670	317.000000
394.034424	272.000000
394.219177	281.000000
394.403931	289.000000
394.588684	291.000000
394.773468	253.000000
394.958191	260.000000
395.142944	286.000000
395.327728	285.000000
395.512482	283.000000
395.697266	238.000000
395.882019	298.000000
396.066803	304.000000
396.251587	257.000000
396.436371	261.000000
396.621155	285.000000
396.805939	283.000000
396.990723	270.000000
397.175537	256.000000
397.360291	283.000000
397.545105	296.000000
397.729919	245.000000
397.914703	247.000000
398.099518	289.000000
398.284302	288.000000
398.469116	250.000000
398.653961	263.000000
398.838776	297.000000
399.023590	296.000000
399.208435	247.000000
399.393250	243.000000
399.578094	310.000000
399.762909	294.000000
399.947754	267.000000
400.132599	249.000000
400.317444	295.000000
400.502289	291.000000
400.687103	258.000000
400.871948	262.000000
401.056824	272.000000
401.241669	300.000000
401.426544	262.000000
401.611420	249.000000
401.796265	306.000000
401.981140	284.000000
402.165985	257.000000
402.350861	247.000000
402.535767	302.000000
402.720642	290.000000
402.905518	271.000000
403.090393	275.000000
403.275269	289.000000
403.460175	304.000000
403.645081	262.000000
403.829956	247.000000
404.014862	277.000000
404.199768	295.000000
404.384674	291.000000
404.569580	263.000000
404.754486	323.000000
404.939392	301.000000
405.124329	254.000000
405.309235	268.000000
405.494141	299.000000
405.679077	301.000000
405.864014	255.000000
406.048950	258.000000
406.233887	319.000000
406.418823	296.000000
406.603760	270.000000
406.788696	264.000000
406.973633	292.000000
407.158569	308.000000
407.343536	267.000000
407.528473	265.000000
407.713440	319.000000
407.898376	301.000000
408.083344	269.000000
408.268311	249.000000
408.453278	310.000000
408.638275	304.000000
408.823242	256.000000
409.008209	273.000000
409.193207	300.000000
409.378143	296.000000
409.563141	268.000000
409.748138	277.000000
409.933136	310.000000
410.118134	302.000000
410.303101	295.000000
410.488098	274.000000
410.673096	339.000000
410.858124	336.000000
411.043121	292.000000
411.228149	291.000000
411.413147	353.000000
411.598175	325.000000
411.783173	290.000000
411.968201	297.000000
412.153229	313.000000
412.338257	315.000000
412.523285	257.000000
412.708282	242.000000
412.893341	312.000000
413.078369	304.000000
413.263428	250.000000
413.448456	245.000000
413.633514	312.000000
413.818573	286.000000
414.003632	234.000000
414.188660	249.000000
414.373718	307.000000
414.558777	296.000000
414.743835	250.000000
414.928925	287.000000
415.113953	312.000000
415.299042	311.000000
415.484100	260.000000
415.669189	241.000000
415.854279	309.000000
416.039368	299.000000
416.224457	238.000000
416.409546	252.000000
416.594604	315.000000
416.779694	301.000000
416.964813	255.000000
417.149902	259.000000
417.335022	313.000000
417.520081	314.000000
417.705200	266.000000
417.890320	264.000000
418.075439	306.000000
418.260559	325.000000
418.445679	261.000000
418.630798	266.000000
418.815918	299.000000
419.001038	297.000000
419.186157	259.000000
419.371307	255.000000
419.556427	307.000000
419.741577	308.000000
419.926697	250.000000
420.111847	253.000000
420.296997	315.000000
420.482147	292.000000
420.667297	244.000000
420.852448	246.000000
421.037628	312.000000
421.222778	298.000000
421.407928	252.000000
421.593079	251.000000
421.778259	307.000000
421.963440	306.000000
422.148621	252.000000
422.333771	246.000000
422.518951	337.000000
422.704132	302.000000
422.889313	272.000000
423.074493	237.000000
423.259705	301.000000
423.444885	277.000000
423.630096	279.000000
423.815277	250.000000
424.000458	310.000000
424.185669	313.000000
424.370880	247.000000
424.556091	243.000000
424.741272	297.000000
424.926514	306.000000
425.111725	245.000000
425.296936	251.000000
425.482178	325.000000
425.667389	294.000000
425.852631	250.000000
426.037872	248.000000
426.223083	310.000000
426.408325	292.000000
426.593567	245.000000
426.778809	262.000000
426.964050	303.000000
427.149261	302.000000
427.334534	271.000000
427.519775	262.000000
427.705048	297.000000
427.890289	311.000000
428.075562	282.000000
428.260834	258.000000
428.446106	290.000000
428.631348	320.000000
428.816620	251.000000
429.001892	259.000000
429.187164	302.000000
429.372467	296.000000
429.557709	252.000000
429.743011	247.000000
429.928284	316.000000
430.113586	294.000000
430.298889	254.000000
430.484161	243.000000
430.669464	294.000000
430.854767	304.000000
431.040070	249.000000
431.225372	239.000000
431.410675	306.000000
431.596008	291.000000
431.781311	263.000000
431.966614	248.000000
432.151917	321.000000
432.337250	290.000000
432.522583	256.000000
432.707916	273.000000
432.893250	320.000000
433.078583	322.000000
433.263916	248.000000
433.449219	253.000000
433.634583	330.000000
433.819916	310.000000
434.005280	266.000000
434.190613	264.000000
434.375946	325.000000
434.561310	340.000000
434.746674	275.000000
434.932037	252.000000
435.117401	326.000000
435.302765	344.000000
435.488129	287.000000
435.673492	295.000000
435.858856	360.000000
436.044220	359.000000
436.229614	310.000000
436.415009	308.000000
436.600372	397.000000
436.785736	355.000000
436.971130	306.000000
437.156525	281.000000
437.341919	328.000000
437.527313	335.000000
437.712738	293.000000
437.898132	271.000000
438.083527	333.000000
438.268921	322.000000
438.454346	339.000000
438.639740	278.000000
438.825165	337.000000
439.010590	320.000000
439.195984	267.000000
439.381409	260.000000
439.566833	306.000000
439.752258	309.000000
439.937683	259.000000
440.123138	254.000000
440.308563	324.000000
440.494019	321.000000
440.679413	261.000000
440.864868	263.000000
441.050323	338.000000
441.235779	315.000000
441.421234	270.000000
441.606659	271.000000
441.792114	349.000000
441.977570	311.000000
442.163055	250.000000
442.348511	248.000000
442.533997	299.000000
442.719452	298.000000
442.904938	249.000000
443.090393	260.000000
443.275848	294.000000
443.461334	297.000000
443.646820	242.000000
443.832306	254.000000
444.017792	310.000000
444.203278	300.000000
444.388763	252.000000
444.574280	283.000000
444.759766	348.000000
444.945282	328.000000
445.130768	271.000000
445.316284	257.000000
445.501770	340.000000
445.687286	318.000000
445.872803	250.000000
446.058319	269.000000
446.243835	318.000000
446.429321	318.000000
446.614868	259.000000
446.800385	256.000000
446.985931	314.000000
447.171448	312.000000
447.356995	245.000000
447.542542	257.000000
447.728088	304.000000
447.913605	305.000000
448.099152	262.000000
448.284698	265.000000
448.470245	327.000000
448.655792	329.000000
448.841339	263.000000
449.026886	270.000000
449.212463	334.000000
449.398010	353.000000
449.583588	280.000000
449.769165	276.000000
449.954712	346.000000
450.140289	329.000000
450.325836	270.000000
450.511444	275.000000
450.697021	306.000000
450.882599	338.000000
451.068176	260.000000
451.253754	261.000000
451.439331	312.000000
451.624939	336.000000
451.810547	266.000000
451.996124	252.000000
452.181732	328.000000
452.367340	295.000000
452.552948	258.000000
452.738525	256.000000
452.924164	306.000000
453.109772	308.000000
453.295380	275.000000
453.481018	251.000000
453.666595	309.000000
453.852234	300.000000
454.037842	244.000000
454.223480	266.000000
454.409119	313.000000
454.594757	309.000000
454.780396	264.000000
454.966034	263.000000
455.151642	302.000000
455.337311	316.000000
455.522949	268.000000
455.708588	237.000000
455.894257	322.000000
456.079865	294.000000
456.265533	258.000000
456.451202	256.000000
456.636871	319.000000
456.822540	291.000000
457.008209	259.000000
457.193878	252.000000
457.379547	290.000000
457.565186	296.000000
457.750854	253.000000
457.936554	246.000000
458.122223	317.000000
458.307922	307.000000
458.493591	236.000000
458.679260	245.000000
458.864960	326.000000
459.050659	297.000000
459.236359	256.000000
459.422058	268.000000
459.607758	313.000000
459.793457	324.000000
459.979156	243.000000
460.164856	244.000000
460.350586	308.000000
460.536285	306.000000
460.722015	261.000000
460.907715	257.000000
461.093414	296.000000
461.279144	310.000000
461.464874	256.000000
461.650604	247.000000
461.836334	306.000000
462.022064	311.000000
462.207825	251.000000
462.393555	238.000000
462.579285	312.000000
462.765015	312.000000
462.950775	244.000000
463.136475	258.000000
463.322235	307.000000
463.507996	306.000000
463.693756	267.000000
463.879517	247.000000
464.065277	317.000000
464.251038	312.000000
464.436798	260.000000
464.622589	252.000000
464.808350	319.000000
464.994110	315.000000
465.179871	264.000000
465.365662	273.000000
465.551422	325.000000
465.737183	311.000000
465.922974	248.000000
466.108765	248.000000
466.294556	319.000000
466.480347	305.000000
466.666168	248.000000
466.851959	254.000000
467.037750	306.000000
467.223572	326.000000
467.409332	264.000000
467.595154	258.000000
467.780975	331.000000
467.966736	301.000000
468.152557	259.000000
468.338379	261.000000
468.524200	334.000000
468.710022	306.000000
468.895844	256.000000
469.081696	277.000000
469.267517	305.000000
469.453339	321.000000
469.639191	260.000000
469.824982	258.000000
470.010834	321.000000
470.196686	314.000000
470.382507	296.000000
470.568329	262.000000
470.754181	315.000000
470.940033	314.000000
471.125916	250.000000
471.311768	296.000000
471.497620	328.000000
471.683472	327.000000
471.869354	270.000000
472.055206	294.000000
472.241058	305.000000
472.426910	304.000000
472.612793	282.000000
472.798645	270.000000
472.984528	314.000000
473.170410	312.000000
473.356293	252.000000
473.542175	256.000000
473.728058	330.000000
473.913971	300.000000
474.099854	279.000000
474.285736	270.000000
474.471649	316.000000
474.657532	337.000000
474.843414	287.000000
475.029327	272.000000
475.215210	316.000000
475.401123	316.000000
475.587036	254.000000
475.772949	254.000000
475.958862	319.000000
476.144775	303.000000
476.330719	261.000000
476.516632	257.000000
476.702545	308.000000
476.888489	305.000000
477.074402	256.000000
477.260315	260.000000
477.446259	328.000000
477.632172	307.000000
477.818115	263.000000
478.004059	263.000000
478.190002	340.000000
478.375946	323.000000
478.561890	258.000000
478.747864	255.000000
478.933807	326.000000
479.119751	317.000000
479.305725	266.000000
479.491669	265.000000
479.677612	310.000000
479.863586	331.000000
480.049530	269.000000
480.235504	265.000000
480.421478	327.000000
480.607452	336.000000
480.793427	279.000000
480.979401	290.000000
481.165405	344.000000
481.351379	348.000000
481.537354	297.000000
481.723358	284.000000
481.909332	354.000000
482.095306	357.000000
482.281311	311.000000
482.467285	295.000000
482.653290	345.000000
482.839294	353.000000
483.025299	296.000000
483.211304	292.000000
483.397308	327.000000
483.583344	330.000000
483.769348	255.000000
483.955353	264.000000
484.141388	310.000000
484.327393	313.000000
484.513397	254.000000
484.699432	242.000000
484.885437	330.000000
485.071472	314.000000
485.257507	261.000000
485.443542	260.000000
485.629578	312.000000
485.815613	304.000000
486.001648	254.000000
486.187714	274.000000
486.373749	312.000000
486.559814	315.000000
486.745819	258.000000
486.931885	254.000000
487.117950	316.000000
487.303986	317.000000
487.490051	255.000000
487.676117	260.000000
487.862183	290.000000
488.048248	317.000000
488.234314	248.000000
488.420380	262.000000
488.606445	308.000000
488.792542	313.000000
488.978607	262.000000
489.164673	258.000000
489.350769	322.000000
489.536835	320.000000
489.722900	267.000000
489.908997	261.000000
490.095093	309.000000
490.281189	337.000000
490.467285	268.000000
490.653381	280.000000
490.839508	283.000000
491.025604	302.000000
491.211700	264.000000
491.397827	245.000000
491.583893	316.000000
491.770020	317.000000
491.956146	254.000000
492.142212	270.000000
492.328339	298.000000
492.514465	298.000000
492.700592	264.000000
492.886719	252.000000
493.072845	304.000000
493.258972	286.000000
493.445129	256.000000
493.631256	245.000000
493.817413	331.000000
494.003510	315.000000
494.189667	246.000000
494.375793	263.000000
494.561920	324.000000
494.748077	299.000000
494.934235	240.000000
495.120392	253.000000
495.306549	306.000000
495.492706	323.000000
495.678864	263.000000
495.865021	258.000000
496.051178	318.000000
496.237366	323.000000
496.423492	255.000000
496.609680	273.000000
496.795837	304.000000
496.981995	301.000000
497.168182	259.000000
497.354370	251.000000
497.540558	294.000000
497.726746	296.000000
497.912933	256.000000
498.099121	258.000000
498.285309	311.000000
498.471497	291.000000
498.657715	263.000000
498.843872	239.000000
499.030090	335.000000
499.216278	302.000000
499.402466	247.000000
499.588654	251.000000
499.774872	318.000000
499.961090	310.000000
500.147308	253.000000
500.333527	247.000000
500.519745	322.000000
500.705963	347.000000
500.892181	263.000000
501.078430	244.000000
501.264618	314.000000
501.450836	293.000000
501.637085	249.000000
501.823303	252.000000
502.009521	303.000000
502.195770	328.000000
502.382019	257.000000
502.568268	243.000000
502.754486	313.000000
502.940735	311.000000
503.127014	240.000000
503.313263	252.000000
503.499512	303.000000
503.685730	318.000000
503.872009	257.000000
504.058258	252.000000
504.244507	327.000000
504.430756	304.000000
504.617035	261.000000
504.803314	267.000000
504.989563	316.000000
505.175842	309.000000
505.362122	280.000000
505.548401	253.000000
505.734680	305.000000
505.920959	299.000000
506.107239	259.000000
506.293518	269.000000
506.479797	319.000000
506.666077	320.000000
506.852356	264.000000
507.038666	260.000000
507.224945	332.000000
507.411255	310.000000
507.597565	259.000000
507.783875	267.000000
507.970184	324.000000
508.156494	315.000000
508.342804	256.000000
508.529083	279.000000
508.715393	310.000000
508.901703	316.000000
509.088013	258.000000
509.274323	257.000000
509.460663	305.000000
509.646973	304.000000
509.833313	280.000000
510.019653	270.000000
510.205963	318.000000
510.392303	316.000000
510.578644	272.000000
510.764984	252.000000
510.951294	318.000000
511.137634	335.000000
511.324005	254.000000
511.510315	246.000000
511.696655	332.000000
511.883026	308.000000
512.069397	250.000000
512.255737	265.000000
512.442078	319.000000
512.628479	315.000000
512.814819	255.000000
513.001160	264.000000
513.187561	308.000000
513.373901	305.000000
513.560303	289.000000
513.746643	262.000000
513.932983	320.000000
514.119385	310.000000
514.305725	259.000000
514.492126	260.000000
514.678528	320.000000
514.864868	316.000000
515.051270	269.000000
515.237671	271.000000
515.424072	315.000000
515.610474	330.000000
515.796814	296.000000
515.983215	259.000000
516.169617	325.000000
516.356018	326.000000
516.542419	266.000000
516.728821	284.000000
516.915222	348.000000
517.101624	332.000000
517.288086	278.000000
517.474487	273.000000
517.660889	316.000000
517.847290	326.000000
518.033752	299.000000
518.220154	280.000000
518.406616	355.000000
518.593018	345.000000
518.779358	304.000000
518.965820	297.000000
519.152283	353.000000
519.338684	356.000000
519.525146	285.000000
519.711548	267.000000
519.898010	290.000000
520.084473	324.000000
520.270935	255.000000
520.457336	253.000000
520.643738	313.000000
520.830200	323.000000
521.016663	261.000000
521.203125	264.000000
521.389587	305.000000
521.576050	310.000000
521.762512	260.000000
521.948975	256.000000
522.135437	306.000000
522.321899	310.000000
522.508362	248.000000
522.694885	263.000000
522.881348	330.000000
523.067810	313.000000
523.254272	260.000000
523.440796	262.000000
523.627197	312.000000
523.813721	296.000000
524.000183	258.000000
524.186646	275.000000
524.373169	327.000000
524.559692	333.000000
524.746155	265.000000
524.932678	256.000000
525.119141	319.000000
525.305664	310.000000
525.492126	271.000000
525.678589	278.000000
525.865112	312.000000
526.051636	310.000000
526.238159	256.000000
526.424683	264.000000
526.611206	326.000000
526.797729	323.000000
526.984253	255.000000
527.170776	264.000000
527.357300	314.000000
527.543823	307.000000
527.730347	280.000000
527.916870	257.000000
528.103394	306.000000
528.289917	298.000000
528.476440	260.000000
528.662964	255.000000
528.849487	299.000000
529.036072	301.000000
529.222595	244.000000
529.409119	248.000000
529.595703	315.000000
529.782227	303.000000
529.968811	249.000000
530.155334	269.000000
530.341858	306.000000
530.528381	309.000000
530.714966	250.000000
530.901550	248.000000
531.088074	285.000000
531.274658	325.000000
531.461243	253.000000
531.647827	252.000000
531.834412	307.000000
532.020996	302.000000
532.207520	277.000000
532.394104	273.000000
532.580688	327.000000
532.767273	331.000000
532.953857	303.000000
533.140442	263.000000
533.327026	342.000000
533.513611	311.000000
533.700195	253.000000
533.886780	258.000000
534.073364	325.000000
534.260010	314.000000
534.446594	251.000000
534.633179	262.000000
534.819824	316.000000
535.006409	318.000000
535.192932	262.000000
535.379578	256.000000
535.566162	302.000000
535.752808	306.000000
535.939392	280.000000
536.126038	270.000000
536.312683	305.000000
536.499268	302.000000
536.685913	252.000000
536.872559	257.000000
537.059143	314.000000
537.245789	299.000000
537.432434	247.000000
537.619080	261.000000
537.805725	298.000000
537.992371	304.000000
538.178955	248.000000
538.365601	251.000000
538.552246	303.000000
538.738892	312.000000
538.925537	267.000000
539.112183	259.000000
539.298828	310.000000
539.485474	309.000000
539.672119	262.000000
539.858765	248.000000
540.045410	291.000000
540.232056	304.000000
540.418701	265.000000
540.605408	236.000000
540.792053	303.000000
540.978760	306.000000
541.165405	253.000000
541.352051	268.000000
541.538757	301.000000
541.725464	290.000000
541.912109	249.000000
542.098816	256.000000
542.285461	295.000000
542.472168	306.000000
542.658875	249.000000
542.845581	260.000000
543.032166	320.000000
543.218872	336.000000
543.405579	267.000000
543.592285	278.000000
543.778992	300.000000
543.965698	303.000000
544.152405	262.000000
544.339111	247.000000
544.525818	300.000000
544.712524	325.000000
544.899170	251.000000
545.085876	246.000000
545.272583	326.000000
545.459290	335.000000
545.645996	263.000000
545.832764	264.000000
546.019470	297.000000
546.206177	290.000000
546.392944	257.000000
546.579651	254.000000
546.766357	301.000000
546.953125	295.000000
547.139832	282.000000
547.326599	247.000000
547.513306	303.000000
547.700073	297.000000
547.886719	247.000000
548.073486	244.000000
548.260254	310.000000
548.446960	300.000000
548.633728	249.000000
548.820496	250.000000
549.007263	322.000000
549.193970	294.000000
549.380737	242.000000
549.567505	241.000000
549.754211	310.000000
549.940979	298.000000
550.127747	236.000000
550.314514	251.000000
550.501282	284.000000
550.688049	300.000000
550.874817	269.000000
551.061584	248.000000
551.248352	312.000000
551.435181	323.000000
551.621948	261.000000
551.808716	238.000000
551.995483	317.000000
552.182312	308.000000
552.369080	250.000000
552.555847	267.000000
552.742615	304.000000
552.929382	282.000000
553.116150	260.000000
553.302979	250.000000
553.489746	315.000000
553.676575	310.000000
553.863403	265.000000
554.050171	256.000000
554.237000	315.000000
554.423767	304.000000
554.610535	252.000000
554.797363	258.000000
554.984192	304.000000
555.170959	302.000000
555.357788	275.000000
555.544617	263.000000
555.731445	319.000000
555.918274	326.000000
556.105103	256.000000
556.291931	254.000000
556.478760	322.000000
556.665588	318.000000
556.852417	254.000000
557.039246	265.000000
557.226074	325.000000
557.412903	310.000000
557.599670	268.000000
557.786560	262.000000
557.973389	314.000000
558.160217	312.000000
558.347046	292.000000
558.533936	269.000000
558.720764	321.000000
558.907654	320.000000
559.094482	301.000000
559.281311	292.000000
559.468140	312.000000
559.654968	314.000000
559.841858	289.000000
560.028687	302.000000
560.215576	313.000000
560.402466	329.000000
560.589294	282.000000
560.776184	263.000000
560.963074	309.000000
561.149963	302.000000
561.336792	248.000000
561.523682	257.000000
561.710571	299.000000
561.897461	317.000000
562.084351	260.000000
562.271240	249.000000
562.458069	294.000000
562.644958	311.000000
562.831848	247.000000
563.018738	243.000000
563.205627	294.000000
563.392517	282.000000
563.579407	254.000000
563.766296	248.000000
563.953186	307.000000
564.140076	293.000000
564.326965	253.000000
564.513855	247.000000
564.700745	293.000000
564.887695	281.000000
565.074585	255.000000
565.261475	258.000000
565.448425	307.000000
565.635315	315.000000
565.822266	250.000000
566.009155	259.000000
566.196106	305.000000
566.382996	298.000000
566.569946	270.000000
566.756897	281.000000
566.943787	329.000000
567.130737	312.000000
567.317627	259.000000
567.504517	280.000000
567.691467	302.000000
567.878418	314.000000
568.065369	258.000000
568.252319	255.000000
568.439270	304.000000
568.626221	297.000000
568.813110	269.000000
569.000061	248.000000
569.186951	301.000000
569.373901	301.000000
569.560913	271.000000
569.747864	262.000000
569.934814	302.000000
570.121765	304.000000
570.308716	276.000000
570.495667	261.000000
570.682678	282.000000
570.869629	299.000000
571.056580	267.000000
571.243530	255.000000
571.430542	297.000000
571.617493	317.000000
571.804504	244.000000
571.991455	248.000000
572.178345	306.000000
572.365356	322.000000
572.552307	241.000000
572.739319	249.000000
572.926331	283.000000
573.113281	305.000000
573.300293	270.000000
573.487244	254.000000
573.674255	298.000000
573.861267	293.000000
574.048218	251.000000
574.235168	249.000000
574.422180	306.000000
574.609192	318.000000
574.796204	251.000000
574.983215	250.000000
575.170227	315.000000
575.357239	291.000000
575.544250	243.000000
575.731262	259.000000
575.918274	306.000000
576.105286	302.000000
576.292297	247.000000
576.479309	240.000000
576.666321	298.000000
576.853333	309.000000
577.040283	244.000000
577.227356	251.000000
577.414368	305.000000
577.601379	306.000000
577.788391	247.000000
577.975464	249.000000
578.162476	279.000000
578.349548	337.000000
578.536560	245.000000
578.723572	249.000000
578.910583	310.000000
579.097595	308.000000
579.284668	250.000000
579.471741	262.000000
579.658752	305.000000
579.845825	295.000000
580.032837	255.000000
580.219910	251.000000
580.406982	312.000000
580.593994	301.000000
580.781067	276.000000
580.968140	279.000000
581.155212	308.000000
581.342285	304.000000
581.529297	245.000000
581.716370	259.000000
581.903381	326.000000
582.090454	302.000000
582.277527	254.000000
582.464600	236.000000
582.651672	294.000000
582.838745	285.000000
583.025818	247.000000
583.212891	242.000000
583.400024	295.000000
583.587097	303.000000
583.774109	278.000000
583.961182	271.000000
584.148254	301.000000
584.335388	294.000000
584.522461	265.000000
584.709534	256.000000
584.896667	310.000000
585.083740	306.000000
585.270813	250.000000
585.457947	237.000000
585.645020	300.000000
585.832153	287.000000
586.019226	241.000000
586.206360	247.000000
586.393433	297.000000
586.580566	297.000000
586.767639	268.000000
586.954712	249.000000
587.141846	312.000000
587.328979	309.000000
587.516052	244.000000
587.703186	245.000000
587.890320	328.000000
588.077454	320.000000
588.264587	302.000000
588.451721	328.000000
588.638733	408.000000
588.825867	392.000000
589.013000	308.000000
589.200134	326.000000
589.387268	350.000000
589.574402	365.000000
589.761536	246.000000
589.948669	247.000000
590.135864	326.000000
590.322998	300.000000
590.510132	243.000000
590.697266	277.000000
590.884399	306.000000
591.071533	324.000000
591.258728	250.000000
591.445862	247.000000
591.632935	298.000000
591.820190	328.000000
592.007263	280.000000
592.194397	264.000000
592.381592	333.000000
592.568726	311.000000
592.755920	236.000000
592.943054	241.000000
593.130249	320.000000
593.317322	319.000000
593.504517	274.000000
593.691711	248.000000
593.878845	318.000000
594.066040	350.000000
594.253235	249.000000
594.440369	247.000000
594.627563	319.000000
594.814758	308.000000
595.001953	277.000000
595.189087	267.000000
595.376282	323.000000
595.563477	338.000000
595.750671	311.000000
595.937866	272.000000
596.125061	301.000000
596.312256	314.000000
596.499451	268.000000
596.686646	248.000000
596.873779	320.000000
597.060974	327.000000
597.248169	237.000000
597.435364	281.000000
597.622559	312.000000
597.809753	316.000000
597.997009	286.000000
598.184143	247.000000
598.371338	338.000000
598.558533	316.000000
598.745789	285.000000
598.932983	283.000000
599.120178	311.000000
599.307434	308.000000
599.494629	246.000000
599.681885	273.000000
599.869080	323.000000
600.056335	306.000000
600.243530	252.000000
600.430786	258.000000
600.617981	298.000000
600.805237	328.000000
600.992432	269.000000
601.179687	268.000000
601.366943	303.000000
601.554138	309.000000
601.741333	248.000000
601.928589	256.000000
602.115845	295.000000
602.303040	333.000000
602.490295	272.000000
602.677551	248.000000
602.864807	329.000000
603.052002	314.000000
603.239258	282.000000
603.426514	279.000000
603.613770	333.000000
603.801025	310.000000
603.988281	300.000000
604.175537	278.000000
604.362793	344.000000
604.550049	340.000000
604.737305	264.000000
604.924561	270.000000
605.111816	332.000000
605.299072	323.000000
605.486389	272.000000
605.673645	245.000000
605.860901	313.000000
606.048157	326.000000
606.235474	247.000000
606.422729	266.000000
606.609924	323.000000
606.797241	307.000000
606.984497	262.000000
607.171814	277.000000
607.359070	356.000000
607.546387	325.000000
607.733643	267.000000
607.920898	246.000000
608.108154	293.000000
608.295471	300.000000
608.482727	262.000000
608.670044	233.000000
608.857361	311.000000
609.044617	288.000000
609.231934	275.000000
609.419250	242.000000
609.606567	296.000000
609.793823	290.000000
609.981140	238.000000
610.168457	271.000000
610.355774	319.000000
610.543091	295.000000
610.730408	260.000000
610.917725	275.000000
611.105042	307.000000
611.292358	296.000000
611.479614	265.000000
611.666931	257.000000
611.854248	297.000000
612.041565	303.000000
612.228882	262.000000
612.416199	241.000000
612.603516	309.000000
612.790771	304.000000
612.978088	248.000000
613.165466	248.000000
613.352783	304.000000
613.540100	300.000000
613.727417	249.000000
613.914795	247.000000
614.102112	299.000000
614.289490	307.000000
614.476807	248.000000
614.664124	242.000000
614.851501	348.000000
615.038818	381.000000
615.226196	416.000000
615.413513	432.000000
615.600891	432.000000
615.788208	342.000000
615.975586	262.000000
616.162903	257.000000
616.350220	294.000000
616.537598	295.000000
616.724915	238.000000
616.912292	260.000000
617.099670	306.000000
617.287048	298.000000
617.474365	264.000000
617.661682	259.000000
617.849060	287.000000
618.036438	298.000000
618.223816	247.000000
618.411194	253.000000
618.598511	298.000000
618.785889	287.000000
618.973267	241.000000
619.160645	281.000000
619.348022	284.000000
619.535400	308.000000
619.722778	250.000000
619.910156	250.000000
620.097595	300.000000
620.284973	291.000000
620.472351	249.000000
620.659729	242.000000
620.847107	291.000000
621.034485	278.000000
621.221863	264.000000
621.409241	235.000000
621.596619	306.000000
621.783997	301.000000
621.971436	240.000000
622.158813	247.000000
622.346252	289.000000
622.533569	285.000000
622.720947	247.000000
622.908386	236.000000
623.095764	282.000000
623.283203	298.000000
623.470581	266.000000
623.658020	254.000000
623.845398	305.000000
624.032837	294.000000
624.220276	233.000000
624.407654	249.000000
624.595093	294.000000
624.782471	276.000000
624.969910	251.000000
625.157349	254.000000
625.344788	291.000000
625.532166	302.000000
625.719604	255.000000
625.907043	267.000000
626.094421	290.000000
626.281860	321.000000
626.469299	242.000000
626.656677	246.000000
626.844116	295.000000
627.031555	306.000000
627.218994	255.000000
627.406372	243.000000
627.593811	306.000000
627.781250	280.000000
627.968689	241.000000
628.156128	245.000000
628.343628	298.000000
628.531067	307.000000
628.718506	245.000000
628.905945	254.000000
629.093384	290.000000
629.280823	280.000000
629.468323	267.000000
629.655762	283.000000
629.843201	300.000000
630.030701	290.000000
630.218140	260.000000
630.405579	240.000000
630.593079	277.000000
630.780518	281.000000
630.967896	245.000000
631.155396	246.000000
631.342834	308.000000
631.530334	279.000000
631.717773	254.000000
631.905273	251.000000
632.092712	295.000000
632.280151	295.000000
632.467590	254.000000
632.655090	252.000000
632.842590	297.000000
633.030029	285.000000
633.217529	258.000000
633.405029	246.000000
633.592529	282.000000
633.779968	293.000000
633.967468	258.000000
634.154968	238.000000
634.342468	278.000000
634.529907	302.000000
634.717407	253.000000
634.904907	273.000000
635.092407	298.000000
635.279907	295.000000
635.467407	253.000000
635.654907	244.000000
635.842346	286.000000
636.029846	301.000000
636.217346	259.000000
636.404846	267.000000
636.592346	283.000000
636.779846	319.000000
636.967346	259.000000
637.154785	246.000000
637.342346	286.000000
637.529846	286.000000
637.717346	251.000000
637.904846	271.000000
638.092346	298.000000
638.279907	296.000000
638.467407	270.000000
638.654907	254.000000
638.842468	306.000000
639.029968	300.000000
639.217468	262.000000
639.405029	238.000000
639.592529	285.000000
639.780090	280.000000
639.967590	257.000000
640.155090	262.000000
640.342651	304.000000
640.530151	298.000000
640.717651	272.000000
640.905212	249.000000
641.092712	306.000000
641.280273	292.000000
641.467773	257.000000
641.655334	249.000000
641.842896	311.000000
642.030334	298.000000
642.217896	246.000000
642.405457	264.000000
642.593018	287.000000
642.780518	314.000000
642.968079	242.000000
643.155640	263.000000
643.343201	322.000000
643.530762	274.000000
643.718323	262.000000
643.905823	239.000000
644.093384	291.000000
644.280945	296.000000
644.468506	252.000000
644.656067	250.000000
644.843628	336.000000
645.031189	368.000000
645.218750	313.000000
645.406311	278.000000
645.593811	305.000000
645.781433	291.000000
645.968994	252.000000
646.156555	244.000000
646.344116	299.000000
646.531677	291.000000
646.719238	254.000000
646.906799	254.000000
647.094360	294.000000
647.281921	282.000000
647.469482	251.000000
647.657104	242.000000
647.844666	291.000000
648.032227	303.000000
648.219849	256.000000
648.407410	260.000000
648.594971	296.000000
648.782593	305.000000
648.970154	254.000000
649.157776	242.000000
649.345337	290.000000
649.532959	297.000000
649.720520	248.000000
649.908142	269.000000
650.095703	298.000000
650.283325	292.000000
650.470886	266.000000
650.658447	248.000000
650.846069	307.000000
651.033691	280.000000
651.221252	252.000000
651.408875	241.000000
651.596497	317.000000
651.784058	294.000000
651.971619	248.000000
652.159241	246.000000
652.346863	285.000000
652.534485	309.000000
652.722107	248.000000
652.909668	248.000000
653.097290	283.000000
653.284912	275.000000
653.472534	244.000000
653.660156	262.000000
653.847778	283.000000
654.035400	298.000000
654.223022	260.000000
654.410645	261.000000
654.598267	283.000000
654.785889	299.000000
654.973511	287.000000
655.161133	240.000000
655.348755	284.000000
655.536377	285.000000
655.723999	244.000000
655.911621	261.000000
656.099243	294.000000
656.286865	269.000000
656.474548	264.000000
656.662109	247.000000
656.849731	290.000000
657.037415	308.000000
657.225037	242.000000
657.412659	234.000000
657.600342	303.000000
657.787964	279.000000
657.975586	252.000000
658.163269	251.000000
658.350891	303.000000
658.538574	281.000000
658.726196	254.000000
658.913879	249.000000
659.101501	295.000000
659.289185	282.000000
659.476807	248.000000
659.664490	243.000000
659.852112	299.000000
660.039795	289.000000
660.227417	238.000000
660.415039	264.000000
660.602722	313.000000
660.790405	306.000000
660.978027	248.000000
661.165710	232.000000
661.353394	313.000000
661.541016	294.000000
661.728638	245.000000
661.916321	235.000000
662.104004	281.000000
662.291687	286.000000
662.479370	248.000000
662.666992	240.000000
662.854675	294.000000
663.042358	270.000000
663.230042	245.000000
663.417725	242.000000
663.605408	287.000000
663.793091	279.000000
663.980774	245.000000
664.168457	241.000000
664.356140	278.000000
664.543823	286.000000
664.731506	228.000000
664.919189	260.000000
665.106812	285.000000
665.294556	270.000000
665.482239	243.000000
665.669922	251.000000
665.857605	278.000000
666.045288	279.000000
666.233032	250.000000
666.420654	245.000000
666.608337	299.000000
666.796021	286.000000
666.983765	241.000000
667.171448	244.000000
667.359131	297.000000
667.546875	284.000000
667.734558	239.000000
667.922241	247.000000
668.109985	278.000000
668.297668	290.000000
668.485413	253.000000
668.673096	231.000000
668.860840	277.000000
669.048523	290.000000
669.236267	262.000000
669.423950	234.000000
669.611694	300.000000
669.799377	281.000000
669.987061	235.000000
670.174744	238.000000
670.362488	302.000000
670.550232	274.000000
670.737915	254.000000
670.925659	256.000000
671.113403	278.000000
671.301025	285.000000
671.488770	240.000000
671.676514	242.000000
671.864258	310.000000
672.052002	274.000000
672.239685	238.000000
672.427429	248.000000
672.615173	315.000000
672.802917	289.000000
672.990662	249.000000
673.178406	263.000000
673.366089	307.000000
673.553833	300.000000
673.741577	247.000000
673.929321	253.000000
674.117065	280.000000
674.304810	300.000000
674.492554	259.000000
674.680298	241.000000
674.867981	288.000000
675.055725	272.000000
675.243530	237.000000
675.431274	271.000000
675.619019	294.000000
675.806763	287.000000
675.994507	237.000000
676.182190	248.000000
676.369934	292.000000
676.557739	270.000000
676.745483	250.000000
676.933228	264.000000
677.120972	289.000000
677.308777	284.000000
677.496521	249.000000
677.684265	241.000000
677.872070	304.000000
678.059814	272.000000
678.247559	246.000000
678.435364	238.000000
678.623108	277.000000
678.810852	275.000000
678.998657	254.000000
679.186401	245.000000
679.374207	282.000000
679.561951	295.000000
679.749695	233.000000
679.937439	232.000000
680.125244	288.000000
680.312988	302.000000
680.500793	242.000000
680.688538	237.000000
680.876343	288.000000
681.064087	282.000000
681.251831	234.000000
681.439636	252.000000
681.627441	290.000000
681.815186	292.000000
682.002991	228.000000
682.190796	237.000000
682.378540	287.000000
682.566345	303.000000
682.754150	236.000000
682.941956	249.000000
683.129700	296.000000
683.317505	283.000000
683.505310	242.000000
683.693115	232.000000
683.880920	290.000000
684.068726	289.000000
684.256531	235.000000
684.444275	232.000000
684.632019	305.000000
684.819824	306.000000
685.007629	242.000000
685.195435	237.000000
685.383240	289.000000
685.571045	301.000000
685.758850	259.000000
685.946594	234.000000
686.134399	300.000000
686.322205	284.000000
686.510071	230.000000
686.697876	238.000000
686.885681	294.000000
687.073486	272.000000
687.261292	263.000000
687.449097	236.000000
687.636902	295.000000
687.824768	297.000000
688.012573	252.000000
688.200378	246.000000
688.388184	292.000000
688.576050	291.000000
688.763855	251.000000
688.951660	226.000000
689.139526	288.000000
689.327332	280.000000
689.515076	238.000000
689.702942	253.000000
689.890747	292.000000
690.078552	273.000000
690.266418	240.000000
690.454224	226.000000
690.642090	275.000000
690.829834	281.000000
691.017700	238.000000
691.205505	233.000000
691.393372	295.000000
691.581177	279.000000
691.769043	226.000000
691.956848	247.000000
692.144714	280.000000
692.332520	276.000000
692.520386	239.000000
692.708191	232.000000
692.896057	282.000000
693.083923	294.000000
693.271729	240.000000
693.459595	217.000000
693.647461	294.000000
693.835266	305.000000
694.023132	242.000000
694.210999	239.000000
694.398804	297.000000
694.586609	277.000000
694.774475	263.000000
694.962341	235.000000
695.150208	285.000000
695.338074	293.000000
695.525940	239.000000
695.713684	237.000000
695.901550	315.000000
696.089417	287.000000
696.277283	234.000000
696.465149	238.000000
696.653015	302.000000
696.840881	295.000000
697.028748	235.000000
697.216614	234.000000
697.404480	284.000000
697.592346	298.000000
697.780212	235.000000
697.968079	235.000000
698.155945	308.000000
698.343811	288.000000
698.531677	236.000000
698.719543	234.000000
698.907410	284.000000
699.095276	284.000000
699.283142	236.000000
699.471008	251.000000
699.658875	376.000000
699.846741	372.000000
700.034607	274.000000
700.222534	248.000000
700.410400	300.000000
700.598206	280.000000
700.786072	248.000000
700.973999	266.000000
701.161865	302.000000
701.349731	275.000000
701.537598	239.000000
701.725525	243.000000
701.913391	295.000000
702.101257	291.000000
702.289185	247.000000
702.477051	245.000000
702.664978	303.000000
702.852844	295.000000
703.040771	248.000000
703.228638	242.000000
703.416504	301.000000
703.604431	273.000000
703.792297	245.000000
703.980225	231.000000
704.168030	296.000000
704.355957	298.000000
704.543884	243.000000
704.731750	247.000000
704.919678	290.000000
705.107544	289.000000
705.295471	243.000000
705.483276	249.000000
705.671204	290.000000
705.859131	284.000000
706.046997	239.000000
706.234924	234.000000
706.422852	306.000000
706.610779	279.000000
706.798645	236.000000
706.986572	230.000000
707.174500	283.000000
707.362366	296.000000
707.550293	222.000000
707.738220	242.000000
707.926147	282.000000
708.114075	285.000000
708.301941	229.000000
708.489868	227.000000
708.677795	302.000000
708.865723	283.000000
709.053589	244.000000
709.241516	238.000000
709.429443	306.000000
709.617371	287.000000
709.805298	238.000000
709.993225	234.000000
710.181152	292.000000
710.369019	289.000000
710.556946	224.000000
710.744873	257.000000
710.932800	286.000000
711.120728	281.000000
711.308655	231.000000
711.496582	227.000000
711.684509	289.000000
711.872437	303.000000
712.060364	236.000000
712.248291	236.000000
712.436218	300.000000
712.624146	272.000000
712.812134	232.000000
713.000061	235.000000
713.187988	311.000000
713.375916	308.000000
713.563843	242.000000
713.751831	235.000000
713.939697	293.000000
714.127625	276.000000
714.315552	224.000000
714.503540	235.000000
714.691467	310.000000
714.879395	277.000000
715.067322	249.000000
715.255249	248.000000
715.443176	318.000000
715.631165	283.000000
715.819092	242.000000
716.007019	230.000000
716.195007	289.000000
716.382935	285.000000
716.570862	233.000000
716.758850	234.000000
716.946777	295.000000
717.134766	288.000000
717.322693	237.000000
717.510681	239.000000
717.698608	280.000000
717.886597	284.000000
718.074524	226.000000
718.262512	229.000000
718.450439	288.000000
718.638428	280.000000
718.826355	240.000000
719.014282	245.000000
719.202271	297.000000
719.390198	274.000000
719.578186	238.000000
719.766174	237.000000
719.954102	283.000000
720.142029	277.000000
720.330017	236.000000
720.517944	252.000000
720.705933	300.000000
720.893921	301.000000
721.081848	257.000000
721.269836	232.000000
721.457825	302.000000
721.645813	289.000000
721.833740	232.000000
722.021729	238.000000
722.209717	276.000000
722.397705	293.000000
722.585693	227.000000
722.773682	223.000000
722.961609	310.000000
723.149597	288.000000
723.337585	247.000000
723.525574	245.000000
723.713501	291.000000
723.901489	312.000000
724.089478	244.000000
724.277466	242.000000
724.465454	274.000000
724.653442	290.000000
724.841431	263.000000
725.029358	276.000000
725.217346	318.000000
725.405334	319.000000
725.593323	243.000000
725.781311	231.000000
725.969299	286.000000
726.157288	276.000000
726.345276	236.000000
726.533264	227.000000
726.721252	308.000000
726.909241	301.000000
727.097229	227.000000
727.285217	232.000000
727.473206	325.000000
727.661255	281.000000
727.849243	240.000000
728.037231	238.000000
728.225220	309.000000
728.413208	293.000000
728.601135	239.000000
728.789185	224.000000
728.977173	300.000000
729.165161	282.000000
729.353149	249.000000
729.541199	232.000000
729.729187	298.000000
729.917114	288.000000
730.105164	227.000000
730.293152	234.000000
730.481140	308.000000
730.669189	282.000000
730.857178	241.000000
731.045166	234.000000
731.233215	288.000000
731.421204	293.000000
731.609192	239.000000
731.797241	247.000000
731.985229	295.000000
732.173279	302.000000
732.361267	244.000000
732.549316	243.000000
732.737305	292.000000
732.925293	287.000000
733.113342	233.000000
733.301331	239.000000
733.489319	293.000000
733.677307	304.000000
733.865356	225.000000
734.053406	233.000000
734.241394	305.000000
734.429443	291.000000
734.617432	228.000000
734.805420	220.000000
734.993408	293.000000
735.181458	284.000000
735.369507	243.000000
735.557495	229.000000
735.745544	288.000000
735.933594	304.000000
736.121582	223.000000
736.309631	236.000000
736.497681	289.000000
736.685669	288.000000
736.873718	230.000000
737.061768	230.000000
737.249756	286.000000
737.437805	284.000000
737.625854	241.000000
737.813904	238.000000
738.001892	283.000000
738.189941	290.000000
738.377930	230.000000
738.565979	235.000000
738.754028	304.000000
738.942017	292.000000
739.130066	241.000000
739.318115	240.000000
739.506165	276.000000
739.694153	275.000000
739.882202	237.000000
740.070251	243.000000
740.258240	293.000000
740.446289	298.000000
740.634338	238.000000
740.822388	233.000000
741.010437	301.000000
741.198486	284.000000
741.386536	241.000000
741.574585	243.000000
741.762634	322.000000
741.950684	285.000000
742.138733	236.000000
742.326782	229.000000
742.514832	281.000000
742.702881	317.000000
742.890930	237.000000
743.078979	236.000000
743.266968	292.000000
743.455017	288.000000
743.643066	228.000000
743.831116	247.000000
744.019165	297.000000
744.207275	282.000000
744.395325	239.000000
744.583313	218.000000
744.771362	311.000000
744.959412	280.000000
745.147461	228.000000
745.335510	232.000000
745.523621	302.000000
745.711670	298.000000
745.899719	233.000000
746.087769	239.000000
746.275818	303.000000
746.463928	281.000000
746.651978	244.000000
746.840027	258.000000
747.028076	328.000000
747.216187	334.000000
747.404236	281.000000
747.592285	253.000000
747.780334	296.000000
747.968445	307.000000
748.156433	228.000000
748.344482	252.000000
748.532593	304.000000
748.720642	301.000000
748.908691	258.000000
749.096802	249.000000
749.284851	283.000000
749.472900	307.000000
749.660950	240.000000
749.848999	239.000000
750.037109	294.000000
750.225159	283.000000
750.413269	231.000000
750.601318	252.000000
750.789368	288.000000
750.977478	309.000000
751.165527	241.000000
751.353638	225.000000
751.541687	274.000000
751.729797	290.000000
751.917847	236.000000
752.105957	228.000000
752.294006	289.000000
752.482117	290.000000
752.670166	238.000000
752.858276	227.000000
753.046265	304.000000
753.234375	276.000000
753.422485	248.000000
753.610535	232.000000
753.798645	275.000000
753.986694	279.000000
754.174805	244.000000
754.362854	234.000000
754.550903	292.000000
754.739014	293.000000
754.927124	238.000000
755.115173	237.000000
755.303284	286.000000
755.491394	296.000000
755.679443	236.000000
755.867554	244.000000
756.055664	310.000000
756.243713	304.000000
756.431824	229.000000
756.619934	226.000000
756.807983	281.000000
756.996094	292.000000
757.184204	224.000000
757.372314	242.000000
757.560364	287.000000
757.748474	297.000000
757.936523	231.000000
758.124634	257.000000
758.312744	312.000000
758.500793	313.000000
758.688904	245.000000
758.877014	229.000000
759.065125	295.000000
759.253174	294.000000
759.441284	244.000000
759.629333	236.000000
759.817444	284.000000
760.005554	290.000000
760.193665	239.000000
760.381775	241.000000
760.569885	285.000000
760.757996	301.000000
760.946106	247.000000
761.134216	228.000000
761.322327	319.000000
761.510437	290.000000
761.698486	228.000000
761.886597	244.000000
762.074707	281.000000
762.262817	305.000000
762.450928	240.000000
762.639038	240.000000
762.827087	271.000000
763.015198	298.000000
763.203308	240.000000
763.391418	229.000000
763.579529	307.000000
763.767639	284.000000
763.955750	242.000000
764.143860	246.000000
764.331970	286.000000
764.520081	297.000000
764.708191	245.000000
764.896301	228.000000
765.084412	287.000000
765.272522	313.000000
765.460632	229.000000
765.648743	226.000000
765.836853	295.000000
766.024963	290.000000
766.213135	235.000000
766.401245	237.000000
766.589355	303.000000
766.777466	297.000000
766.965576	238.000000
767.153687	232.000000
767.341858	305.000000
767.529968	297.000000
767.718018	226.000000
767.906128	241.000000
768.094238	290.000000
768.282410	307.000000
768.470520	237.000000
768.658630	246.000000
768.846741	293.000000
769.034851	291.000000
769.222961	242.000000
769.411072	238.000000
769.599182	307.000000
769.787354	308.000000
769.975464	240.000000
770.163574	223.000000
770.351746	295.000000
770.539856	282.000000
770.727966	230.000000
770.916138	241.000000
771.104248	288.000000
771.292358	298.000000
771.480530	233.000000
771.668640	230.000000
771.856750	294.000000
772.044922	290.000000
772.233032	248.000000
772.421143	236.000000
772.609253	310.000000
772.797363	283.000000
772.985535	261.000000
773.173645	250.000000
773.361755	315.000000
773.549927	296.000000
773.738037	260.000000
773.926147	249.000000
774.114258	305.000000
774.302429	297.000000
774.490540	254.000000
774.678650	273.000000
774.866821	339.000000
775.054932	334.000000
775.243103	283.000000
775.431213	307.000000
775.619385	379.000000
775.807495	369.000000
775.995667	376.000000
776.183777	618.000000
776.371948	2090.000000
776.560059	3658.000000
776.748230	3708.000000
776.936340	3728.000000
777.124512	3757.000000
777.312683	3761.000000
777.500732	3657.000000
777.688904	1927.000000
777.877014	752.000000
778.065186	525.000000
778.253296	386.000000
778.441467	338.000000
778.629639	356.000000
778.817688	358.000000
779.005859	296.000000
779.193970	273.000000
779.382141	328.000000
779.570312	306.000000
779.758423	264.000000
779.946594	258.000000
780.134766	313.000000
780.322876	300.000000
780.511047	241.000000
780.699219	238.000000
780.887329	293.000000
781.075500	294.000000
781.263672	257.000000
781.451782	232.000000
781.639954	316.000000
781.828125	299.000000
782.016235	240.000000
782.204407	251.000000
782.392517	308.000000
782.580688	288.000000
782.768799	251.000000
782.956970	241.000000
783.145142	298.000000
783.333313	292.000000
783.521423	251.000000
783.709534	224.000000
783.897705	291.000000
784.085876	283.000000
784.273987	254.000000
784.462158	226.000000
784.650330	289.000000
784.838501	288.000000
785.026672	240.000000
785.214783	260.000000
785.402954	307.000000
785.591125	294.000000
785.779297	238.000000
785.967468	228.000000
786.155579	284.000000
786.343750	283.000000
786.531921	251.000000
786.720093	242.000000
786.908264	304.000000
787.096436	285.000000
787.284546	243.000000
787.472656	241.000000
787.660828	282.000000
787.848999	283.000000
788.037170	235.000000
788.225342	233.000000
788.413513	316.000000
788.601624	304.000000
788.789795	229.000000
788.977966	237.000000
789.166138	288.000000
789.354248	307.000000
789.542419	228.000000
789.730591	239.000000
789.918762	279.000000
790.106934	308.000000
790.295105	243.000000
790.483276	236.000000
790.671448	288.000000
790.859619	296.000000
791.047791	255.000000
791.235962	232.000000
791.424133	290.000000
791.612305	290.000000
791.800476	243.000000
791.988647	232.000000
792.176758	284.000000
792.364929	280.000000
792.553101	226.000000
792.741272	233.000000
792.929443	296.000000
793.117615	293.000000
793.305786	229.000000
793.493896	259.000000
793.682068	289.000000
793.870239	298.000000
794.058411	240.000000
794.246582	252.000000
794.434753	300.000000
794.622925	308.000000
794.811096	248.000000
794.999329	235.000000
795.187500	290.000000
795.375671	287.000000
795.563843	230.000000
795.752014	258.000000
795.940186	285.000000
796.128357	298.000000
796.316528	234.000000
796.504700	243.000000
796.692871	296.000000
796.881042	283.000000
797.069214	243.000000
797.257385	226.000000
797.445557	295.000000
797.633728	280.000000
797.821899	228.000000
798.010071	231.000000
798.198242	300.000000
798.386414	282.000000
798.574585	241.000000
798.762756	232.000000
798.950928	290.000000
799.139099	291.000000
799.327271	235.000000
799.515442	240.000000
799.703674	295.000000
799.891846	310.000000
800.080017	236.000000
800.268188	243.000000
800.456360	295.000000
800.644592	282.000000
800.832764	240.000000
801.020935	239.000000
801.209106	283.000000
801.397278	283.000000
801.585510	231.000000
801.773682	233.000000
801.961792	288.000000
802.149963	289.000000
802.338196	224.000000
802.526367	235.000000
802.714539	300.000000
802.902710	279.000000
803.090942	230.000000
803.279053	228.000000
803.467224	273.000000
803.655396	283.000000
803.843628	240.000000
804.031799	226.000000
804.219971	312.000000
804.408142	292.000000
804.596375	231.000000
804.784546	258.000000
804.972717	286.000000
805.160889	284.000000
805.349121	239.000000
805.537292	226.000000
805.725464	289.000000
805.913696	293.000000
806.101868	230.000000
806.290039	238.000000
806.478271	273.000000
806.666443	271.000000
806.854553	255.000000
807.042725	236.000000
807.230957	287.000000
807.419128	288.000000
807.607300	237.000000
807.795532	233.000000
807.983704	278.000000
808.171814	277.000000
808.360046	241.000000
808.548218	231.000000
808.736450	286.000000
808.924622	305.000000
809.112793	231.000000
809.301025	244.000000
809.489197	299.000000
809.677368	269.000000
809.865601	244.000000
810.053772	248.000000
810.241943	285.000000
810.430176	287.000000
810.618347	239.000000
810.806580	247.000000
810.994751	300.000000
811.182922	287.000000
811.371155	257.000000
811.559326	232.000000
811.747437	318.000000
811.935669	280.000000
812.123840	225.000000
812.312073	248.000000
812.500244	284.000000
812.688416	282.000000
812.876648	234.000000
813.064758	228.000000
813.252991	291.000000
813.441162	303.000000
813.629395	233.000000
813.817566	241.000000
814.005737	282.000000
814.193970	274.000000
814.382141	236.000000
814.570374	254.000000
814.758545	298.000000
814.946777	315.000000
815.134949	237.000000
815.323120	234.000000
815.511353	291.000000
815.699524	286.000000
815.887756	231.000000
816.075928	238.000000
816.264160	284.000000
816.452332	287.000000
816.640503	229.000000
816.828674	243.000000
817.016907	279.000000
817.205078	292.000000
817.393250	230.000000
817.581482	234.000000
817.769653	288.000000
817.957825	278.000000
818.145996	231.000000
818.334229	232.000000
818.522400	292.000000
818.710632	299.000000
818.898804	256.000000
819.087036	243.000000
819.275208	283.000000
819.463440	273.000000
819.651611	248.000000
819.839844	235.000000
820.028015	304.000000
820.216248	279.000000
820.404419	234.000000
820.592651	245.000000
820.780823	286.000000
820.969055	277.000000
821.157227	244.000000
821.345459	266.000000
821.533569	309.000000
821.721802	308.000000
821.909973	249.000000
822.098206	254.000000
822.286377	301.000000
822.474609	288.000000
822.662781	245.000000
822.850952	272.000000
823.039124	291.000000
823.227356	296.000000
823.415527	238.000000
823.603760	249.000000
823.791931	274.000000
823.980164	297.000000
824.168396	239.000000
824.356567	228.000000
824.544800	287.000000
824.732971	278.000000
824.921204	237.000000
825.109375	252.000000
825.297607	316.000000
825.485779	280.000000
825.674011	234.000000
825.862183	235.000000
826.050415	285.000000
826.238586	296.000000
826.426758	240.000000
826.614990	238.000000
826.803162	296.000000
826.991394	290.000000
827.179565	257.000000
827.367798	237.000000
827.555969	287.000000
827.744141	275.000000
827.932312	235.000000
828.120544	225.000000
828.308777	270.000000
828.496948	284.000000
828.685181	242.000000
828.873352	241.000000
829.061584	281.000000
829.249756	309.000000
829.437988	248.000000
829.626160	248.000000
829.814392	271.000000
830.002625	274.000000
830.190796	239.000000
830.379028	231.000000
830.567200	295.000000
830.755432	283.000000
830.943604	239.000000
831.131836	235.000000
831.320007	291.000000
831.508179	305.000000
831.696411	222.000000
831.884583	235.000000
832.072815	306.000000
832.260986	277.000000
832.449219	265.000000
832.637390	244.000000
832.825562	299.000000
833.013794	275.000000
833.201965	239.000000
833.390198	252.000000
833.578369	300.000000
833.766602	278.000000
833.954834	233.000000
834.143005	235.000000
834.331238	314.000000
834.519409	279.000000
834.707642	243.000000
834.895874	232.000000
835.084045	280.000000
835.272278	294.000000
835.460449	226.000000
835.648682	247.000000
835.836853	262.000000
836.025085	288.000000
836.213257	241.000000
836.401428	244.000000
836.589661	282.000000
836.777832	287.000000
836.966064	241.000000
837.154236	251.000000
837.342468	279.000000
837.530640	279.000000
837.718811	232.000000
837.907043	248.000000
838.095215	294.000000
838.283447	289.000000
838.471680	252.000000
838.659851	232.000000
838.848083	286.000000
839.036255	280.000000
839.224487	260.000000
839.412659	235.000000
839.600891	288.000000
839.789124	277.000000
839.977295	234.000000
840.165527	238.000000
840.353699	297.000000
840.541931	288.000000
840.730103	243.000000
840.918335	246.000000
841.106506	286.000000
841.294678	298.000000
841.482910	255.000000
841.671082	254.000000
841.859314	295.000000
842.047546	284.000000
842.235718	255.000000
842.423889	253.000000
842.612061	314.000000
842.800293	319.000000
842.988464	253.000000
843.176697	306.000000
843.364929	394.000000
843.553101	780.000000
843.741333	1905.000000
843.929504	2180.000000
844.117737	2170.000000
844.305908	2150.000000
844.494141	2006.000000
844.682312	1590.000000
844.870544	1110.000000
845.058777	750.000000
845.246948	480.000000
845.435181	380.000000
845.623352	363.000000
845.811584	345.000000
845.999695	286.000000
846.187927	276.000000
846.376160	328.000000
846.564331	303.000000
846.752563	271.000000
846.940735	257.000000
847.128967	290.000000
847.317078	290.000000
847.505310	250.000000
847.693481	282.000000
847.881714	292.000000
848.069946	283.000000
848.258118	238.000000
848.446350	248.000000
848.634521	264.000000
848.822754	271.000000
849.010925	227.000000
849.199158	230.000000
849.387329	310.000000
849.575562	301.000000
849.763733	287.000000
849.951965	277.000000
850.140137	294.000000
850.328369	275.000000
850.516602	241.000000
850.704773	249.000000
850.892944	292.000000
851.081116	294.000000
851.269348	234.000000
851.457520	241.000000
851.645752	296.000000
851.833923	277.000000
852.022156	242.000000
852.210266	242.000000
852.398499	290.000000
852.586670	292.000000
852.774902	243.000000
852.963074	242.000000
853.151306	301.000000
853.339478	282.000000
853.527710	241.000000
853.715881	238.000000
853.904114	293.000000
854.092285	286.000000
854.280518	259.000000
854.468689	250.000000
854.656921	303.000000
854.845093	306.000000
855.033325	232.000000
855.221497	228.000000
855.409729	270.000000
855.597900	280.000000
855.786133	246.000000
855.974304	241.000000
856.162537	277.000000
856.350708	301.000000
856.538818	247.000000
856.726990	247.000000
856.915222	291.000000
857.103394	292.000000
857.291626	237.000000
857.479797	242.000000
857.667969	276.000000
857.856201	290.000000
858.044373	252.000000
858.232605	243.000000
858.420776	282.000000
858.609009	287.000000
858.797180	236.000000
858.985413	242.000000
859.173584	297.000000
859.361816	276.000000
859.549988	264.000000
859.738159	243.000000
859.926392	275.000000
860.114563	289.000000
860.302795	242.000000
860.490967	230.000000
860.679199	290.000000
860.867371	281.000000
861.055542	234.000000
861.243774	247.000000
861.431824	282.000000
861.620056	273.000000
861.808228	245.000000
861.996399	244.000000
862.184631	279.000000
862.372803	311.000000
862.561035	247.000000
862.749207	230.000000
862.937378	282.000000
863.125610	300.000000
863.313782	226.000000
863.502014	247.000000
863.690186	290.000000
863.878357	298.000000
864.066589	243.000000
864.254761	247.000000
864.442993	286.000000
864.631165	280.000000
864.819336	247.000000
865.007568	239.000000
865.195740	275.000000
865.383911	305.000000
865.572144	228.000000
865.760315	239.000000
865.948486	277.000000
866.136719	300.000000
866.324768	244.000000
866.512939	227.000000
866.701172	299.000000
866.889343	297.000000
867.077515	253.000000
867.265747	241.000000
867.453918	284.000000
867.642090	289.000000
867.830322	235.000000
868.018494	248.000000
868.206665	271.000000
868.394897	284.000000
868.583069	230.000000
868.771240	235.000000
868.959473	271.000000
869.147644	301.000000
869.335815	240.000000
869.523987	228.000000
869.712219	313.000000
869.900391	273.000000
870.088562	244.000000
870.276733	245.000000
870.464966	278.000000
870.653137	269.000000
870.841309	230.000000
871.029541	271.000000
871.217590	287.000000
871.405762	282.000000
871.593933	235.000000
871.782166	233.000000
871.970337	281.000000
872.158508	284.000000
872.346680	238.000000
872.534851	261.000000
872.723083	295.000000
872.911255	287.000000
873.099426	236.000000
873.287598	241.000000
873.475830	287.000000
873.664001	285.000000
873.852173	232.000000
874.040344	231.000000
874.228516	286.000000
874.416748	270.000000
874.604919	242.000000
874.793091	240.000000
874.981262	290.000000
875.169434	277.000000
875.357605	232.000000
875.545837	262.000000
875.734009	282.000000
875.922180	307.000000
876.110229	242.000000
876.298401	229.000000
876.486572	290.000000
876.674805	292.000000
876.862976	232.000000
877.051147	246.000000
877.239319	283.000000
877.427490	279.000000
877.615662	245.000000
877.803833	238.000000
877.992004	297.000000
878.180176	303.000000
878.368408	239.000000
878.556580	248.000000
878.744751	297.000000
878.932922	296.000000
879.121094	236.000000
879.309265	238.000000
879.497437	296.000000
879.685608	283.000000
879.873779	272.000000
880.061951	244.000000
880.250122	289.000000
880.438293	295.000000
880.626465	266.000000
880.814636	246.000000
881.002747	286.000000
881.190918	294.000000
881.379089	248.000000
881.567261	261.000000
881.755432	299.000000
881.943604	322.000000
882.131775	264.000000
882.319946	253.000000
882.508118	288.000000
882.696289	288.000000
882.884460	259.000000
883.072632	259.000000
883.260803	291.000000
883.448975	260.000000
883.637146	236.000000
883.825317	269.000000
884.013428	280.000000
884.201599	275.000000
884.389771	238.000000
884.577942	245.000000
884.766113	292.000000
884.954285	276.000000
885.142456	243.000000
885.330627	230.000000
885.518799	274.000000
885.706970	274.000000
885.895020	230.000000
886.083191	243.000000
886.271362	299.000000
886.459534	289.000000
886.647644	241.000000
886.835815	246.000000
887.023987	295.000000
887.212158	282.000000
887.400330	242.000000
887.588501	234.000000
887.776672	295.000000
887.964783	286.000000
888.152954	232.000000
888.341125	258.000000
888.529297	264.000000
888.717468	277.000000
888.905640	239.000000
889.093750	232.000000
889.281921	277.000000
889.470093	266.000000
889.658264	265.000000
889.846436	230.000000
890.034546	285.000000
890.222717	271.000000
890.410889	234.000000
890.599060	250.000000
890.787109	293.000000
890.975220	297.000000
891.163391	253.000000
891.351562	240.000000
891.539734	291.000000
891.727844	284.000000
891.916016	272.000000
892.104187	239.000000
892.292358	283.000000
892.480469	270.000000
892.668640	238.000000
892.856812	247.000000
893.044922	315.000000
893.233093	281.000000
893.421265	231.000000
893.609375	236.000000
893.797546	287.000000
893.985718	284.000000
894.173828	236.000000
894.362000	251.000000
894.550171	297.000000
894.738281	287.000000
894.926453	268.000000
895.114624	244.000000
895.302734	288.000000
895.490906	268.000000
895.678894	231.000000
895.867065	247.000000
896.055237	280.000000
896.243347	308.000000
896.431519	236.000000
896.619629	230.000000
896.807800	293.000000
896.995972	279.000000
897.184082	243.000000
897.372253	225.000000
897.560364	292.000000
897.748535	296.000000
897.936646	241.000000
898.124817	243.000000
898.312927	298.000000
898.501099	280.000000
898.689209	260.000000
898.877380	238.000000
899.065491	297.000000
899.253662	274.000000
899.441772	238.000000
899.629944	254.000000
899.818054	270.000000
900.006226	269.000000
900.194336	238.000000
900.382507	243.000000
900.570496	287.000000
900.758667	290.000000
900.946777	269.000000
901.134888	234.000000
901.323059	285.000000
901.511169	277.000000
901.699341	227.000000
901.887451	248.000000
902.075562	272.000000
902.263733	297.000000
902.451843	238.000000
902.640015	249.000000
902.828125	280.000000
903.016235	277.000000
903.204407	240.000000
903.392517	239.000000
903.580627	288.000000
903.768799	314.000000
903.956909	245.000000
904.145020	259.000000
904.333130	286.000000
904.521301	276.000000
904.709412	244.000000
904.897522	245.000000
905.085693	284.000000
905.273804	276.000000
905.461792	236.000000
905.649902	230.000000
905.838074	290.000000
906.026184	284.000000
906.214294	258.000000
906.402405	263.000000
906.590576	283.000000
906.778687	275.000000
906.966797	245.000000
907.154907	236.000000
907.343018	282.000000
907.531189	264.000000
907.719299	243.000000
907.907410	231.000000
908.095520	291.000000
908.283630	287.000000
908.471741	255.000000
908.659851	239.000000
908.848022	285.000000
909.036133	289.000000
909.224243	238.000000
909.412354	238.000000
909.600464	287.000000
909.788574	280.000000
909.976685	252.000000
910.164795	236.000000
910.352783	304.000000
910.540894	277.000000
910.729004	239.000000
910.917114	238.000000
911.105225	314.000000
911.293335	281.000000
911.481445	236.000000
911.669556	236.000000
911.857666	286.000000
912.045776	293.000000
912.233887	244.000000
912.421997	235.000000
912.610107	299.000000
912.798218	279.000000
912.986328	237.000000
913.174438	238.000000
913.362549	312.000000
913.550659	288.000000
913.738770	247.000000
913.926880	255.000000
914.114990	300.000000
914.303101	287.000000
914.491211	234.000000
914.679321	236.000000
914.867371	294.000000
915.055481	302.000000
915.243469	237.000000
915.431580	241.000000
915.619690	279.000000
915.807800	282.000000
915.995850	233.000000
916.183960	234.000000
916.372070	284.000000
916.560181	296.000000
916.748291	231.000000
916.936340	256.000000
917.124451	286.000000
917.312561	291.000000
917.500671	268.000000
917.688721	233.000000
917.876831	272.000000
918.064941	285.000000
918.253052	249.000000
918.441101	240.000000
918.629211	307.000000
918.817322	305.000000
919.005371	242.000000
919.193481	245.000000
919.381592	289.000000
919.569641	267.000000
919.757751	233.000000
919.945862	248.000000
920.133789	274.000000
920.321899	290.000000
920.509949	243.000000
920.698059	249.000000
920.886169	277.000000
921.074219	284.000000
921.262329	255.000000
921.450378	230.000000
921.638489	281.000000
921.826538	280.000000
922.014648	238.000000
922.202759	265.000000
922.390808	277.000000
922.578918	291.000000
922.766968	244.000000
922.955078	247.000000
923.143127	296.000000
923.331238	297.000000
923.519287	246.000000
923.707336	256.000000
923.895447	294.000000
924.083496	276.000000
924.271606	249.000000
924.459656	234.000000
924.647766	292.000000
924.835815	293.000000
925.023743	256.000000
925.211853	295.000000
925.399902	346.000000
925.588013	367.000000
925.776062	347.000000
925.964111	345.000000
926.152222	374.000000
926.340271	353.000000
926.528320	313.000000
926.716370	312.000000
926.904480	339.000000
927.092529	300.000000
927.280579	255.000000
927.468689	264.000000
927.656738	296.000000
927.844788	293.000000
928.032837	267.000000
928.220947	239.000000
928.408997	271.000000
928.597046	284.000000
928.785095	263.000000
928.973145	234.000000
929.161255	278.000000
929.349304	277.000000
929.537354	268.000000
929.725403	247.000000
929.913330	281.000000
930.101379	288.000000
930.289429	241.000000
930.477539	228.000000
930.665588	290.000000
930.853638	272.000000
931.041687	249.000000
931.229736	239.000000
931.417786	296.000000
931.605835	277.000000
931.793884	240.000000
931.981934	255.000000
932.169983	287.000000
932.358032	287.000000
932.546082	242.000000
932.734131	258.000000
932.922180	297.000000
933.110229	298.000000
933.298279	237.000000
933.486328	230.000000
933.674377	282.000000
933.862427	274.000000
934.050476	270.000000
934.238525	234.000000
934.426575	288.000000
934.614563	286.000000
934.802490	243.000000
934.990540	237.000000
935.178589	283.000000
935.366638	274.000000
935.554687	244.000000
935.742676	254.000000
935.930725	289.000000
936.118774	302.000000
936.306824	246.000000
936.494873	234.000000
936.682861	270.000000
936.870911	276.000000
937.058960	240.000000
937.247009	241.000000
937.434998	291.000000
937.623047	271.000000
937.811096	231.000000
937.999146	252.000000
938.187134	285.000000
938.375183	271.000000
938.563232	238.000000
938.751221	243.000000
938.939270	282.000000
939.127258	281.000000
939.315308	231.000000
939.503357	254.000000
939.691223	283.000000
939.879272	279.000000
940.067261	241.000000
940.255310	254.000000
940.443359	291.000000
940.631348	305.000000
940.819397	258.000000
941.007385	233.000000
941.195435	296.000000
941.383423	273.000000
941.571472	255.000000
941.759460	268.000000
941.947510	298.000000
942.135498	273.000000
942.323486	247.000000
942.511536	244.000000
942.699524	291.000000
942.887573	284.000000
943.075562	257.000000
943.263550	237.000000
943.451599	272.000000
943.639587	268.000000
943.827637	234.000000
944.015625	270.000000
944.203613	304.000000
944.391663	272.000000
944.579529	241.000000
944.767517	248.000000
944.955505	283.000000
945.143555	295.000000
945.331543	258.000000
945.519531	239.000000
945.707520	268.000000
945.895569	278.000000
946.083557	246.000000
946.271545	248.000000
946.459534	286.000000
946.647522	291.000000
946.835571	240.000000
947.023560	245.000000
947.211548	283.000000
947.399536	272.000000
947.587524	259.000000
947.775513	250.000000
947.963501	293.000000
948.151489	286.000000
948.339478	255.000000
948.527527	230.000000
948.715515	285.000000
948.903503	290.000000
949.091492	253.000000
949.279480	235.000000
949.467346	283.000000
949.655334	275.000000
949.843323	256.000000
950.031311	247.000000
950.219299	285.000000
950.407227	270.000000
950.595215	234.000000
950.783203	247.000000
950.971191	274.000000
951.159180	270.000000
951.347168	234.000000
951.535156	242.000000
951.723145	289.000000
951.911133	296.000000
952.099060	232.000000
952.287048	249.000000
952.475037	284.000000
952.663025	275.000000
952.851013	246.000000
953.038940	241.000000
953.226929	291.000000
953.414917	273.000000
953.602905	239.000000
953.790833	256.000000
953.978821	298.000000
954.166809	267.000000
954.354614	264.000000
954.542603	239.000000
954.730591	282.000000
954.918518	282.000000
955.106506	236.000000
955.294495	249.000000
955.482422	278.000000
955.670410	273.000000
955.858337	252.000000
956.046326	256.000000
956.234253	274.000000
956.422241	273.000000
956.610168	233.000000
956.798157	241.000000
956.986084	287.000000
957.174072	259.000000
957.362000	240.000000
957.549988	249.000000
957.737915	279.000000
957.925903	284.000000
958.113831	235.000000
958.301819	247.000000
958.489746	274.000000
958.677673	277.000000
958.865662	266.000000
959.053589	250.000000
959.241455	276.000000
959.429382	256.000000
959.617310	253.000000
959.805237	238.000000
959.993225	277.000000
960.181152	275.000000
960.369080	236.000000
960.557068	245.000000
960.744995	275.000000
960.932922	263.000000
961.120850	253.000000
961.308777	262.000000
961.496765	270.000000
961.684692	274.000000
961.872620	258.000000
962.060547	235.000000
962.248474	278.000000
962.436401	284.000000
962.624329	247.000000
962.812317	239.000000
963.000244	289.000000
963.188171	264.000000
963.376099	250.000000
963.564026	242.000000
963.751953	289.000000
963.939880	277.000000
964.127686	243.000000
964.315613	247.000000
964.503540	287.000000
964.691467	277.000000
964.879395	244.000000
965.067322	245.000000
965.255249	284.000000
965.443115	287.000000
965.631042	251.000000
965.818970	238.000000
966.006897	265.000000
966.194824	296.000000
966.382751	246.000000
966.570679	240.000000
966.758545	283.000000
966.946472	276.000000
967.134399	258.000000
967.322327	234.000000
967.510193	285.000000
967.698120	261.000000
967.886047	238.000000
968.073975	252.000000
968.261841	274.000000
968.449768	270.000000
968.637695	250.000000
968.825562	236.000000
969.013367	292.000000
969.201294	274.000000
969.389160	244.000000
969.577087	254.000000
969.764954	286.000000
969.952881	254.000000
970.140747	248.000000
970.328674	246.000000
970.516602	268.000000
970.704468	290.000000
970.892395	269.000000
971.080261	238.000000
971.268188	297.000000
971.456055	275.000000
971.643921	236.000000
971.831848	259.000000
972.019714	281.000000
972.207642	277.000000
972.395508	248.000000
972.583374	239.000000
972.771301	275.000000
972.959167	281.000000
973.147034	248.000000
973.334961	230.000000
973.522827	268.000000
973.710693	275.000000
973.898499	242.000000
974.086365	245.000000
974.274231	277.000000
974.462097	265.000000
974.649963	249.000000
974.837891	239.000000
975.025757	264.000000
975.213623	269.000000
975.401489	244.000000
975.589355	250.000000
975.777222	270.000000
975.965088	258.000000
976.153015	275.000000
976.340881	246.000000
976.528748	283.000000
976.716614	278.000000
976.904480	235.000000
977.092346	268.000000
977.280212	269.000000
977.468079	286.000000
977.655945	255.000000
977.843811	244.000000
978.031677	261.000000
978.219543	262.000000
978.407349	235.000000
978.595215	241.000000
978.782959	301.000000
978.970825	279.000000
979.158691	239.000000
979.346558	232.000000
979.534424	296.000000
979.722229	295.000000
979.910095	261.000000
980.097961	261.000000
980.285828	284.000000
980.473633	264.000000
980.661499	239.000000
980.849365	250.000000
981.037231	278.000000
981.225037	266.000000
981.412903	241.000000
981.600769	242.000000
981.788574	279.000000
981.976440	286.000000
982.164246	248.000000
982.352112	243.000000
982.539978	280.000000
982.727783	268.000000
982.915649	246.000000
983.103455	260.000000
983.291321	280.000000
983.479126	267.000000
983.666870	254.000000
983.854675	240.000000
984.042542	286.000000
984.230347	283.000000
984.418152	244.000000
984.606018	248.000000
984.793823	278.000000
984.981689	260.000000
985.169495	241.000000
985.357300	248.000000
985.545166	292.000000
985.732971	274.000000
985.920776	276.000000
986.108582	242.000000
986.296448	279.000000
986.484253	293.000000
986.672058	252.000000
986.859863	233.000000
987.047668	273.000000
987.235535	274.000000
987.423340	257.000000
987.611145	251.000000
987.798950	283.000000
987.986755	264.000000
988.174561	252.000000
988.362366	249.000000
988.550049	269.000000
988.737854	275.000000
988.925659	244.000000
989.113464	241.000000
989.301270	284.000000
989.489075	275.000000
989.676880	242.000000
989.864685	263.000000
990.052490	280.000000
990.240295	289.000000
990.428101	238.000000
990.615906	237.000000
990.803711	283.000000
990.991516	280.000000
991.179321	263.000000
991.367065	243.000000
991.554871	276.000000
991.742676	266.000000
991.930481	236.000000
992.118225	243.000000
992.306030	281.000000
992.493835	286.000000
992.681641	251.000000
992.869385	269.000000
993.057190	278.000000
993.244995	264.000000
993.432617	242.000000
993.620422	232.000000
993.808167	302.000000
993.995972	273.000000
994.183777	250.000000
994.371521	243.000000
994.559326	295.000000
994.747070	276.000000
994.934875	253.000000
995.122620	245.000000
995.310425	289.000000
995.498169	271.000000
995.685974	247.000000
995.873718	237.000000
996.061462	270.000000
996.249268	268.000000
996.437012	243.000000
996.624756	240.000000
996.812561	271.000000
997.000305	260.000000
997.188049	262.000000
997.375854	247.000000
997.563599	279.000000
997.751343	271.000000
997.939087	234.000000
998.126892	252.000000
998.314514	272.000000
998.502258	254.000000
998.690002	237.000000
998.877747	247.000000
999.065491	277.000000
999.253235	274.000000
999.440979	263.000000
999.628784	248.000000
999.816528	278.000000
1000.004272	263.000000
1000.192017	0.000000
1000.379761	0.000000
1000.567505	0.000000
1000.755249	0.000000
1000.942993	0.000000
1001.130676	0.000000
1001.318420	0.000000
1001.506165	0.000000
1001.693909	0.000000
1001.881653	0.000000
1002.069397	0.000000
1002.257141	0.000000
1002.444824	0.000000
1002.632568	0.000000
1002.820312	0.000000
1003.008057	0.000000
1003.195679	0.000000
1003.383362	0.000000
1003.571106	0.000000
1003.758850	0.000000
1003.946533	0.000000
1004.134277	0.000000
1004.322021	0.000000
1004.509705	0.000000
1004.697449	0.000000
1004.885132	0.000000
1005.072876	0.000000
1005.260559	0.000000
1005.448303	0.000000
1005.635986	0.000000
1005.823730	0.000000
1006.011414	0.000000
1006.199158	0.000000
1006.386841	0.000000
1006.574585	0.000000
1006.762268	0.000000
1006.949951	0.000000
1007.137695	0.000000
1007.325378	0.000000
1007.513062	0.000000
1007.700806	0.000000
1007.888489	0.000000
1008.076050	0.000000
1008.263794	0.000000
1008.451477	0.000000
1008.639160	0.000000
1008.826843	0.000000
1009.014526	0.000000
1009.202271	0.000000
1009.389954	0.000000
1009.577637	0.000000
1009.765320	0.000000
1009.953003	0.000000
1010.140686	0.000000
1010.328369	0.000000
1010.516052	0.000000
1010.703735	0.000000
1010.891418	0.000000
1011.079102	0.000000
1011.266785	0.000000
1011.454468	0.000000
1011.642151	0.000000
1011.829834	0.000000
1012.017517	0.000000
1012.205139	0.000000
1012.392822	0.000000
1012.580505	0.000000
1012.768188	0.000000
1012.955750	0.000000
1013.143372	0.000000
1013.331055	0.000000
1013.518738	0.000000
1013.706421	0.000000
1013.894043	0.000000
1014.081726	0.000000
1014.269409	0.000000
1014.457031	0.000000
1014.644714	0.000000
1014.832336	0.000000
1015.020020	0.000000
1015.207703	0.000000
