333.051300	0.000000
333.235016	0.000000
333.418732	0.000000
333.602448	0.000000
333.786163	0.000000
333.969879	0.000000
334.153625	0.000000
334.337372	0.000000
334.521088	0.000000
334.704834	0.000000
334.888550	0.000000
335.072327	0.000000
335.256073	0.000000
335.439819	0.000000
335.623596	0.000000
335.807343	0.000000
335.991119	0.000000
336.174866	0.000000
336.358643	0.000000
336.542419	0.000000
336.726196	0.000000
336.909973	0.000000
337.093750	0.000000
337.277527	0.000000
337.461304	0.000000
337.645111	0.000000
337.828918	0.000000
338.012726	0.000000
338.196533	0.000000
338.380341	0.000000
338.564117	0.000000
338.747925	0.000000
338.931763	0.000000
339.115570	0.000000
339.299408	0.000000
339.483215	0.000000
339.667023	0.000000
339.850861	0.000000
340.034698	0.000000
340.218536	0.000000
340.402405	0.000000
340.586243	0.000000
340.770111	0.000000
340.953918	0.000000
341.137787	0.000000
341.321655	0.000000
341.505524	0.000000
341.689392	0.000000
341.873260	0.000000
342.057098	0.000000
342.240967	0.000000
342.424866	0.000000
342.608734	0.000000
342.792633	0.000000
342.976532	0.000000
343.160431	0.000000
343.344299	0.000000
343.528198	0.000000
343.712097	0.000000
343.895996	0.000000
344.079926	0.000000
344.263824	0.000000
344.447723	0.000000
344.631653	0.000000
344.815552	0.000000
344.999481	0.000000
345.183411	0.000000
345.367371	0.000000
345.551300	0.000000
345.735199	0.000000
345.919159	0.000000
346.103088	0.000000
346.287048	0.000000
346.471008	0.000000
346.654968	0.000000
346.838898	0.000000
347.022858	0.000000
347.206818	0.000000
347.390778	0.000000
347.574768	0.000000
347.758728	0.000000
347.942719	0.000000
348.126678	0.000000
348.310669	0.000000
348.494659	0.000000
348.678650	0.000000
348.862640	0.000000
349.046631	0.000000
349.230591	0.000000
349.414612	0.000000
349.598602	0.000000
349.782623	0.000000
349.966644	241.000000
350.150665	292.000000
350.334686	289.000000
350.518677	268.000000
350.702698	252.000000
350.886749	287.000000
351.070770	287.000000
351.254822	248.000000
351.438843	247.000000
351.622864	290.000000
351.806915	275.000000
351.990967	265.000000
352.175018	263.000000
352.359070	290.000000
352.543121	292.000000
352.727203	246.000000
352.911224	279.000000
353.095306	301.000000
353.279358	270.000000
353.463440	252.000000
353.647522	251.000000
353.831604	290.000000
354.015656	282.000000
354.199738	254.000000
354.383850	248.000000
354.567932	296.000000
354.752045	303.000000
354.936127	261.000000
355.120239	262.000000
355.304321	294.000000
355.488434	295.000000
355.672546	256.000000
355.856659	264.000000
356.040771	292.000000
356.224915	285.000000
356.408997	253.000000
356.593140	254.000000
356.777252	305.000000
356.961395	296.000000
357.145538	260.000000
357.329681	271.000000
357.513824	287.000000
357.697937	292.000000
357.882111	265.000000
358.066254	270.000000
358.250397	298.000000
358.434570	295.000000
358.618744	274.000000
358.802887	268.000000
358.987061	297.000000
359.171234	315.000000
359.355408	292.000000
359.539581	279.000000
359.723755	323.000000
359.907959	325.000000
360.092102	291.000000
360.276306	288.000000
360.460510	329.000000
360.644684	335.000000
360.828888	310.000000
361.013092	319.000000
361.197296	375.000000
361.381500	369.000000
361.565704	333.000000
361.749939	329.000000
361.934143	375.000000
362.118378	374.000000
362.302612	351.000000
362.486786	352.000000
362.671021	416.000000
362.855255	432.000000
363.039520	389.000000
363.223755	423.000000
363.407990	468.000000
363.592224	469.000000
363.776459	472.000000
363.960724	499.000000
364.144989	544.000000
364.329254	563.000000
364.513519	566.000000
364.697784	568.000000
364.882019	627.000000
365.066284	630.000000
365.250580	621.000000
365.434845	644.000000
365.619141	686.000000
365.803436	710.000000
365.987701	700.000000
366.171967	719.000000
366.356262	769.000000
366.540558	813.000000
366.724884	790.000000
366.909180	822.000000
367.093445	899.000000
367.277771	916.000000
367.462097	903.000000
367.646393	951.000000
367.830719	998.000000
368.015045	1023.000000
368.199371	1027.000000
368.383698	1042.000000
368.567993	1111.000000
368.752350	1132.000000
368.936676	1138.000000
369.121033	1185.000000
369.305359	1243.000000
369.489685	1285.000000
369.674042	1256.000000
369.858398	1304.000000
370.042755	1348.000000
370.227112	1354.000000
370.411469	1363.000000
370.595856	1409.000000
370.780212	1487.000000
370.964569	1533.000000
371.148926	1504.000000
371.333313	1538.000000
371.517700	1595.000000
371.702087	1604.000000
371.886444	1600.000000
372.070831	1636.000000
372.255219	1659.000000
372.439636	1701.000000
372.624023	1704.000000
372.808441	1731.000000
372.992828	1770.000000
373.177246	1795.000000
373.361633	1786.000000
373.546051	1807.000000
373.730469	1850.000000
373.914886	1886.000000
374.099304	1864.000000
374.283722	1885.000000
374.468140	1946.000000
374.652588	1945.000000
374.837006	1928.000000
375.021454	1932.000000
375.205902	1980.000000
375.390350	1995.000000
375.574799	1986.000000
375.759216	1952.000000
375.943665	2023.000000
376.128143	2064.000000
376.312592	2052.000000
376.497070	2071.000000
376.681488	2102.000000
376.865967	2084.000000
377.050446	2079.000000
377.234924	2059.000000
377.419403	2103.000000
377.603882	2124.000000
377.788361	2072.000000
377.972870	2082.000000
378.157318	2098.000000
378.341827	2073.000000
378.526306	2058.000000
378.710815	2083.000000
378.895325	2110.000000
379.079803	2088.000000
379.264313	2055.000000
379.448822	2060.000000
379.633331	2080.000000
379.817841	2069.000000
380.002380	2033.000000
380.186890	2024.000000
380.371429	2058.000000
380.555939	2032.000000
380.740479	2005.000000
380.924988	1988.000000
381.109528	2031.000000
381.294098	2011.000000
381.478607	1986.000000
381.663147	1966.000000
381.847717	1988.000000
382.032257	1980.000000
382.216827	1932.000000
382.401367	1927.000000
382.585937	1942.000000
382.770508	1907.000000
382.955048	1874.000000
383.139618	1848.000000
383.324188	1856.000000
383.508789	1879.000000
383.693359	1833.000000
383.877930	1838.000000
384.062500	1827.000000
384.247101	1830.000000
384.431702	1788.000000
384.616302	1758.000000
384.800903	1776.000000
384.985504	1769.000000
385.170105	1684.000000
385.354675	1697.000000
385.539276	1722.000000
385.723907	1698.000000
385.908508	1630.000000
386.093140	1627.000000
386.277740	1665.000000
386.462372	1653.000000
386.647003	1588.000000
386.831635	1580.000000
387.016266	1596.000000
387.200897	1566.000000
387.385559	1526.000000
387.570190	1530.000000
387.754791	1526.000000
387.939453	1523.000000
388.124115	1449.000000
388.308777	1459.000000
388.493439	1485.000000
388.678070	1451.000000
388.862732	1400.000000
389.047394	1358.000000
389.232056	1411.000000
389.416748	1404.000000
389.601410	1345.000000
389.786102	1336.000000
389.970795	1342.000000
390.155426	1324.000000
390.340118	1312.000000
390.524811	1269.000000
390.709503	1280.000000
390.894196	1285.000000
391.078888	1214.000000
391.263580	1195.000000
391.448303	1244.000000
391.632996	1214.000000
391.817719	1150.000000
392.002441	1160.000000
392.187134	1191.000000
392.371857	1155.000000
392.556549	1114.000000
392.741302	1104.000000
392.926025	1146.000000
393.110748	1106.000000
393.295502	1058.000000
393.480194	1042.000000
393.664948	1086.000000
393.849670	1083.000000
394.034424	1028.000000
394.219177	1016.000000
394.403931	1019.000000
394.588684	1014.000000
394.773468	961.000000
394.958191	948.000000
395.142944	972.000000
395.327728	979.000000
395.512482	948.000000
395.697266	902.000000
395.882019	941.000000
396.066803	931.000000
396.251587	886.000000
396.436371	876.000000
396.621155	890.000000
396.805939	894.000000
396.990723	859.000000
397.175537	861.000000
397.360291	871.000000
397.545105	861.000000
397.729919	824.000000
397.914703	811.000000
398.099518	844.000000
398.284302	818.000000
398.469116	784.000000
398.653961	784.000000
398.838776	811.000000
399.023590	809.000000
399.208435	748.000000
399.393250	739.000000
399.578094	803.000000
399.762909	795.000000
399.947754	751.000000
400.132599	715.000000
400.317444	771.000000
400.502289	757.000000
400.687103	720.000000
400.871948	722.000000
401.056824	737.000000
401.241669	763.000000
401.426544	713.000000
401.611420	711.000000
401.796265	763.000000
401.981140	761.000000
402.165985	757.000000
402.350861	750.000000
402.535767	837.000000
402.720642	895.000000
402.905518	1050.000000
403.090393	1682.000000
403.275269	2999.000000
403.460175	3680.000000
403.645081	3802.000000
403.829956	3792.000000
404.014862	3828.000000
404.199768	3826.000000
404.384674	3847.000000
404.569580	3836.000000
404.754486	3862.000000
404.939392	3852.000000
405.124329	3851.000000
405.309235	3054.000000
405.494141	985.000000
405.679077	683.000000
405.864014	619.000000
406.048950	621.000000
406.233887	724.000000
406.418823	807.000000
406.603760	832.000000
406.788696	871.000000
406.973633	982.000000
407.158569	1030.000000
407.343536	982.000000
407.528473	923.000000
407.713440	930.000000
407.898376	817.000000
408.083344	646.000000
408.268311	498.000000
408.453278	520.000000
408.638275	509.000000
408.823242	439.000000
409.008209	457.000000
409.193207	481.000000
409.378143	462.000000
409.563141	431.000000
409.748138	435.000000
409.933136	474.000000
410.118134	453.000000
410.303101	441.000000
410.488098	411.000000
410.673096	463.000000
410.858124	460.000000
411.043121	412.000000
411.228149	399.000000
411.413147	449.000000
411.598175	429.000000
411.783173	388.000000
411.968201	406.000000
412.153229	428.000000
412.338257	427.000000
412.523285	376.000000
412.708282	363.000000
412.893341	424.000000
413.078369	414.000000
413.263428	366.000000
413.448456	354.000000
413.633514	422.000000
413.818573	401.000000
414.003632	349.000000
414.188660	351.000000
414.373718	407.000000
414.558777	395.000000
414.743835	352.000000
414.928925	379.000000
415.113953	405.000000
415.299042	414.000000
415.484100	352.000000
415.669189	339.000000
415.854279	400.000000
416.039368	381.000000
416.224457	328.000000
416.409546	339.000000
416.594604	384.000000
416.779694	386.000000
416.964813	344.000000
417.149902	334.000000
417.335022	389.000000
417.520081	391.000000
417.705200	340.000000
417.890320	335.000000
418.075439	381.000000
418.260559	395.000000
418.445679	334.000000
418.630798	339.000000
418.815918	371.000000
419.001038	369.000000
419.186157	339.000000
419.371307	334.000000
419.556427	384.000000
419.741577	390.000000
419.926697	327.000000
420.111847	328.000000
420.296997	384.000000
420.482147	366.000000
420.667297	316.000000
420.852448	320.000000
421.037628	386.000000
421.222778	370.000000
421.407928	322.000000
421.593079	323.000000
421.778259	381.000000
421.963440	376.000000
422.148621	330.000000
422.333771	322.000000
422.518951	411.000000
422.704132	373.000000
422.889313	348.000000
423.074493	314.000000
423.259705	372.000000
423.444885	357.000000
423.630096	345.000000
423.815277	332.000000
424.000458	394.000000
424.185669	392.000000
424.370880	329.000000
424.556091	324.000000
424.741272	383.000000
424.926514	393.000000
425.111725	335.000000
425.296936	336.000000
425.482178	404.000000
425.667389	384.000000
425.852631	346.000000
426.037872	343.000000
426.223083	408.000000
426.408325	385.000000
426.593567	352.000000
426.778809	358.000000
426.964050	407.000000
427.149261	403.000000
427.334534	369.000000
427.519775	365.000000
427.705048	405.000000
427.890289	415.000000
428.075562	396.000000
428.260834	370.000000
428.446106	408.000000
428.631348	439.000000
428.816620	379.000000
429.001892	386.000000
429.187164	435.000000
429.372467	434.000000
429.557709	394.000000
429.743011	393.000000
429.928284	469.000000
430.113586	453.000000
430.298889	420.000000
430.484161	419.000000
430.669464	484.000000
430.854767	499.000000
431.040070	458.000000
431.225372	462.000000
431.410675	540.000000
431.596008	547.000000
431.781311	540.000000
431.966614	538.000000
432.151917	627.000000
432.337250	620.000000
432.522583	628.000000
432.707916	688.000000
432.893250	804.000000
433.078583	883.000000
433.263916	913.000000
433.449219	1062.000000
433.634583	1320.000000
433.819916	1491.000000
434.005280	1792.000000
434.190613	2471.000000
434.375946	3763.000000
434.561310	3769.000000
434.746674	3822.000000
434.932037	3810.000000
435.117401	3830.000000
435.302765	3831.000000
435.488129	3849.000000
435.673492	3835.000000
435.858856	3860.000000
436.044220	3850.000000
436.229614	3859.000000
436.415009	3861.000000
436.600372	3870.000000
436.785736	3858.000000
436.971130	3879.000000
437.156525	3867.000000
437.341919	3875.000000
437.527313	3874.000000
437.712738	3883.000000
437.898132	3873.000000
438.083527	3889.000000
438.268921	3881.000000
438.454346	3887.000000
438.639740	3885.000000
438.825165	3893.000000
439.010590	3882.000000
439.195984	3895.000000
439.381409	3888.000000
439.566833	3894.000000
439.752258	3893.000000
439.937683	3897.000000
440.123138	3889.000000
440.308563	3903.000000
440.494019	3890.000000
440.679413	3898.000000
440.864868	3900.000000
441.050323	3904.000000
441.235779	3893.000000
441.421234	3908.000000
441.606659	3897.000000
441.792114	3902.000000
441.977570	3906.000000
442.163055	2194.000000
442.348511	1498.000000
442.533997	430.000000
442.719452	416.000000
442.904938	363.000000
443.090393	370.000000
443.275848	413.000000
443.461334	410.000000
443.646820	363.000000
443.832306	355.000000
444.017792	419.000000
444.203278	403.000000
444.388763	356.000000
444.574280	382.000000
444.759766	451.000000
444.945282	435.000000
445.130768	375.000000
445.316284	354.000000
445.501770	439.000000
445.687286	411.000000
445.872803	344.000000
446.058319	366.000000
446.243835	413.000000
446.429321	415.000000
446.614868	354.000000
446.800385	342.000000
446.985931	402.000000
447.171448	405.000000
447.356995	339.000000
447.542542	336.000000
447.728088	394.000000
447.913605	390.000000
448.099152	344.000000
448.284698	348.000000
448.470245	407.000000
448.655792	406.000000
448.841339	338.000000
449.026886	343.000000
449.212463	398.000000
449.398010	416.000000
449.583588	344.000000
449.769165	338.000000
449.954712	404.000000
450.140289	397.000000
450.325836	337.000000
450.511444	342.000000
450.697021	383.000000
450.882599	418.000000
451.068176	331.000000
451.253754	346.000000
451.439331	397.000000
451.624939	412.000000
451.810547	345.000000
451.996124	331.000000
452.181732	408.000000
452.367340	372.000000
452.552948	340.000000
452.738525	340.000000
452.924164	380.000000
453.109772	388.000000
453.295380	362.000000
453.481018	334.000000
453.666595	393.000000
453.852234	384.000000
454.037842	323.000000
454.223480	348.000000
454.409119	400.000000
454.594757	381.000000
454.780396	345.000000
454.966034	346.000000
455.151642	379.000000
455.337311	394.000000
455.522949	348.000000
455.708588	322.000000
455.894257	400.000000
456.079865	380.000000
456.265533	341.000000
456.451202	336.000000
456.636871	400.000000
456.822540	370.000000
457.008209	333.000000
457.193878	328.000000
457.379547	371.000000
457.565186	372.000000
457.750854	324.000000
457.936554	331.000000
458.122223	393.000000
458.307922	379.000000
458.493591	319.000000
458.679260	321.000000
458.864960	392.000000
459.050659	372.000000
459.236359	337.000000
459.422058	340.000000
459.607758	392.000000
459.793457	402.000000
459.979156	320.000000
460.164856	319.000000
460.350586	393.000000
460.536285	379.000000
460.722015	331.000000
460.907715	336.000000
461.093414	370.000000
461.279144	385.000000
461.464874	326.000000
461.650604	324.000000
461.836334	375.000000
462.022064	395.000000
462.207825	332.000000
462.393555	316.000000
462.579285	395.000000
462.765015	397.000000
462.950775	326.000000
463.136475	332.000000
463.322235	389.000000
463.507996	380.000000
463.693756	329.000000
463.879517	325.000000
464.065277	389.000000
464.251038	380.000000
464.436798	333.000000
464.622589	322.000000
464.808350	384.000000
464.994110	393.000000
465.179871	336.000000
465.365662	343.000000
465.551422	391.000000
465.737183	379.000000
465.922974	312.000000
466.108765	314.000000
466.294556	384.000000
466.480347	374.000000
466.666168	311.000000
466.851959	322.000000
467.037750	374.000000
467.223572	378.000000
467.409332	330.000000
467.595154	315.000000
467.780975	391.000000
467.966736	354.000000
468.152557	316.000000
468.338379	321.000000
468.524200	386.000000
468.710022	369.000000
468.895844	318.000000
469.081696	331.000000
469.267517	367.000000
469.453339	380.000000
469.639191	312.000000
469.824982	314.000000
470.010834	382.000000
470.196686	376.000000
470.382507	353.000000
470.568329	329.000000
470.754181	369.000000
470.940033	367.000000
471.125916	305.000000
471.311768	358.000000
471.497620	382.000000
471.683472	380.000000
471.869354	326.000000
472.055206	352.000000
472.241058	360.000000
472.426910	356.000000
472.612793	342.000000
472.798645	318.000000
472.984528	364.000000
473.170410	372.000000
473.356293	312.000000
473.542175	316.000000
473.728058	389.000000
473.913971	355.000000
474.099854	333.000000
474.285736	318.000000
474.471649	360.000000
474.657532	392.000000
474.843414	339.000000
475.029327	320.000000
475.215210	368.000000
475.401123	377.000000
475.587036	301.000000
475.772949	306.000000
475.958862	373.000000
476.144775	350.000000
476.330719	307.000000
476.516632	302.000000
476.702545	346.000000
476.888489	348.000000
477.074402	306.000000
477.260315	313.000000
477.446259	370.000000
477.632172	357.000000
477.818115	307.000000
478.004059	307.000000
478.190002	383.000000
478.375946	367.000000
478.561890	302.000000
478.747864	300.000000
478.933807	367.000000
479.119751	359.000000
479.305725	307.000000
479.491669	310.000000
479.677612	348.000000
479.863586	368.000000
480.049530	314.000000
480.235504	293.000000
480.421478	360.000000
480.607452	364.000000
480.793427	308.000000
480.979401	314.000000
481.165405	375.000000
481.351379	370.000000
481.537354	314.000000
481.723358	312.000000
481.909332	371.000000
482.095306	372.000000
482.281311	326.000000
482.467285	314.000000
482.653290	362.000000
482.839294	376.000000
483.025299	327.000000
483.211304	339.000000
483.397308	378.000000
483.583344	394.000000
483.769348	332.000000
483.955353	333.000000
484.141388	392.000000
484.327393	401.000000
484.513397	349.000000
484.699432	337.000000
484.885437	421.000000
485.071472	405.000000
485.257507	364.000000
485.443542	368.000000
485.629578	418.000000
485.815613	409.000000
486.001648	359.000000
486.187714	379.000000
486.373749	412.000000
486.559814	430.000000
486.745819	375.000000
486.931885	357.000000
487.117950	421.000000
487.303986	426.000000
487.490051	361.000000
487.676117	360.000000
487.862183	391.000000
488.048248	416.000000
488.234314	355.000000
488.420380	364.000000
488.606445	410.000000
488.792542	411.000000
488.978607	363.000000
489.164673	352.000000
489.350769	413.000000
489.536835	423.000000
489.722900	354.000000
489.908997	353.000000
490.095093	409.000000
490.281189	432.000000
490.467285	380.000000
490.653381	455.000000
490.839508	499.000000
491.025604	555.000000
491.211700	548.000000
491.397827	509.000000
491.583893	526.000000
491.770020	464.000000
491.956146	351.000000
492.142212	356.000000
492.328339	376.000000
492.514465	379.000000
492.700592	347.000000
492.886719	329.000000
493.072845	386.000000
493.258972	364.000000
493.445129	323.000000
493.631256	318.000000
493.817413	410.000000
494.003510	378.000000
494.189667	322.000000
494.375793	327.000000
494.561920	385.000000
494.748077	367.000000
494.934235	305.000000
495.120392	319.000000
495.306549	358.000000
495.492706	379.000000
495.678864	318.000000
495.865021	310.000000
496.051178	375.000000
496.237366	384.000000
496.423492	305.000000
496.609680	326.000000
496.795837	367.000000
496.981995	350.000000
497.168182	315.000000
497.354370	311.000000
497.540558	344.000000
497.726746	348.000000
497.912933	302.000000
498.099121	295.000000
498.285309	356.000000
498.471497	341.000000
498.657715	312.000000
498.843872	284.000000
499.030090	373.000000
499.216278	343.000000
499.402466	279.000000
499.588654	286.000000
499.774872	352.000000
499.961090	346.000000
500.147308	285.000000
500.333527	280.000000
500.519745	351.000000
500.705963	371.000000
500.892181	295.000000
501.078430	278.000000
501.264618	342.000000
501.450836	334.000000
501.637085	278.000000
501.823303	288.000000
502.009521	337.000000
502.195770	363.000000
502.382019	290.000000
502.568268	273.000000
502.754486	339.000000
502.940735	331.000000
503.127014	263.000000
503.313263	278.000000
503.499512	329.000000
503.685730	340.000000
503.872009	281.000000
504.058258	276.000000
504.244507	347.000000
504.430756	318.000000
504.617035	279.000000
504.803314	284.000000
504.989563	336.000000
505.175842	329.000000
505.362122	296.000000
505.548401	267.000000
505.734680	319.000000
505.920959	315.000000
506.107239	280.000000
506.293518	280.000000
506.479797	330.000000
506.666077	336.000000
506.852356	282.000000
507.038666	274.000000
507.224945	341.000000
507.411255	324.000000
507.597565	271.000000
507.783875	274.000000
507.970184	328.000000
508.156494	329.000000
508.342804	261.000000
508.529083	296.000000
508.715393	328.000000
508.901703	329.000000
509.088013	263.000000
509.274323	270.000000
509.460663	320.000000
509.646973	320.000000
509.833313	299.000000
510.019653	289.000000
510.205963	326.000000
510.392303	337.000000
510.578644	286.000000
510.764984	266.000000
510.951294	335.000000
511.137634	345.000000
511.324005	272.000000
511.510315	261.000000
511.696655	347.000000
511.883026	318.000000
512.069397	264.000000
512.255737	276.000000
512.442078	328.000000
512.628479	328.000000
512.814819	270.000000
513.001160	271.000000
513.187561	308.000000
513.373901	314.000000
513.560303	286.000000
513.746643	266.000000
513.932983	323.000000
514.119385	313.000000
514.305725	262.000000
514.492126	265.000000
514.678528	328.000000
514.864868	317.000000
515.051270	272.000000
515.237671	275.000000
515.424072	316.000000
515.610474	331.000000
515.796814	297.000000
515.983215	266.000000
516.169617	314.000000
516.356018	320.000000
516.542419	265.000000
516.728821	279.000000
516.915222	343.000000
517.101624	322.000000
517.288086	266.000000
517.474487	259.000000
517.660889	310.000000
517.847290	308.000000
518.033752	275.000000
518.220154	264.000000
518.406616	333.000000
518.593018	320.000000
518.779358	278.000000
518.965820	273.000000
519.152283	328.000000
519.338684	339.000000
519.525146	278.000000
519.711548	265.000000
519.898010	298.000000
520.084473	336.000000
520.270935	264.000000
520.457336	267.000000
520.643738	331.000000
520.830200	336.000000
521.016663	277.000000
521.203125	277.000000
521.389587	317.000000
521.576050	323.000000
521.762512	271.000000
521.948975	275.000000
522.135437	318.000000
522.321899	324.000000
522.508362	266.000000
522.694885	273.000000
522.881348	334.000000
523.067810	315.000000
523.254272	268.000000
523.440796	270.000000
523.627197	316.000000
523.813721	308.000000
524.000183	263.000000
524.186646	282.000000
524.373169	332.000000
524.559692	337.000000
524.746155	268.000000
524.932678	260.000000
525.119141	325.000000
525.305664	320.000000
525.492126	270.000000
525.678589	285.000000
525.865112	312.000000
526.051636	312.000000
526.238159	264.000000
526.424683	267.000000
526.611206	333.000000
526.797729	326.000000
526.984253	260.000000
527.170776	277.000000
527.357300	326.000000
527.543823	320.000000
527.730347	295.000000
527.916870	271.000000
528.103394	319.000000
528.289917	311.000000
528.476440	274.000000
528.662964	273.000000
528.849487	320.000000
529.036072	323.000000
529.222595	262.000000
529.409119	264.000000
529.595703	330.000000
529.782227	319.000000
529.968811	271.000000
530.155334	276.000000
530.341858	321.000000
530.528381	321.000000
530.714966	268.000000
530.901550	270.000000
531.088074	304.000000
531.274658	347.000000
531.461243	268.000000
531.647827	271.000000
531.834412	330.000000
532.020996	324.000000
532.207520	285.000000
532.394104	278.000000
532.580688	331.000000
532.767273	346.000000
532.953857	319.000000
533.140442	302.000000
533.327026	375.000000
533.513611	343.000000
533.700195	292.000000
533.886780	288.000000
534.073364	346.000000
534.260010	341.000000
534.446594	283.000000
534.633179	288.000000
534.819824	353.000000
535.006409	353.000000
535.192932	287.000000
535.379578	294.000000
535.566162	338.000000
535.752808	337.000000
535.939392	311.000000
536.126038	303.000000
536.312683	343.000000
536.499268	348.000000
536.685913	305.000000
536.872559	313.000000
537.059143	370.000000
537.245789	366.000000
537.432434	322.000000
537.619080	328.000000
537.805725	384.000000
537.992371	394.000000
538.178955	333.000000
538.365601	348.000000
538.552246	409.000000
538.738892	417.000000
538.925537	375.000000
539.112183	374.000000
539.298828	436.000000
539.485474	452.000000
539.672119	422.000000
539.858765	426.000000
540.045410	475.000000
540.232056	501.000000
540.418701	480.000000
540.605408	475.000000
540.792053	578.000000
540.978760	622.000000
541.165405	615.000000
541.352051	688.000000
541.538757	760.000000
541.725464	792.000000
541.912109	798.000000
542.098816	814.000000
542.285461	852.000000
542.472168	856.000000
542.658875	798.000000
542.845581	832.000000
543.032166	911.000000
543.218872	952.000000
543.405579	908.000000
543.592285	939.000000
543.778992	985.000000
543.965698	1049.000000
544.152405	1106.000000
544.339111	1222.000000
544.525818	1359.000000
544.712524	1622.000000
544.899170	2263.000000
545.085876	3700.000000
545.272583	3761.000000
545.459290	3786.000000
545.645996	3793.000000
545.832764	3809.000000
546.019470	3816.000000
546.206177	3816.000000
546.392944	3833.000000
546.579651	3831.000000
546.766357	3834.000000
546.953125	3844.000000
547.139832	3846.000000
547.326599	3841.000000
547.513306	3855.000000
547.700073	3852.000000
547.886719	3852.000000
548.073486	3860.000000
548.260254	3862.000000
548.446960	3853.000000
548.633728	3869.000000
548.820496	3862.000000
549.007263	3865.000000
549.193970	3870.000000
549.380737	3872.000000
549.567505	3865.000000
549.754211	3877.000000
549.940979	3872.000000
550.127747	3874.000000
550.314514	3874.000000
550.501282	3880.000000
550.688049	3861.000000
550.874817	1908.000000
551.061584	626.000000
551.248352	452.000000
551.435181	442.000000
551.621948	390.000000
551.808716	360.000000
551.995483	428.000000
552.182312	416.000000
552.369080	352.000000
552.555847	361.000000
552.742615	405.000000
552.929382	378.000000
553.116150	345.000000
553.302979	322.000000
553.489746	381.000000
553.676575	380.000000
553.863403	324.000000
554.050171	314.000000
554.237000	366.000000
554.423767	347.000000
554.610535	292.000000
554.797363	294.000000
554.984192	334.000000
555.170959	336.000000
555.357788	300.000000
555.544617	286.000000
555.731445	344.000000
555.918274	350.000000
556.105103	282.000000
556.291931	277.000000
556.478760	344.000000
556.665588	333.000000
556.852417	269.000000
557.039246	272.000000
557.226074	339.000000
557.412903	317.000000
557.599670	273.000000
557.786560	269.000000
557.973389	325.000000
558.160217	318.000000
558.347046	291.000000
558.533936	271.000000
558.720764	319.000000
558.907654	324.000000
559.094482	296.000000
559.281311	287.000000
559.468140	312.000000
559.654968	312.000000
559.841858	281.000000
560.028687	300.000000
560.215576	315.000000
560.402466	321.000000
560.589294	287.000000
560.776184	275.000000
560.963074	319.000000
561.149963	318.000000
561.336792	271.000000
561.523682	270.000000
561.710571	315.000000
561.897461	336.000000
562.084351	278.000000
562.271240	264.000000
562.458069	312.000000
562.644958	333.000000
562.831848	268.000000
563.018738	266.000000
563.205627	316.000000
563.392517	304.000000
563.579407	270.000000
563.766296	276.000000
563.953186	327.000000
564.140076	317.000000
564.326965	270.000000
564.513855	269.000000
564.700745	318.000000
564.887695	308.000000
565.074585	272.000000
565.261475	273.000000
565.448425	332.000000
565.635315	341.000000
565.822266	270.000000
566.009155	276.000000
566.196106	323.000000
566.382996	313.000000
566.569946	286.000000
566.756897	293.000000
566.943787	352.000000
567.130737	338.000000
567.317627	285.000000
567.504517	303.000000
567.691467	314.000000
567.878418	328.000000
568.065369	275.000000
568.252319	268.000000
568.439270	326.000000
568.626221	312.000000
568.813110	287.000000
569.000061	268.000000
569.186951	325.000000
569.373901	316.000000
569.560913	292.000000
569.747864	282.000000
569.934814	322.000000
570.121765	325.000000
570.308716	299.000000
570.495667	286.000000
570.682678	300.000000
570.869629	319.000000
571.056580	285.000000
571.243530	274.000000
571.430542	329.000000
571.617493	351.000000
571.804504	280.000000
571.991455	287.000000
572.178345	340.000000
572.365356	356.000000
572.552307	275.000000
572.739319	294.000000
572.926331	330.000000
573.113281	352.000000
573.300293	321.000000
573.487244	305.000000
573.674255	351.000000
573.861267	346.000000
574.048218	319.000000
574.235168	306.000000
574.422180	377.000000
574.609192	392.000000
574.796204	336.000000
574.983215	348.000000
575.170227	440.000000
575.357239	440.000000
575.544250	421.000000
575.731262	483.000000
575.918274	708.000000
576.105286	1684.000000
576.292297	3674.000000
576.479309	3731.000000
576.666321	3772.000000
576.853333	3780.000000
577.040283	3795.000000
577.227356	3801.000000
577.414368	1872.000000
577.601379	1129.000000
577.788391	521.000000
577.975464	604.000000
578.162476	1192.000000
578.349548	3019.000000
578.536560	3736.000000
578.723572	3733.000000
578.910583	3793.000000
579.097595	3777.000000
579.284668	3468.000000
579.471741	1538.000000
579.658752	557.000000
579.845825	524.000000
580.032837	471.000000
580.219910	438.000000
580.406982	462.000000
580.593994	427.000000
580.781067	388.000000
580.968140	399.000000
581.155212	416.000000
581.342285	404.000000
581.529297	355.000000
581.716370	376.000000
581.903381	446.000000
582.090454	418.000000
582.277527	376.000000
582.464600	353.000000
582.651672	413.000000
582.838745	411.000000
583.025818	376.000000
583.212891	370.000000
583.400024	423.000000
583.587097	425.000000
583.774109	388.000000
583.961182	376.000000
584.148254	412.000000
584.335388	392.000000
584.522461	361.000000
584.709534	348.000000
584.896667	399.000000
585.083740	396.000000
585.270813	348.000000
585.457947	334.000000
585.645020	391.000000
585.832153	372.000000
586.019226	327.000000
586.206360	348.000000
586.393433	425.000000
586.580566	452.000000
586.767639	475.000000
586.954712	496.000000
587.141846	550.000000
587.328979	497.000000
587.516052	412.000000
587.703186	395.000000
587.890320	433.000000
588.077454	407.000000
588.264587	372.000000
588.451721	349.000000
588.638733	407.000000
588.825867	415.000000
589.013000	334.000000
589.200134	341.000000
589.387268	395.000000
589.574402	424.000000
589.761536	332.000000
589.948669	343.000000
590.135864	394.000000
590.322998	368.000000
590.510132	326.000000
590.697266	350.000000
590.884399	370.000000
591.071533	395.000000
591.258728	337.000000
591.445862	335.000000
591.632935	385.000000
591.820190	415.000000
592.007263	377.000000
592.194397	374.000000
592.381592	446.000000
592.568726	453.000000
592.755920	404.000000
592.943054	414.000000
593.130249	453.000000
593.317322	429.000000
593.504517	365.000000
593.691711	343.000000
593.878845	383.000000
594.066040	411.000000
594.253235	317.000000
594.440369	312.000000
594.627563	369.000000
594.814758	360.000000
595.001953	329.000000
595.189087	301.000000
595.376282	364.000000
595.563477	373.000000
595.750671	344.000000
595.937866	310.000000
596.125061	346.000000
596.312256	351.000000
596.499451	303.000000
596.686646	313.000000
596.873779	358.000000
597.060974	362.000000
597.248169	298.000000
597.435364	323.000000
597.622559	352.000000
597.809753	367.000000
597.997009	341.000000
598.184143	321.000000
598.371338	394.000000
598.558533	378.000000
598.745789	353.000000
598.932983	360.000000
599.120178	398.000000
599.307434	384.000000
599.494629	335.000000
599.681885	344.000000
599.869080	393.000000
600.056335	368.000000
600.243530	304.000000
600.430786	301.000000
600.617981	332.000000
600.805237	365.000000
600.992432	300.000000
601.179687	304.000000
601.366943	339.000000
601.554138	335.000000
601.741333	284.000000
601.928589	283.000000
602.115845	324.000000
602.303040	357.000000
602.490295	291.000000
602.677551	289.000000
602.864807	355.000000
603.052002	344.000000
603.239258	307.000000
603.426514	304.000000
603.613770	356.000000
603.801025	347.000000
603.988281	322.000000
604.175537	291.000000
604.362793	360.000000
604.550049	356.000000
604.737305	294.000000
604.924561	290.000000
605.111816	368.000000
605.299072	350.000000
605.486389	301.000000
605.673645	294.000000
605.860901	357.000000
606.048157	358.000000
606.235474	298.000000
606.422729	316.000000
606.609924	373.000000
606.797241	367.000000
606.984497	328.000000
607.171814	337.000000
607.359070	415.000000
607.546387	388.000000
607.733643	341.000000
607.920898	342.000000
608.108154	386.000000
608.295471	408.000000
608.482727	373.000000
608.670044	377.000000
608.857361	457.000000
609.044617	453.000000
609.231934	465.000000
609.419250	473.000000
609.606567	560.000000
609.793823	626.000000
609.981140	662.000000
610.168457	815.000000
610.355774	1084.000000
610.543091	1425.000000
610.730408	1789.000000
610.917725	2045.000000
611.105042	1991.000000
611.292358	1686.000000
611.479614	1290.000000
611.666931	1041.000000
611.854248	937.000000
612.041565	849.000000
612.228882	767.000000
612.416199	710.000000
612.603516	746.000000
612.790771	710.000000
612.978088	634.000000
613.165466	615.000000
613.352783	642.000000
613.540100	639.000000
613.727417	577.000000
613.914795	574.000000
614.102112	632.000000
614.289490	620.000000
614.476807	549.000000
614.664124	530.000000
614.851501	579.000000
615.038818	525.000000
615.226196	454.000000
615.413513	417.000000
615.600891	469.000000
615.788208	432.000000
615.975586	367.000000
616.162903	372.000000
616.350220	397.000000
616.537598	398.000000
616.724915	349.000000
616.912292	361.000000
617.099670	396.000000
617.287048	386.000000
617.474365	349.000000
617.661682	339.000000
617.849060	368.000000
618.036438	378.000000
618.223816	326.000000
618.411194	333.000000
618.598511	376.000000
618.785889	376.000000
618.973267	323.000000
619.160645	360.000000
619.348022	361.000000
619.535400	392.000000
619.722778	339.000000
619.910156	339.000000
620.097595	400.000000
620.284973	385.000000
620.472351	339.000000
620.659729	336.000000
620.847107	382.000000
621.034485	367.000000
621.221863	349.000000
621.409241	320.000000
621.596619	381.000000
621.783997	380.000000
621.971436	323.000000
622.158813	326.000000
622.346252	368.000000
622.533569	364.000000
622.720947	330.000000
622.908386	324.000000
623.095764	381.000000
623.283203	385.000000
623.470581	337.000000
623.658020	329.000000
623.845398	383.000000
624.032837	366.000000
624.220276	316.000000
624.407654	328.000000
624.595093	363.000000
624.782471	347.000000
624.969910	328.000000
625.157349	319.000000
625.344788	353.000000
625.532166	367.000000
625.719604	310.000000
625.907043	319.000000
626.094421	354.000000
626.281860	384.000000
626.469299	306.000000
626.656677	311.000000
626.844116	358.000000
627.031555	368.000000
627.218994	316.000000
627.406372	304.000000
627.593811	363.000000
627.781250	342.000000
627.968689	309.000000
628.156128	305.000000
628.343628	363.000000
628.531067	371.000000
628.718506	317.000000
628.905945	311.000000
629.093384	361.000000
629.280823	352.000000
629.468323	339.000000
629.655762	383.000000
629.843201	401.000000
630.030701	411.000000
630.218140	404.000000
630.405579	416.000000
630.593079	472.000000
630.780518	480.000000
630.967896	430.000000
631.155396	393.000000
631.342834	417.000000
631.530334	364.000000
631.717773	317.000000
631.905273	294.000000
632.092712	339.000000
632.280151	334.000000
632.467590	289.000000
632.655090	278.000000
632.842590	328.000000
633.030029	305.000000
633.217529	285.000000
633.405029	267.000000
633.592529	296.000000
633.779968	310.000000
633.967468	275.000000
634.154968	256.000000
634.342468	297.000000
634.529907	313.000000
634.717407	267.000000
634.904907	287.000000
635.092407	308.000000
635.279907	306.000000
635.467407	269.000000
635.654907	258.000000
635.842346	303.000000
636.029846	317.000000
636.217346	275.000000
636.404846	274.000000
636.592346	292.000000
636.779846	325.000000
636.967346	264.000000
637.154785	248.000000
637.342346	296.000000
637.529846	290.000000
637.717346	254.000000
637.904846	272.000000
638.092346	305.000000
638.279907	301.000000
638.467407	271.000000
638.654907	261.000000
638.842468	311.000000
639.029968	310.000000
639.217468	269.000000
639.405029	247.000000
639.592529	289.000000
639.780090	290.000000
639.967590	263.000000
640.155090	260.000000
640.342651	300.000000
640.530151	308.000000
640.717651	280.000000
640.905212	251.000000
641.092712	318.000000
641.280273	301.000000
641.467773	260.000000
641.655334	258.000000
641.842896	313.000000
642.030334	304.000000
642.217896	251.000000
642.405457	273.000000
642.593018	299.000000
642.780518	320.000000
642.968079	252.000000
643.155640	263.000000
643.343201	328.000000
643.530762	281.000000
643.718323	267.000000
643.905823	244.000000
644.093384	304.000000
644.280945	301.000000
644.468506	258.000000
644.656067	255.000000
644.843628	304.000000
645.031189	290.000000
645.218750	256.000000
645.406311	250.000000
645.593811	292.000000
645.781433	297.000000
645.968994	259.000000
646.156555	244.000000
646.344116	306.000000
646.531677	294.000000
646.719238	261.000000
646.906799	255.000000
647.094360	301.000000
647.281921	287.000000
647.469482	256.000000
647.657104	250.000000
647.844666	300.000000
648.032227	316.000000
648.219849	261.000000
648.407410	272.000000
648.594971	304.000000
648.782593	320.000000
648.970154	264.000000
649.157776	257.000000
649.345337	307.000000
649.532959	322.000000
649.720520	287.000000
649.908142	317.000000
650.095703	353.000000
650.283325	339.000000
650.470886	307.000000
650.658447	285.000000
650.846069	329.000000
651.033691	303.000000
651.221252	269.000000
651.408875	253.000000
651.596497	326.000000
651.784058	302.000000
651.971619	263.000000
652.159241	257.000000
652.346863	294.000000
652.534485	332.000000
652.722107	268.000000
652.909668	267.000000
653.097290	296.000000
653.284912	286.000000
653.472534	253.000000
653.660156	267.000000
653.847778	291.000000
654.035400	300.000000
654.223022	263.000000
654.410645	266.000000
654.598267	288.000000
654.785889	301.000000
654.973511	293.000000
655.161133	243.000000
655.348755	289.000000
655.536377	288.000000
655.723999	241.000000
655.911621	252.000000
656.099243	289.000000
656.286865	271.000000
656.474548	264.000000
656.662109	254.000000
656.849731	295.000000
657.037415	308.000000
657.225037	251.000000
657.412659	244.000000
657.600342	314.000000
657.787964	282.000000
657.975586	256.000000
658.163269	255.000000
658.350891	303.000000
658.538574	291.000000
658.726196	255.000000
658.913879	251.000000
659.101501	300.000000
659.289185	285.000000
659.476807	251.000000
659.664490	245.000000
659.852112	299.000000
660.039795	294.000000
660.227417	237.000000
660.415039	265.000000
660.602722	315.000000
660.790405	306.000000
660.978027	258.000000
661.165710	245.000000
661.353394	324.000000
661.541016	310.000000
661.728638	267.000000
661.916321	260.000000
662.104004	317.000000
662.291687	321.000000
662.479370	278.000000
662.666992	268.000000
662.854675	316.000000
663.042358	287.000000
663.230042	259.000000
663.417725	250.000000
663.605408	302.000000
663.793091	286.000000
663.980774	258.000000
664.168457	251.000000
664.356140	286.000000
664.543823	293.000000
664.731506	239.000000
664.919189	264.000000
665.106812	293.000000
665.294556	275.000000
665.482239	247.000000
665.669922	264.000000
665.857605	287.000000
666.045288	286.000000
666.233032	253.000000
666.420654	256.000000
666.608337	312.000000
666.796021	294.000000
666.983765	255.000000
667.171448	260.000000
667.359131	306.000000
667.546875	293.000000
667.734558	251.000000
667.922241	255.000000
668.109985	288.000000
668.297668	297.000000
668.485413	263.000000
668.673096	236.000000
668.860840	284.000000
669.048523	304.000000
669.236267	268.000000
669.423950	248.000000
669.611694	304.000000
669.799377	285.000000
669.987061	253.000000
670.174744	242.000000
670.362488	305.000000
670.550232	286.000000
670.737915	260.000000
670.925659	259.000000
671.113403	308.000000
671.301025	309.000000
671.488770	255.000000
671.676514	254.000000
671.864258	321.000000
672.052002	278.000000
672.239685	242.000000
672.427429	252.000000
672.615173	318.000000
672.802917	292.000000
672.990662	263.000000
673.178406	267.000000
673.366089	305.000000
673.553833	299.000000
673.741577	251.000000
673.929321	258.000000
674.117065	284.000000
674.304810	303.000000
674.492554	260.000000
674.680298	250.000000
674.867981	296.000000
675.055725	282.000000
675.243530	240.000000
675.431274	275.000000
675.619019	298.000000
675.806763	282.000000
675.994507	242.000000
676.182190	253.000000
676.369934	296.000000
676.557739	278.000000
676.745483	251.000000
676.933228	266.000000
677.120972	289.000000
677.308777	295.000000
677.496521	247.000000
677.684265	240.000000
677.872070	317.000000
678.059814	280.000000
678.247559	255.000000
678.435364	242.000000
678.623108	278.000000
678.810852	277.000000
678.998657	255.000000
679.186401	252.000000
679.374207	284.000000
679.561951	302.000000
679.749695	242.000000
679.937439	236.000000
680.125244	299.000000
680.312988	304.000000
680.500793	240.000000
680.688538	244.000000
680.876343	295.000000
681.064087	290.000000
681.251831	236.000000
681.439636	260.000000
681.627441	295.000000
681.815186	296.000000
682.002991	229.000000
682.190796	245.000000
682.378540	293.000000
682.566345	308.000000
682.754150	235.000000
682.941956	251.000000
683.129700	295.000000
683.317505	290.000000
683.505310	245.000000
683.693115	236.000000
683.880920	297.000000
684.068726	296.000000
684.256531	231.000000
684.444275	236.000000
684.632019	308.000000
684.819824	308.000000
685.007629	246.000000
685.195435	238.000000
685.383240	290.000000
685.571045	311.000000
685.758850	267.000000
685.946594	244.000000
686.134399	313.000000
686.322205	297.000000
686.510071	250.000000
686.697876	259.000000
686.885681	316.000000
687.073486	299.000000
687.261292	281.000000
687.449097	263.000000
687.636902	319.000000
687.824768	311.000000
688.012573	262.000000
688.200378	258.000000
688.388184	303.000000
688.576050	311.000000
688.763855	263.000000
688.951660	233.000000
689.139526	296.000000
689.327332	288.000000
689.515076	245.000000
689.702942	256.000000
689.890747	305.000000
690.078552	380.000000
690.266418	469.000000
690.454224	386.000000
690.642090	360.000000
690.829834	320.000000
691.017700	258.000000
691.205505	242.000000
691.393372	306.000000
691.581177	289.000000
691.769043	234.000000
691.956848	251.000000
692.144714	286.000000
692.332520	289.000000
692.520386	244.000000
692.708191	241.000000
692.896057	299.000000
693.083923	324.000000
693.271729	266.000000
693.459595	251.000000
693.647461	317.000000
693.835266	319.000000
694.023132	258.000000
694.210999	252.000000
694.398804	304.000000
694.586609	281.000000
694.774475	263.000000
694.962341	235.000000
695.150208	292.000000
695.338074	304.000000
695.525940	246.000000
695.713684	261.000000
695.901550	522.000000
696.089417	641.000000
696.277283	448.000000
696.465149	347.000000
696.653015	358.000000
696.840881	320.000000
697.028748	250.000000
697.216614	245.000000
697.404480	293.000000
697.592346	307.000000
697.780212	241.000000
697.968079	241.000000
698.155945	307.000000
698.343811	289.000000
698.531677	236.000000
698.719543	232.000000
698.907410	297.000000
699.095276	286.000000
699.283142	232.000000
699.471008	235.000000
699.658875	321.000000
699.846741	317.000000
700.034607	254.000000
700.222534	240.000000
700.410400	295.000000
700.598206	278.000000
700.786072	250.000000
700.973999	269.000000
701.161865	303.000000
701.349731	280.000000
701.537598	241.000000
701.725525	239.000000
701.913391	299.000000
702.101257	293.000000
702.289185	251.000000
702.477051	252.000000
702.664978	311.000000
702.852844	300.000000
703.040771	254.000000
703.228638	251.000000
703.416504	308.000000
703.604431	282.000000
703.792297	255.000000
703.980225	240.000000
704.168030	300.000000
704.355957	312.000000
704.543884	251.000000
704.731750	252.000000
704.919678	310.000000
705.107544	307.000000
705.295471	260.000000
705.483276	273.000000
705.671204	321.000000
705.859131	340.000000
706.046997	421.000000
706.234924	555.000000
706.422852	555.000000
706.610779	439.000000
706.798645	342.000000
706.986572	305.000000
707.174500	339.000000
707.362366	348.000000
707.550293	281.000000
707.738220	305.000000
707.926147	336.000000
708.114075	335.000000
708.301941	280.000000
708.489868	309.000000
708.677795	399.000000
708.865723	363.000000
709.053589	309.000000
709.241516	275.000000
709.429443	326.000000
709.617371	313.000000
709.805298	252.000000
709.993225	247.000000
710.181152	300.000000
710.369019	310.000000
710.556946	242.000000
710.744873	268.000000
710.932800	306.000000
711.120728	305.000000
711.308655	263.000000
711.496582	275.000000
711.684509	336.000000
711.872437	350.000000
712.060364	292.000000
712.248291	287.000000
712.436218	337.000000
712.624146	309.000000
712.812134	255.000000
713.000061	249.000000
713.187988	322.000000
713.375916	323.000000
713.563843	252.000000
713.751831	242.000000
713.939697	310.000000
714.127625	308.000000
714.315552	253.000000
714.503540	257.000000
714.691467	319.000000
714.879395	273.000000
715.067322	248.000000
715.255249	239.000000
715.443176	311.000000
715.631165	279.000000
715.819092	248.000000
716.007019	227.000000
716.195007	290.000000
716.382935	289.000000
716.570862	235.000000
716.758850	234.000000
716.946777	294.000000
717.134766	288.000000
717.322693	229.000000
717.510681	247.000000
717.698608	285.000000
717.886597	291.000000
718.074524	232.000000
718.262512	229.000000
718.450439	284.000000
718.638428	284.000000
718.826355	248.000000
719.014282	249.000000
719.202271	295.000000
719.390198	276.000000
719.578186	247.000000
719.766174	230.000000
719.954102	286.000000
720.142029	282.000000
720.330017	233.000000
720.517944	249.000000
720.705933	308.000000
720.893921	299.000000
721.081848	257.000000
721.269836	238.000000
721.457825	300.000000
721.645813	282.000000
721.833740	236.000000
722.021729	232.000000
722.209717	272.000000
722.397705	290.000000
722.585693	222.000000
722.773682	218.000000
722.961609	309.000000
723.149597	287.000000
723.337585	240.000000
723.525574	243.000000
723.713501	289.000000
723.901489	306.000000
724.089478	241.000000
724.277466	237.000000
724.465454	275.000000
724.653442	282.000000
724.841431	233.000000
725.029358	240.000000
725.217346	292.000000
725.405334	308.000000
725.593323	236.000000
725.781311	226.000000
725.969299	287.000000
726.157288	281.000000
726.345276	238.000000
726.533264	251.000000
726.721252	367.000000
726.909241	362.000000
727.097229	274.000000
727.285217	260.000000
727.473206	332.000000
727.661255	283.000000
727.849243	243.000000
728.037231	237.000000
728.225220	306.000000
728.413208	299.000000
728.601135	233.000000
728.789185	227.000000
728.977173	301.000000
729.165161	284.000000
729.353149	251.000000
729.541199	236.000000
729.729187	299.000000
729.917114	285.000000
730.105164	227.000000
730.293152	238.000000
730.481140	310.000000
730.669189	282.000000
730.857178	249.000000
731.045166	231.000000
731.233215	286.000000
731.421204	286.000000
731.609192	242.000000
731.797241	245.000000
731.985229	293.000000
732.173279	301.000000
732.361267	244.000000
732.549316	243.000000
732.737305	292.000000
732.925293	284.000000
733.113342	234.000000
733.301331	249.000000
733.489319	288.000000
733.677307	304.000000
733.865356	228.000000
734.053406	232.000000
734.241394	304.000000
734.429443	293.000000
734.617432	231.000000
734.805420	231.000000
734.993408	301.000000
735.181458	286.000000
735.369507	247.000000
735.557495	230.000000
735.745544	288.000000
735.933594	304.000000
736.121582	226.000000
736.309631	244.000000
736.497681	298.000000
736.685669	296.000000
736.873718	241.000000
737.061768	245.000000
737.249756	297.000000
737.437805	313.000000
737.625854	404.000000
737.813904	602.000000
738.001892	620.000000
738.189941	529.000000
738.377930	370.000000
738.565979	307.000000
738.754028	337.000000
738.942017	301.000000
739.130066	246.000000
739.318115	252.000000
739.506165	284.000000
739.694153	273.000000
739.882202	241.000000
740.070251	247.000000
740.258240	297.000000
740.446289	295.000000
740.634338	244.000000
740.822388	238.000000
741.010437	301.000000
741.198486	286.000000
741.386536	241.000000
741.574585	247.000000
741.762634	332.000000
741.950684	286.000000
742.138733	236.000000
742.326782	234.000000
742.514832	284.000000
742.702881	317.000000
742.890930	243.000000
743.078979	238.000000
743.266968	296.000000
743.455017	292.000000
743.643066	233.000000
743.831116	248.000000
744.019165	300.000000
744.207275	280.000000
744.395325	236.000000
744.583313	225.000000
744.771362	321.000000
744.959412	283.000000
745.147461	234.000000
745.335510	234.000000
745.523621	305.000000
745.711670	298.000000
745.899719	240.000000
746.087769	246.000000
746.275818	301.000000
746.463928	282.000000
746.651978	244.000000
746.840027	242.000000
747.028076	299.000000
747.216187	296.000000
747.404236	250.000000
747.592285	238.000000
747.780334	287.000000
747.968445	303.000000
748.156433	232.000000
748.344482	260.000000
748.532593	312.000000
748.720642	303.000000
748.908691	268.000000
749.096802	264.000000
749.284851	295.000000
749.472900	364.000000
749.660950	463.000000
749.848999	544.000000
750.037109	573.000000
750.225159	487.000000
750.413269	353.000000
750.601318	378.000000
750.789368	596.000000
750.977478	632.000000
751.165527	515.000000
751.353638	416.000000
751.541687	386.000000
751.729797	339.000000
751.917847	260.000000
752.105957	246.000000
752.294006	295.000000
752.482117	294.000000
752.670166	247.000000
752.858276	230.000000
753.046265	309.000000
753.234375	282.000000
753.422485	248.000000
753.610535	233.000000
753.798645	284.000000
753.986694	284.000000
754.174805	238.000000
754.362854	245.000000
754.550903	291.000000
754.739014	289.000000
754.927124	244.000000
755.115173	237.000000
755.303284	286.000000
755.491394	295.000000
755.679443	234.000000
755.867554	247.000000
756.055664	315.000000
756.243713	312.000000
756.431824	230.000000
756.619934	231.000000
756.807983	284.000000
756.996094	294.000000
757.184204	223.000000
757.372314	244.000000
757.560364	292.000000
757.748474	289.000000
757.936523	240.000000
758.124634	260.000000
758.312744	311.000000
758.500793	320.000000
758.688904	250.000000
758.877014	229.000000
759.065125	292.000000
759.253174	301.000000
759.441284	246.000000
759.629333	238.000000
759.817444	290.000000
760.005554	294.000000
760.193665	245.000000
760.381775	247.000000
760.569885	288.000000
760.757996	298.000000
760.946106	255.000000
761.134216	231.000000
761.322327	323.000000
761.510437	306.000000
761.698486	243.000000
761.886597	258.000000
762.074707	296.000000
762.262817	334.000000
762.450928	293.000000
762.639038	596.000000
762.827087	1278.000000
763.015198	1328.000000
763.203308	1188.000000
763.391418	905.000000
763.579529	675.000000
763.767639	462.000000
763.955750	328.000000
764.143860	292.000000
764.331970	315.000000
764.520081	320.000000
764.708191	259.000000
764.896301	244.000000
765.084412	297.000000
765.272522	322.000000
765.460632	234.000000
765.648743	228.000000
765.836853	303.000000
766.024963	287.000000
766.213135	232.000000
766.401245	241.000000
766.589355	307.000000
766.777466	297.000000
766.965576	243.000000
767.153687	232.000000
767.341858	310.000000
767.529968	302.000000
767.718018	227.000000
767.906128	244.000000
768.094238	292.000000
768.282410	308.000000
768.470520	234.000000
768.658630	246.000000
768.846741	300.000000
769.034851	294.000000
769.222961	241.000000
769.411072	240.000000
769.599182	307.000000
769.787354	300.000000
769.975464	243.000000
770.163574	223.000000
770.351746	293.000000
770.539856	287.000000
770.727966	234.000000
770.916138	238.000000
771.104248	296.000000
771.292358	308.000000
771.480530	317.000000
771.668640	521.000000
771.856750	631.000000
772.044922	627.000000
772.233032	505.000000
772.421143	400.000000
772.609253	392.000000
772.797363	320.000000
772.985535	280.000000
773.173645	250.000000
773.361755	310.000000
773.549927	288.000000
773.738037	252.000000
773.926147	232.000000
774.114258	290.000000
774.302429	284.000000
774.490540	230.000000
774.678650	245.000000
774.866821	308.000000
775.054932	288.000000
775.243103	226.000000
775.431213	248.000000
775.619385	305.000000
775.807495	271.000000
775.995667	240.000000
776.183777	250.000000
776.371948	287.000000
776.560059	292.000000
776.748230	238.000000
776.936340	226.000000
777.124512	314.000000
777.312683	297.000000
777.500732	223.000000
777.688904	238.000000
777.877014	298.000000
778.065186	298.000000
778.253296	247.000000
778.441467	232.000000
778.629639	279.000000
778.817688	300.000000
779.005859	246.000000
779.193970	230.000000
779.382141	291.000000
779.570312	277.000000
779.758423	241.000000
779.946594	236.000000
780.134766	295.000000
780.322876	286.000000
780.511047	226.000000
780.699219	227.000000
780.887329	284.000000
781.075500	291.000000
781.263672	246.000000
781.451782	223.000000
781.639954	302.000000
781.828125	294.000000
782.016235	236.000000
782.204407	243.000000
782.392517	297.000000
782.580688	282.000000
782.768799	246.000000
782.956970	232.000000
783.145142	290.000000
783.333313	296.000000
783.521423	250.000000
783.709534	223.000000
783.897705	287.000000
784.085876	282.000000
784.273987	254.000000
784.462158	225.000000
784.650330	284.000000
784.838501	288.000000
785.026672	242.000000
785.214783	255.000000
785.402954	303.000000
785.591125	291.000000
785.779297	233.000000
785.967468	227.000000
786.155579	285.000000
786.343750	288.000000
786.531921	247.000000
786.720093	239.000000
786.908264	301.000000
787.096436	283.000000
787.284546	238.000000
787.472656	241.000000
787.660828	277.000000
787.848999	282.000000
788.037170	227.000000
788.225342	229.000000
788.413513	312.000000
788.601624	299.000000
788.789795	233.000000
788.977966	233.000000
789.166138	286.000000
789.354248	308.000000
789.542419	232.000000
789.730591	231.000000
789.918762	283.000000
790.106934	300.000000
790.295105	244.000000
790.483276	233.000000
790.671448	288.000000
790.859619	287.000000
791.047791	251.000000
791.235962	236.000000
791.424133	288.000000
791.612305	286.000000
791.800476	244.000000
791.988647	234.000000
792.176758	286.000000
792.364929	280.000000
792.553101	231.000000
792.741272	229.000000
792.929443	299.000000
793.117615	294.000000
793.305786	230.000000
793.493896	266.000000
793.682068	308.000000
793.870239	379.000000
794.058411	470.000000
794.246582	494.000000
794.434753	538.000000
794.622925	519.000000
794.811096	390.000000
794.999329	309.000000
795.187500	321.000000
795.375671	307.000000
795.563843	238.000000
795.752014	258.000000
795.940186	287.000000
796.128357	300.000000
796.316528	236.000000
796.504700	249.000000
796.692871	296.000000
796.881042	287.000000
797.069214	243.000000
797.257385	224.000000
797.445557	296.000000
797.633728	280.000000
797.821899	234.000000
798.010071	232.000000
798.198242	301.000000
798.386414	287.000000
798.574585	242.000000
798.762756	230.000000
798.950928	294.000000
799.139099	298.000000
799.327271	240.000000
799.515442	260.000000
799.703674	373.000000
799.891846	451.000000
800.080017	376.000000
800.268188	398.000000
800.456360	471.000000
800.644592	581.000000
800.832764	576.000000
801.020935	545.000000
801.209106	564.000000
801.397278	493.000000
801.585510	349.000000
801.773682	296.000000
801.961792	331.000000
802.149963	306.000000
802.338196	239.000000
802.526367	244.000000
802.714539	312.000000
802.902710	286.000000
803.090942	238.000000
803.279053	234.000000
803.467224	280.000000
803.655396	283.000000
803.843628	245.000000
804.031799	233.000000
804.219971	311.000000
804.408142	293.000000
804.596375	237.000000
804.784546	255.000000
804.972717	292.000000
805.160889	288.000000
805.349121	240.000000
805.537292	231.000000
805.725464	295.000000
805.913696	301.000000
806.101868	234.000000
806.290039	239.000000
806.478271	281.000000
806.666443	279.000000
806.854553	262.000000
807.042725	243.000000
807.230957	289.000000
807.419128	298.000000
807.607300	240.000000
807.795532	239.000000
807.983704	287.000000
808.171814	283.000000
808.360046	253.000000
808.548218	247.000000
808.736450	307.000000
808.924622	329.000000
809.112793	261.000000
809.301025	309.000000
809.489197	543.000000
809.677368	609.000000
809.865601	575.000000
810.053772	597.000000
810.241943	567.000000
810.430176	580.000000
810.618347	986.000000
810.806580	1389.000000
810.994751	1379.000000
811.182922	1405.000000
811.371155	1230.000000
811.559326	847.000000
811.747437	662.000000
811.935669	471.000000
812.123840	316.000000
812.312073	308.000000
812.500244	321.000000
812.688416	308.000000
812.876648	255.000000
813.064758	249.000000
813.252991	300.000000
813.441162	312.000000
813.629395	244.000000
813.817566	248.000000
814.005737	292.000000
814.193970	277.000000
814.382141	244.000000
814.570374	261.000000
814.758545	304.000000
814.946777	322.000000
815.134949	243.000000
815.323120	244.000000
815.511353	298.000000
815.699524	288.000000
815.887756	239.000000
816.075928	244.000000
816.264160	280.000000
816.452332	295.000000
816.640503	233.000000
816.828674	246.000000
817.016907	283.000000
817.205078	284.000000
817.393250	229.000000
817.581482	237.000000
817.769653	291.000000
817.957825	280.000000
818.145996	235.000000
818.334229	232.000000
818.522400	294.000000
818.710632	298.000000
818.898804	252.000000
819.087036	240.000000
819.275208	284.000000
819.463440	283.000000
819.651611	248.000000
819.839844	234.000000
820.028015	309.000000
820.216248	281.000000
820.404419	236.000000
820.592651	250.000000
820.780823	298.000000
820.969055	278.000000
821.157227	239.000000
821.345459	248.000000
821.533569	287.000000
821.721802	283.000000
821.909973	227.000000
822.098206	238.000000
822.286377	284.000000
822.474609	274.000000
822.662781	228.000000
822.850952	255.000000
823.039124	282.000000
823.227356	286.000000
823.415527	233.000000
823.603760	249.000000
823.791931	276.000000
823.980164	301.000000
824.168396	240.000000
824.356567	234.000000
824.544800	288.000000
824.732971	281.000000
824.921204	240.000000
825.109375	253.000000
825.297607	326.000000
825.485779	359.000000
825.674011	380.000000
825.862183	375.000000
826.050415	423.000000
826.238586	433.000000
826.426758	344.000000
826.614990	299.000000
826.803162	330.000000
826.991394	310.000000
827.179565	264.000000
827.367798	247.000000
827.555969	294.000000
827.744141	280.000000
827.932312	240.000000
828.120544	231.000000
828.308777	271.000000
828.496948	292.000000
828.685181	246.000000
828.873352	240.000000
829.061584	278.000000
829.249756	311.000000
829.437988	249.000000
829.626160	251.000000
829.814392	271.000000
830.002625	267.000000
830.190796	239.000000
830.379028	232.000000
830.567200	300.000000
830.755432	281.000000
830.943604	239.000000
831.131836	238.000000
831.320007	295.000000
831.508179	309.000000
831.696411	224.000000
831.884583	234.000000
832.072815	310.000000
832.260986	277.000000
832.449219	261.000000
832.637390	242.000000
832.825562	303.000000
833.013794	281.000000
833.201965	237.000000
833.390198	257.000000
833.578369	302.000000
833.766602	280.000000
833.954834	233.000000
834.143005	238.000000
834.331238	314.000000
834.519409	284.000000
834.707642	244.000000
834.895874	232.000000
835.084045	288.000000
835.272278	294.000000
835.460449	226.000000
835.648682	247.000000
835.836853	267.000000
836.025085	293.000000
836.213257	238.000000
836.401428	246.000000
836.589661	282.000000
836.777832	286.000000
836.966064	244.000000
837.154236	254.000000
837.342468	281.000000
837.530640	285.000000
837.718811	229.000000
837.907043	246.000000
838.095215	295.000000
838.283447	290.000000
838.471680	251.000000
838.659851	232.000000
838.848083	292.000000
839.036255	285.000000
839.224487	260.000000
839.412659	242.000000
839.600891	312.000000
839.789124	367.000000
839.977295	448.000000
840.165527	462.000000
840.353699	515.000000
840.541931	487.000000
840.730103	426.000000
840.918335	377.000000
841.106506	362.000000
841.294678	369.000000
841.482910	472.000000
841.671082	602.000000
841.859314	629.000000
842.047546	606.000000
842.235718	576.000000
842.423889	513.000000
842.612061	473.000000
842.800293	386.000000
842.988464	283.000000
843.176697	290.000000
843.364929	303.000000
843.553101	296.000000
843.741333	259.000000
843.929504	253.000000
844.117737	294.000000
844.305908	287.000000
844.494141	242.000000
844.682312	238.000000
844.870544	299.000000
845.058777	296.000000
845.246948	236.000000
845.435181	244.000000
845.623352	282.000000
845.811584	285.000000
845.999695	246.000000
846.187927	250.000000
846.376160	306.000000
846.564331	282.000000
846.752563	259.000000
846.940735	238.000000
847.128967	279.000000
847.317078	284.000000
847.505310	242.000000
847.693481	269.000000
847.881714	295.000000
848.069946	278.000000
848.258118	231.000000
848.446350	243.000000
848.634521	262.000000
848.822754	270.000000
849.010925	224.000000
849.199158	230.000000
849.387329	305.000000
849.575562	298.000000
849.763733	283.000000
849.951965	277.000000
850.140137	292.000000
850.328369	277.000000
850.516602	242.000000
850.704773	249.000000
850.892944	304.000000
851.081116	331.000000
851.269348	319.000000
851.457520	328.000000
851.645752	385.000000
851.833923	362.000000
852.022156	328.000000
852.210266	300.000000
852.398499	324.000000
852.586670	316.000000
852.774902	252.000000
852.963074	246.000000
853.151306	307.000000
853.339478	282.000000
853.527710	244.000000
853.715881	241.000000
853.904114	291.000000
854.092285	286.000000
854.280518	254.000000
854.468689	247.000000
854.656921	300.000000
854.845093	302.000000
855.033325	238.000000
855.221497	228.000000
855.409729	271.000000
855.597900	280.000000
855.786133	247.000000
855.974304	243.000000
856.162537	276.000000
856.350708	300.000000
856.538818	248.000000
856.726990	241.000000
856.915222	290.000000
857.103394	293.000000
857.291626	235.000000
857.479797	247.000000
857.667969	277.000000
857.856201	287.000000
858.044373	253.000000
858.232605	241.000000
858.420776	278.000000
858.609009	285.000000
858.797180	232.000000
858.985413	240.000000
859.173584	302.000000
859.361816	279.000000
859.549988	268.000000
859.738159	243.000000
859.926392	274.000000
860.114563	287.000000
860.302795	244.000000
860.490967	235.000000
860.679199	293.000000
860.867371	282.000000
861.055542	237.000000
861.243774	248.000000
861.431824	279.000000
861.620056	264.000000
861.808228	248.000000
861.996399	243.000000
862.184631	275.000000
862.372803	313.000000
862.561035	248.000000
862.749207	229.000000
862.937378	285.000000
863.125610	299.000000
863.313782	226.000000
863.502014	250.000000
863.690186	290.000000
863.878357	297.000000
864.066589	245.000000
864.254761	239.000000
864.442993	284.000000
864.631165	277.000000
864.819336	253.000000
865.007568	238.000000
865.195740	272.000000
865.383911	305.000000
865.572144	233.000000
865.760315	250.000000
865.948486	297.000000
866.136719	316.000000
866.324768	258.000000
866.512939	249.000000
866.701172	315.000000
866.889343	304.000000
867.077515	263.000000
867.265747	248.000000
867.453918	287.000000
867.642090	286.000000
867.830322	236.000000
868.018494	248.000000
868.206665	275.000000
868.394897	289.000000
868.583069	232.000000
868.771240	229.000000
868.959473	275.000000
869.147644	305.000000
869.335815	237.000000
869.523987	231.000000
869.712219	315.000000
869.900391	268.000000
870.088562	239.000000
870.276733	250.000000
870.464966	279.000000
870.653137	296.000000
870.841309	278.000000
871.029541	310.000000
871.217590	325.000000
871.405762	311.000000
871.593933	267.000000
871.782166	259.000000
871.970337	302.000000
872.158508	294.000000
872.346680	239.000000
872.534851	265.000000
872.723083	297.000000
872.911255	290.000000
873.099426	238.000000
873.287598	243.000000
873.475830	282.000000
873.664001	281.000000
873.852173	234.000000
874.040344	233.000000
874.228516	284.000000
874.416748	272.000000
874.604919	245.000000
874.793091	240.000000
874.981262	288.000000
875.169434	275.000000
875.357605	237.000000
875.545837	268.000000
875.734009	283.000000
875.922180	305.000000
876.110229	245.000000
876.298401	229.000000
876.486572	294.000000
876.674805	292.000000
876.862976	236.000000
877.051147	241.000000
877.239319	279.000000
877.427490	281.000000
877.615662	250.000000
877.803833	233.000000
877.992004	296.000000
878.180176	306.000000
878.368408	238.000000
878.556580	248.000000
878.744751	294.000000
878.932922	299.000000
879.121094	235.000000
879.309265	239.000000
879.497437	293.000000
879.685608	278.000000
879.873779	272.000000
880.061951	242.000000
880.250122	285.000000
880.438293	293.000000
880.626465	261.000000
880.814636	246.000000
881.002747	277.000000
881.190918	286.000000
881.379089	232.000000
881.567261	255.000000
881.755432	289.000000
881.943604	312.000000
882.131775	257.000000
882.319946	243.000000
882.508118	291.000000
882.696289	284.000000
882.884460	256.000000
883.072632	256.000000
883.260803	286.000000
883.448975	259.000000
883.637146	239.000000
883.825317	263.000000
884.013428	285.000000
884.201599	278.000000
884.389771	231.000000
884.577942	246.000000
884.766113	286.000000
884.954285	277.000000
885.142456	242.000000
885.330627	230.000000
885.518799	275.000000
885.706970	275.000000
885.895020	234.000000
886.083191	243.000000
886.271362	300.000000
886.459534	294.000000
886.647644	235.000000
886.835815	244.000000
887.023987	290.000000
887.212158	282.000000
887.400330	238.000000
887.588501	235.000000
887.776672	294.000000
887.964783	286.000000
888.152954	233.000000
888.341125	258.000000
888.529297	267.000000
888.717468	271.000000
888.905640	234.000000
889.093750	234.000000
889.281921	274.000000
889.470093	265.000000
889.658264	262.000000
889.846436	229.000000
890.034546	286.000000
890.222717	274.000000
890.410889	235.000000
890.599060	247.000000
890.787109	300.000000
890.975220	296.000000
891.163391	251.000000
891.351562	240.000000
891.539734	297.000000
891.727844	281.000000
891.916016	270.000000
892.104187	241.000000
892.292358	280.000000
892.480469	277.000000
892.668640	234.000000
892.856812	249.000000
893.044922	317.000000
893.233093	273.000000
893.421265	232.000000
893.609375	240.000000
893.797546	282.000000
893.985718	282.000000
894.173828	236.000000
894.362000	255.000000
894.550171	294.000000
894.738281	286.000000
894.926453	264.000000
895.114624	248.000000
895.302734	289.000000
895.490906	269.000000
895.678894	228.000000
895.867065	247.000000
896.055237	278.000000
896.243347	304.000000
896.431519	234.000000
896.619629	229.000000
896.807800	291.000000
896.995972	278.000000
897.184082	238.000000
897.372253	227.000000
897.560364	291.000000
897.748535	296.000000
897.936646	238.000000
898.124817	240.000000
898.312927	297.000000
898.501099	284.000000
898.689209	258.000000
898.877380	236.000000
899.065491	298.000000
899.253662	272.000000
899.441772	234.000000
899.629944	252.000000
899.818054	268.000000
900.006226	264.000000
900.194336	233.000000
900.382507	243.000000
900.570496	286.000000
900.758667	284.000000
900.946777	271.000000
901.134888	232.000000
901.323059	282.000000
901.511169	270.000000
901.699341	228.000000
901.887451	250.000000
902.075562	279.000000
902.263733	298.000000
902.451843	234.000000
902.640015	246.000000
902.828125	283.000000
903.016235	282.000000
903.204407	233.000000
903.392517	241.000000
903.580627	283.000000
903.768799	310.000000
903.956909	244.000000
904.145020	260.000000
904.333130	282.000000
904.521301	277.000000
904.709412	241.000000
904.897522	237.000000
905.085693	280.000000
905.273804	277.000000
905.461792	236.000000
905.649902	233.000000
905.838074	295.000000
906.026184	284.000000
906.214294	256.000000
906.402405	257.000000
906.590576	287.000000
906.778687	269.000000
906.966797	245.000000
907.154907	236.000000
907.343018	276.000000
907.531189	268.000000
907.719299	251.000000
907.907410	232.000000
908.095520	295.000000
908.283630	294.000000
908.471741	259.000000
908.659851	237.000000
908.848022	289.000000
909.036133	287.000000
909.224243	239.000000
909.412354	244.000000
909.600464	287.000000
909.788574	283.000000
909.976685	251.000000
910.164795	236.000000
910.352783	298.000000
910.540894	280.000000
910.729004	249.000000
910.917114	249.000000
911.105225	368.000000
911.293335	426.000000
911.481445	394.000000
911.669556	380.000000
911.857666	434.000000
912.045776	442.000000
912.233887	384.000000
912.421997	385.000000
912.610107	410.000000
912.798218	348.000000
912.986328	275.000000
913.174438	259.000000
913.362549	327.000000
913.550659	298.000000
913.738770	254.000000
913.926880	254.000000
914.114990	302.000000
914.303101	286.000000
914.491211	240.000000
914.679321	237.000000
914.867371	289.000000
915.055481	302.000000
915.243469	239.000000
915.431580	247.000000
915.619690	284.000000
915.807800	277.000000
915.995850	240.000000
916.183960	238.000000
916.372070	276.000000
916.560181	295.000000
916.748291	233.000000
916.936340	252.000000
917.124451	289.000000
917.312561	292.000000
917.500671	266.000000
917.688721	234.000000
917.876831	281.000000
918.064941	288.000000
918.253052	254.000000
918.441101	244.000000
918.629211	303.000000
918.817322	301.000000
919.005371	240.000000
919.193481	248.000000
919.381592	289.000000
919.569641	266.000000
919.757751	231.000000
919.945862	244.000000
920.133789	271.000000
920.321899	289.000000
920.509949	242.000000
920.698059	246.000000
920.886169	279.000000
921.074219	292.000000
921.262329	270.000000
921.450378	260.000000
921.638489	312.000000
921.826538	315.000000
922.014648	267.000000
922.202759	293.000000
922.390808	298.000000
922.578918	319.000000
922.766968	269.000000
922.955078	264.000000
923.143127	300.000000
923.331238	296.000000
923.519287	251.000000
923.707336	259.000000
923.895447	291.000000
924.083496	282.000000
924.271606	239.000000
924.459656	231.000000
924.647766	285.000000
924.835815	286.000000
925.023743	234.000000
925.211853	256.000000
925.399902	288.000000
925.588013	284.000000
925.776062	263.000000
925.964111	260.000000
926.152222	290.000000
926.340271	272.000000
926.528320	238.000000
926.716370	252.000000
926.904480	293.000000
927.092529	275.000000
927.280579	238.000000
927.468689	253.000000
927.656738	296.000000
927.844788	287.000000
928.032837	264.000000
928.220947	236.000000
928.408997	270.000000
928.597046	285.000000
928.785095	262.000000
928.973145	234.000000
929.161255	276.000000
929.349304	284.000000
929.537354	267.000000
929.725403	244.000000
929.913330	284.000000
930.101379	288.000000
930.289429	239.000000
930.477539	231.000000
930.665588	294.000000
930.853638	268.000000
931.041687	246.000000
931.229736	240.000000
931.417786	296.000000
931.605835	280.000000
931.793884	247.000000
931.981934	249.000000
932.169983	289.000000
932.358032	290.000000
932.546082	247.000000
932.734131	260.000000
932.922180	304.000000
933.110229	297.000000
933.298279	236.000000
933.486328	233.000000
933.674377	286.000000
933.862427	275.000000
934.050476	270.000000
934.238525	237.000000
934.426575	292.000000
934.614563	287.000000
934.802490	247.000000
934.990540	237.000000
935.178589	290.000000
935.366638	275.000000
935.554687	257.000000
935.742676	254.000000
935.930725	292.000000
936.118774	303.000000
936.306824	247.000000
936.494873	236.000000
936.682861	276.000000
936.870911	273.000000
937.058960	242.000000
937.247009	239.000000
937.434998	293.000000
937.623047	271.000000
937.811096	228.000000
937.999146	253.000000
938.187134	281.000000
938.375183	276.000000
938.563232	242.000000
938.751221	240.000000
938.939270	286.000000
939.127258	286.000000
939.315308	232.000000
939.503357	262.000000
939.691223	287.000000
939.879272	272.000000
940.067261	242.000000
940.255310	254.000000
940.443359	296.000000
940.631348	303.000000
940.819397	265.000000
941.007385	232.000000
941.195435	292.000000
941.383423	276.000000
941.571472	256.000000
941.759460	265.000000
941.947510	298.000000
942.135498	276.000000
942.323486	247.000000
942.511536	248.000000
942.699524	291.000000
942.887573	283.000000
943.075562	252.000000
943.263550	236.000000
943.451599	271.000000
943.639587	268.000000
943.827637	235.000000
944.015625	273.000000
944.203613	303.000000
944.391663	273.000000
944.579529	242.000000
944.767517	249.000000
944.955505	284.000000
945.143555	289.000000
945.331543	263.000000
945.519531	239.000000
945.707520	264.000000
945.895569	276.000000
946.083557	247.000000
946.271545	250.000000
946.459534	286.000000
946.647522	284.000000
946.835571	240.000000
947.023560	247.000000
947.211548	277.000000
947.399536	277.000000
947.587524	260.000000
947.775513	248.000000
947.963501	295.000000
948.151489	279.000000
948.339478	252.000000
948.527527	230.000000
948.715515	277.000000
948.903503	291.000000
949.091492	249.000000
949.279480	237.000000
949.467346	284.000000
949.655334	272.000000
949.843323	260.000000
950.031311	248.000000
950.219299	284.000000
950.407227	268.000000
950.595215	234.000000
950.783203	239.000000
950.971191	275.000000
951.159180	270.000000
951.347168	230.000000
951.535156	237.000000
951.723145	290.000000
951.911133	294.000000
952.099060	233.000000
952.287048	249.000000
952.475037	283.000000
952.663025	264.000000
952.851013	252.000000
953.038940	243.000000
953.226929	283.000000
953.414917	278.000000
953.602905	238.000000
953.790833	259.000000
953.978821	294.000000
954.166809	268.000000
954.354614	261.000000
954.542603	246.000000
954.730591	286.000000
954.918518	283.000000
955.106506	233.000000
955.294495	251.000000
955.482422	274.000000
955.670410	273.000000
955.858337	251.000000
956.046326	259.000000
956.234253	279.000000
956.422241	276.000000
956.610168	236.000000
956.798157	239.000000
956.986084	296.000000
957.174072	256.000000
957.362000	237.000000
957.549988	248.000000
957.737915	275.000000
957.925903	288.000000
958.113831	238.000000
958.301819	253.000000
958.489746	274.000000
958.677673	271.000000
958.865662	262.000000
959.053589	254.000000
959.241455	276.000000
959.429382	258.000000
959.617310	246.000000
959.805237	235.000000
959.993225	272.000000
960.181152	279.000000
960.369080	233.000000
960.557068	253.000000
960.744995	270.000000
960.932922	262.000000
961.120850	250.000000
961.308777	260.000000
961.496765	272.000000
961.684692	276.000000
961.872620	258.000000
962.060547	236.000000
962.248474	278.000000
962.436401	282.000000
962.624329	251.000000
962.812317	239.000000
963.000244	291.000000
963.188171	268.000000
963.376099	246.000000
963.564026	250.000000
963.751953	293.000000
963.939880	275.000000
964.127686	243.000000
964.315613	251.000000
964.503540	298.000000
964.691467	290.000000
964.879395	277.000000
965.067322	275.000000
965.255249	307.000000
965.443115	318.000000
965.631042	272.000000
965.818970	256.000000
966.006897	290.000000
966.194824	319.000000
966.382751	267.000000
966.570679	253.000000
966.758545	286.000000
966.946472	280.000000
967.134399	262.000000
967.322327	242.000000
967.510193	286.000000
967.698120	259.000000
967.886047	233.000000
968.073975	253.000000
968.261841	271.000000
968.449768	272.000000
968.637695	249.000000
968.825562	237.000000
969.013367	291.000000
969.201294	280.000000
969.389160	238.000000
969.577087	253.000000
969.764954	294.000000
969.952881	252.000000
970.140747	250.000000
970.328674	251.000000
970.516602	266.000000
970.704468	288.000000
970.892395	273.000000
971.080261	243.000000
971.268188	292.000000
971.456055	275.000000
971.643921	235.000000
971.831848	263.000000
972.019714	277.000000
972.207642	281.000000
972.395508	247.000000
972.583374	242.000000
972.771301	270.000000
972.959167	281.000000
973.147034	249.000000
973.334961	233.000000
973.522827	278.000000
973.710693	267.000000
973.898499	242.000000
974.086365	249.000000
974.274231	274.000000
974.462097	272.000000
974.649963	247.000000
974.837891	239.000000
975.025757	267.000000
975.213623	271.000000
975.401489	238.000000
975.589355	254.000000
975.777222	275.000000
975.965088	260.000000
976.153015	271.000000
976.340881	250.000000
976.528748	279.000000
976.716614	283.000000
976.904480	238.000000
977.092346	266.000000
977.280212	266.000000
977.468079	287.000000
977.655945	254.000000
977.843811	245.000000
978.031677	268.000000
978.219543	272.000000
978.407349	237.000000
978.595215	250.000000
978.782959	314.000000
978.970825	282.000000
979.158691	242.000000
979.346558	236.000000
979.534424	295.000000
979.722229	297.000000
979.910095	271.000000
980.097961	260.000000
980.285828	286.000000
980.473633	268.000000
980.661499	239.000000
980.849365	248.000000
981.037231	283.000000
981.225037	266.000000
981.412903	242.000000
981.600769	240.000000
981.788574	283.000000
981.976440	288.000000
982.164246	239.000000
982.352112	244.000000
982.539978	276.000000
982.727783	263.000000
982.915649	243.000000
983.103455	260.000000
983.291321	277.000000
983.479126	270.000000
983.666870	256.000000
983.854675	243.000000
984.042542	282.000000
984.230347	284.000000
984.418152	241.000000
984.606018	251.000000
984.793823	287.000000
984.981689	264.000000
985.169495	239.000000
985.357300	245.000000
985.545166	296.000000
985.732971	273.000000
985.920776	277.000000
986.108582	243.000000
986.296448	276.000000
986.484253	299.000000
986.672058	252.000000
986.859863	236.000000
987.047668	270.000000
987.235535	276.000000
987.423340	259.000000
987.611145	255.000000
987.798950	287.000000
987.986755	272.000000
988.174561	254.000000
988.362366	251.000000
988.550049	270.000000
988.737854	277.000000
988.925659	248.000000
989.113464	243.000000
989.301270	280.000000
989.489075	281.000000
989.676880	237.000000
989.864685	261.000000
990.052490	280.000000
990.240295	291.000000
990.428101	245.000000
990.615906	235.000000
990.803711	284.000000
990.991516	283.000000
991.179321	261.000000
991.367065	243.000000
991.554871	279.000000
991.742676	264.000000
991.930481	239.000000
992.118225	246.000000
992.306030	277.000000
992.493835	282.000000
992.681641	252.000000
992.869385	270.000000
993.057190	279.000000
993.244995	268.000000
993.432617	238.000000
993.620422	232.000000
993.808167	302.000000
993.995972	275.000000
994.183777	245.000000
994.371521	242.000000
994.559326	294.000000
994.747070	271.000000
994.934875	252.000000
995.122620	250.000000
995.310425	285.000000
995.498169	276.000000
995.685974	244.000000
995.873718	236.000000
996.061462	272.000000
996.249268	268.000000
996.437012	244.000000
996.624756	235.000000
996.812561	276.000000
997.000305	264.000000
997.188049	250.000000
997.375854	245.000000
997.563599	279.000000
997.751343	273.000000
997.939087	240.000000
998.126892	255.000000
998.314514	268.000000
998.502258	255.000000
998.690002	237.000000
998.877747	245.000000
999.065491	278.000000
999.253235	272.000000
999.440979	264.000000
999.628784	246.000000
999.816528	283.000000
1000.004272	262.000000
1000.192017	0.000000
1000.379761	0.000000
1000.567505	0.000000
1000.755249	0.000000
1000.942993	0.000000
1001.130676	0.000000
1001.318420	0.000000
1001.506165	0.000000
1001.693909	0.000000
1001.881653	0.000000
1002.069397	0.000000
1002.257141	0.000000
1002.444824	0.000000
1002.632568	0.000000
1002.820312	0.000000
1003.008057	0.000000
1003.195679	0.000000
1003.383362	0.000000
1003.571106	0.000000
1003.758850	0.000000
1003.946533	0.000000
1004.134277	0.000000
1004.322021	0.000000
1004.509705	0.000000
1004.697449	0.000000
1004.885132	0.000000
1005.072876	0.000000
1005.260559	0.000000
1005.448303	0.000000
1005.635986	0.000000
1005.823730	0.000000
1006.011414	0.000000
1006.199158	0.000000
1006.386841	0.000000
1006.574585	0.000000
1006.762268	0.000000
1006.949951	0.000000
1007.137695	0.000000
1007.325378	0.000000
1007.513062	0.000000
1007.700806	0.000000
1007.888489	0.000000
1008.076050	0.000000
1008.263794	0.000000
1008.451477	0.000000
1008.639160	0.000000
1008.826843	0.000000
1009.014526	0.000000
1009.202271	0.000000
1009.389954	0.000000
1009.577637	0.000000
1009.765320	0.000000
1009.953003	0.000000
1010.140686	0.000000
1010.328369	0.000000
1010.516052	0.000000
1010.703735	0.000000
1010.891418	0.000000
1011.079102	0.000000
1011.266785	0.000000
1011.454468	0.000000
1011.642151	0.000000
1011.829834	0.000000
1012.017517	0.000000
1012.205139	0.000000
1012.392822	0.000000
1012.580505	0.000000
1012.768188	0.000000
1012.955750	0.000000
1013.143372	0.000000
1013.331055	0.000000
1013.518738	0.000000
1013.706421	0.000000
1013.894043	0.000000
1014.081726	0.000000
1014.269409	0.000000
1014.457031	0.000000
1014.644714	0.000000
1014.832336	0.000000
1015.020020	0.000000
1015.207703	0.000000
