333.051300	0.000000
333.235016	0.000000
333.418732	0.000000
333.602448	0.000000
333.786163	0.000000
333.969879	0.000000
334.153625	0.000000
334.337372	0.000000
334.521088	0.000000
334.704834	0.000000
334.888550	0.000000
335.072327	0.000000
335.256073	0.000000
335.439819	0.000000
335.623596	0.000000
335.807343	0.000000
335.991119	0.000000
336.174866	0.000000
336.358643	0.000000
336.542419	0.000000
336.726196	0.000000
336.909973	0.000000
337.093750	0.000000
337.277527	0.000000
337.461304	0.000000
337.645111	0.000000
337.828918	0.000000
338.012726	0.000000
338.196533	0.000000
338.380341	0.000000
338.564117	0.000000
338.747925	0.000000
338.931763	0.000000
339.115570	0.000000
339.299408	0.000000
339.483215	0.000000
339.667023	0.000000
339.850861	0.000000
340.034698	0.000000
340.218536	0.000000
340.402405	0.000000
340.586243	0.000000
340.770111	0.000000
340.953918	0.000000
341.137787	0.000000
341.321655	0.000000
341.505524	0.000000
341.689392	0.000000
341.873260	0.000000
342.057098	0.000000
342.240967	0.000000
342.424866	0.000000
342.608734	0.000000
342.792633	0.000000
342.976532	0.000000
343.160431	0.000000
343.344299	0.000000
343.528198	0.000000
343.712097	0.000000
343.895996	0.000000
344.079926	0.000000
344.263824	0.000000
344.447723	0.000000
344.631653	0.000000
344.815552	0.000000
344.999481	0.000000
345.183411	0.000000
345.367371	0.000000
345.551300	0.000000
345.735199	0.000000
345.919159	0.000000
346.103088	0.000000
346.287048	0.000000
346.471008	0.000000
346.654968	0.000000
346.838898	0.000000
347.022858	0.000000
347.206818	0.000000
347.390778	0.000000
347.574768	0.000000
347.758728	0.000000
347.942719	0.000000
348.126678	0.000000
348.310669	0.000000
348.494659	0.000000
348.678650	0.000000
348.862640	0.000000
349.046631	0.000000
349.230591	0.000000
349.414612	0.000000
349.598602	0.000000
349.782623	0.000000
349.966644	239.000000
350.150665	283.000000
350.334686	284.000000
350.518677	250.000000
350.702698	241.000000
350.886749	269.000000
351.070770	270.000000
351.254822	243.000000
351.438843	241.000000
351.622864	278.000000
351.806915	266.000000
351.990967	257.000000
352.175018	251.000000
352.359070	282.000000
352.543121	280.000000
352.727203	232.000000
352.911224	270.000000
353.095306	287.000000
353.279358	262.000000
353.463440	241.000000
353.647522	243.000000
353.831604	284.000000
354.015656	267.000000
354.199738	239.000000
354.383850	241.000000
354.567932	285.000000
354.752045	284.000000
354.936127	254.000000
355.120239	250.000000
355.304321	288.000000
355.488434	280.000000
355.672546	245.000000
355.856659	251.000000
356.040771	277.000000
356.224915	270.000000
356.408997	242.000000
356.593140	243.000000
356.777252	286.000000
356.961395	275.000000
357.145538	248.000000
357.329681	254.000000
357.513824	273.000000
357.697937	271.000000
357.882111	241.000000
358.066254	250.000000
358.250397	278.000000
358.434570	279.000000
358.618744	248.000000
358.802887	246.000000
358.987061	269.000000
359.171234	279.000000
359.355408	260.000000
359.539581	245.000000
359.723755	284.000000
359.907959	285.000000
360.092102	247.000000
360.276306	240.000000
360.460510	277.000000
360.644684	277.000000
360.828888	249.000000
361.013092	251.000000
361.197296	303.000000
361.381500	293.000000
361.565704	240.000000
361.749939	232.000000
361.934143	277.000000
362.118378	273.000000
362.302612	239.000000
362.486786	230.000000
362.671021	279.000000
362.855255	284.000000
363.039520	234.000000
363.223755	245.000000
363.407990	266.000000
363.592224	266.000000
363.776459	252.000000
363.960724	248.000000
364.144989	276.000000
364.329254	272.000000
364.513519	266.000000
364.697784	234.000000
364.882019	281.000000
365.066284	273.000000
365.250580	237.000000
365.434845	246.000000
365.619141	270.000000
365.803436	276.000000
365.987701	239.000000
366.171967	236.000000
366.356262	276.000000
366.540558	282.000000
366.724884	246.000000
366.909180	248.000000
367.093445	292.000000
367.277771	288.000000
367.462097	239.000000
367.646393	254.000000
367.830719	281.000000
368.015045	267.000000
368.199371	246.000000
368.383698	238.000000
368.567993	275.000000
368.752350	265.000000
368.936676	230.000000
369.121033	243.000000
369.305359	276.000000
369.489685	289.000000
369.674042	261.000000
369.858398	264.000000
370.042755	281.000000
370.227112	260.000000
370.411469	238.000000
370.595856	237.000000
370.780212	278.000000
370.964569	298.000000
371.148926	253.000000
371.333313	240.000000
371.517700	273.000000
371.702087	258.000000
371.886444	239.000000
372.070831	252.000000
372.255219	258.000000
372.439636	286.000000
372.624023	242.000000
372.808441	248.000000
372.992828	276.000000
373.177246	274.000000
373.361633	245.000000
373.546051	241.000000
373.730469	281.000000
373.914886	269.000000
374.099304	241.000000
374.283722	233.000000
374.468140	276.000000
374.652588	261.000000
374.837006	240.000000
375.021454	243.000000
375.205902	276.000000
375.390350	274.000000
375.574799	258.000000
375.759216	228.000000
375.943665	263.000000
376.128143	283.000000
376.312592	256.000000
376.497070	256.000000
376.681488	288.000000
376.865967	271.000000
377.050446	239.000000
377.234924	242.000000
377.419403	267.000000
377.603882	293.000000
377.788361	245.000000
377.972870	238.000000
378.157318	270.000000
378.341827	263.000000
378.526306	251.000000
378.710815	239.000000
378.895325	288.000000
379.079803	267.000000
379.264313	249.000000
379.448822	255.000000
379.633331	288.000000
379.817841	279.000000
380.002380	240.000000
380.186890	242.000000
380.371429	288.000000
380.555939	258.000000
380.740479	231.000000
380.924988	244.000000
381.109528	279.000000
381.294098	276.000000
381.478607	239.000000
381.663147	242.000000
381.847717	272.000000
382.032257	280.000000
382.216827	240.000000
382.401367	237.000000
382.585937	283.000000
382.770508	272.000000
382.955048	254.000000
383.139618	240.000000
383.324188	274.000000
383.508789	274.000000
383.693359	250.000000
383.877930	249.000000
384.062500	287.000000
384.247101	286.000000
384.431702	261.000000
384.616302	237.000000
384.800903	294.000000
384.985504	294.000000
385.170105	229.000000
385.354675	237.000000
385.539276	283.000000
385.723907	275.000000
385.908508	239.000000
386.093140	244.000000
386.277740	297.000000
386.462372	280.000000
386.647003	238.000000
386.831635	242.000000
387.016266	280.000000
387.200897	276.000000
387.385559	246.000000
387.570190	254.000000
387.754791	268.000000
387.939453	279.000000
388.124115	229.000000
388.308777	264.000000
388.493439	302.000000
388.678070	288.000000
388.862732	252.000000
389.047394	235.000000
389.232056	284.000000
389.416748	282.000000
389.601410	242.000000
389.786102	243.000000
389.970795	277.000000
390.155426	269.000000
390.340118	257.000000
390.524811	240.000000
390.709503	273.000000
390.894196	292.000000
391.078888	232.000000
391.263580	232.000000
391.448303	288.000000
391.632996	275.000000
391.817719	230.000000
392.002441	268.000000
392.187134	295.000000
392.371857	267.000000
392.556549	250.000000
392.741302	237.000000
392.926025	304.000000
393.110748	274.000000
393.295502	236.000000
393.480194	239.000000
393.664948	279.000000
393.849670	300.000000
394.034424	250.000000
394.219177	253.000000
394.403931	268.000000
394.588684	272.000000
394.773468	233.000000
394.958191	245.000000
395.142944	268.000000
395.327728	269.000000
395.512482	256.000000
395.697266	225.000000
395.882019	278.000000
396.066803	286.000000
396.251587	242.000000
396.436371	246.000000
396.621155	272.000000
396.805939	276.000000
396.990723	256.000000
397.175537	241.000000
397.360291	270.000000
397.545105	283.000000
397.729919	231.000000
397.914703	238.000000
398.099518	278.000000
398.284302	267.000000
398.469116	238.000000
398.653961	250.000000
398.838776	285.000000
399.023590	285.000000
399.208435	241.000000
399.393250	234.000000
399.578094	300.000000
399.762909	290.000000
399.947754	258.000000
400.132599	232.000000
400.317444	284.000000
400.502289	275.000000
400.687103	239.000000
400.871948	250.000000
401.056824	263.000000
401.241669	285.000000
401.426544	248.000000
401.611420	239.000000
401.796265	288.000000
401.981140	268.000000
402.165985	247.000000
402.350861	233.000000
402.535767	286.000000
402.720642	270.000000
402.905518	252.000000
403.090393	248.000000
403.275269	279.000000
403.460175	280.000000
403.645081	239.000000
403.829956	236.000000
404.014862	262.000000
404.199768	268.000000
404.384674	266.000000
404.569580	238.000000
404.754486	292.000000
404.939392	271.000000
405.124329	231.000000
405.309235	240.000000
405.494141	280.000000
405.679077	273.000000
405.864014	232.000000
406.048950	230.000000
406.233887	290.000000
406.418823	273.000000
406.603760	243.000000
406.788696	241.000000
406.973633	264.000000
407.158569	285.000000
407.343536	246.000000
407.528473	244.000000
407.713440	290.000000
407.898376	272.000000
408.083344	255.000000
408.268311	229.000000
408.453278	284.000000
408.638275	283.000000
408.823242	223.000000
409.008209	244.000000
409.193207	271.000000
409.378143	269.000000
409.563141	238.000000
409.748138	245.000000
409.933136	279.000000
410.118134	263.000000
410.303101	257.000000
410.488098	233.000000
410.673096	289.000000
410.858124	287.000000
411.043121	243.000000
411.228149	232.000000
411.413147	292.000000
411.598175	270.000000
411.783173	234.000000
411.968201	249.000000
412.153229	278.000000
412.338257	282.000000
412.523285	228.000000
412.708282	221.000000
412.893341	288.000000
413.078369	279.000000
413.263428	228.000000
413.448456	225.000000
413.633514	290.000000
413.818573	268.000000
414.003632	222.000000
414.188660	228.000000
414.373718	279.000000
414.558777	276.000000
414.743835	229.000000
414.928925	265.000000
415.113953	293.000000
415.299042	293.000000
415.484100	236.000000
415.669189	222.000000
415.854279	282.000000
416.039368	275.000000
416.224457	218.000000
416.409546	234.000000
416.594604	288.000000
416.779694	282.000000
416.964813	238.000000
417.149902	233.000000
417.335022	286.000000
417.520081	290.000000
417.705200	246.000000
417.890320	239.000000
418.075439	275.000000
418.260559	302.000000
418.445679	232.000000
418.630798	239.000000
418.815918	271.000000
419.001038	266.000000
419.186157	234.000000
419.371307	235.000000
419.556427	284.000000
419.741577	280.000000
419.926697	230.000000
420.111847	228.000000
420.296997	287.000000
420.482147	265.000000
420.667297	223.000000
420.852448	226.000000
421.037628	295.000000
421.222778	278.000000
421.407928	228.000000
421.593079	229.000000
421.778259	288.000000
421.963440	283.000000
422.148621	232.000000
422.333771	228.000000
422.518951	313.000000
422.704132	274.000000
422.889313	254.000000
423.074493	224.000000
423.259705	279.000000
423.444885	264.000000
423.630096	255.000000
423.815277	230.000000
424.000458	299.000000
424.185669	295.000000
424.370880	224.000000
424.556091	223.000000
424.741272	279.000000
424.926514	292.000000
425.111725	228.000000
425.296936	236.000000
425.482178	300.000000
425.667389	270.000000
425.852631	232.000000
426.037872	231.000000
426.223083	282.000000
426.408325	273.000000
426.593567	230.000000
426.778809	240.000000
426.964050	282.000000
427.149261	283.000000
427.334534	244.000000
427.519775	239.000000
427.705048	279.000000
427.890289	283.000000
428.075562	266.000000
428.260834	244.000000
428.446106	271.000000
428.631348	299.000000
428.816620	237.000000
429.001892	240.000000
429.187164	289.000000
429.372467	281.000000
429.557709	235.000000
429.743011	230.000000
429.928284	294.000000
430.113586	275.000000
430.298889	236.000000
430.484161	225.000000
430.669464	278.000000
430.854767	280.000000
431.040070	235.000000
431.225372	222.000000
431.410675	281.000000
431.596008	261.000000
431.781311	242.000000
431.966614	228.000000
432.151917	293.000000
432.337250	270.000000
432.522583	238.000000
432.707916	246.000000
432.893250	294.000000
433.078583	299.000000
433.263916	222.000000
433.449219	231.000000
433.634583	301.000000
433.819916	275.000000
434.005280	236.000000
434.190613	228.000000
434.375946	292.000000
434.561310	300.000000
434.746674	241.000000
434.932037	223.000000
435.117401	290.000000
435.302765	304.000000
435.488129	247.000000
435.673492	235.000000
435.858856	298.000000
436.044220	277.000000
436.229614	229.000000
436.415009	235.000000
436.600372	311.000000
436.785736	276.000000
436.971130	240.000000
437.156525	227.000000
437.341919	280.000000
437.527313	284.000000
437.712738	235.000000
437.898132	220.000000
438.083527	279.000000
438.268921	278.000000
438.454346	287.000000
438.639740	228.000000
438.825165	298.000000
439.010590	282.000000
439.195984	227.000000
439.381409	231.000000
439.566833	277.000000
439.752258	282.000000
439.937683	232.000000
440.123138	230.000000
440.308563	297.000000
440.494019	287.000000
440.679413	230.000000
440.864868	236.000000
441.050323	307.000000
441.235779	283.000000
441.421234	244.000000
441.606659	243.000000
441.792114	315.000000
441.977570	283.000000
442.163055	227.000000
442.348511	220.000000
442.533997	278.000000
442.719452	274.000000
442.904938	223.000000
443.090393	240.000000
443.275848	278.000000
443.461334	273.000000
443.646820	223.000000
443.832306	229.000000
444.017792	289.000000
444.203278	282.000000
444.388763	228.000000
444.574280	251.000000
444.759766	323.000000
444.945282	306.000000
445.130768	250.000000
445.316284	227.000000
445.501770	310.000000
445.687286	288.000000
445.872803	222.000000
446.058319	243.000000
446.243835	292.000000
446.429321	289.000000
446.614868	239.000000
446.800385	231.000000
446.985931	289.000000
447.171448	284.000000
447.356995	223.000000
447.542542	225.000000
447.728088	275.000000
447.913605	272.000000
448.099152	226.000000
448.284698	229.000000
448.470245	293.000000
448.655792	295.000000
448.841339	223.000000
449.026886	232.000000
449.212463	287.000000
449.398010	305.000000
449.583588	232.000000
449.769165	228.000000
449.954712	293.000000
450.140289	280.000000
450.325836	223.000000
450.511444	232.000000
450.697021	270.000000
450.882599	302.000000
451.068176	233.000000
451.253754	230.000000
451.439331	286.000000
451.624939	300.000000
451.810547	232.000000
451.996124	228.000000
452.181732	299.000000
452.367340	270.000000
452.552948	226.000000
452.738525	233.000000
452.924164	273.000000
453.109772	284.000000
453.295380	249.000000
453.481018	222.000000
453.666595	282.000000
453.852234	274.000000
454.037842	224.000000
454.223480	239.000000
454.409119	289.000000
454.594757	281.000000
454.780396	236.000000
454.966034	242.000000
455.151642	279.000000
455.337311	288.000000
455.522949	241.000000
455.708588	217.000000
455.894257	293.000000
456.079865	271.000000
456.265533	235.000000
456.451202	228.000000
456.636871	301.000000
456.822540	265.000000
457.008209	229.000000
457.193878	225.000000
457.379547	267.000000
457.565186	275.000000
457.750854	226.000000
457.936554	228.000000
458.122223	290.000000
458.307922	281.000000
458.493591	217.000000
458.679260	223.000000
458.864960	294.000000
459.050659	271.000000
459.236359	234.000000
459.422058	237.000000
459.607758	292.000000
459.793457	297.000000
459.979156	219.000000
460.164856	223.000000
460.350586	286.000000
460.536285	276.000000
460.722015	228.000000
460.907715	239.000000
461.093414	273.000000
461.279144	286.000000
461.464874	232.000000
461.650604	226.000000
461.836334	281.000000
462.022064	294.000000
462.207825	232.000000
462.393555	218.000000
462.579285	296.000000
462.765015	296.000000
462.950775	225.000000
463.136475	231.000000
463.322235	289.000000
463.507996	287.000000
463.693756	232.000000
463.879517	228.000000
464.065277	292.000000
464.251038	279.000000
464.436798	239.000000
464.622589	227.000000
464.808350	288.000000
464.994110	291.000000
465.179871	241.000000
465.365662	249.000000
465.551422	295.000000
465.737183	291.000000
465.922974	225.000000
466.108765	222.000000
466.294556	292.000000
466.480347	277.000000
466.666168	221.000000
466.851959	228.000000
467.037750	278.000000
467.223572	290.000000
467.409332	230.000000
467.595154	225.000000
467.780975	294.000000
467.966736	270.000000
468.152557	229.000000
468.338379	234.000000
468.524200	299.000000
468.710022	280.000000
468.895844	228.000000
469.081696	241.000000
469.267517	282.000000
469.453339	288.000000
469.639191	229.000000
469.824982	228.000000
470.010834	293.000000
470.196686	288.000000
470.382507	266.000000
470.568329	245.000000
470.754181	292.000000
470.940033	285.000000
471.125916	222.000000
471.311768	269.000000
471.497620	300.000000
471.683472	295.000000
471.869354	241.000000
472.055206	268.000000
472.241058	277.000000
472.426910	273.000000
472.612793	245.000000
472.798645	238.000000
472.984528	284.000000
473.170410	279.000000
473.356293	223.000000
473.542175	236.000000
473.728058	305.000000
473.913971	273.000000
474.099854	246.000000
474.285736	236.000000
474.471649	281.000000
474.657532	308.000000
474.843414	257.000000
475.029327	243.000000
475.215210	288.000000
475.401123	289.000000
475.587036	225.000000
475.772949	228.000000
475.958862	283.000000
476.144775	275.000000
476.330719	230.000000
476.516632	226.000000
476.702545	274.000000
476.888489	275.000000
477.074402	232.000000
477.260315	233.000000
477.446259	294.000000
477.632172	281.000000
477.818115	239.000000
478.004059	237.000000
478.190002	312.000000
478.375946	293.000000
478.561890	230.000000
478.747864	225.000000
478.933807	289.000000
479.119751	289.000000
479.305725	236.000000
479.491669	231.000000
479.677612	271.000000
479.863586	298.000000
480.049530	230.000000
480.235504	218.000000
480.421478	277.000000
480.607452	289.000000
480.793427	234.000000
480.979401	236.000000
481.165405	292.000000
481.351379	290.000000
481.537354	235.000000
481.723358	228.000000
481.909332	288.000000
482.095306	289.000000
482.281311	240.000000
482.467285	228.000000
482.653290	284.000000
482.839294	286.000000
483.025299	236.000000
483.211304	247.000000
483.397308	282.000000
483.583344	298.000000
483.769348	229.000000
483.955353	233.000000
484.141388	279.000000
484.327393	288.000000
484.513397	235.000000
484.699432	221.000000
484.885437	305.000000
485.071472	282.000000
485.257507	240.000000
485.443542	238.000000
485.629578	283.000000
485.815613	273.000000
486.001648	232.000000
486.187714	241.000000
486.373749	282.000000
486.559814	289.000000
486.745819	234.000000
486.931885	220.000000
487.117950	284.000000
487.303986	285.000000
487.490051	232.000000
487.676117	230.000000
487.862183	261.000000
488.048248	280.000000
488.234314	223.000000
488.420380	234.000000
488.606445	282.000000
488.792542	283.000000
488.978607	238.000000
489.164673	226.000000
489.350769	285.000000
489.536835	298.000000
489.722900	241.000000
489.908997	232.000000
490.095093	287.000000
490.281189	306.000000
490.467285	238.000000
490.653381	255.000000
490.839508	261.000000
491.025604	272.000000
491.211700	234.000000
491.397827	225.000000
491.583893	292.000000
491.770020	290.000000
491.956146	229.000000
492.142212	252.000000
492.328339	268.000000
492.514465	275.000000
492.700592	240.000000
492.886719	231.000000
493.072845	287.000000
493.258972	259.000000
493.445129	235.000000
493.631256	225.000000
493.817413	312.000000
494.003510	287.000000
494.189667	231.000000
494.375793	243.000000
494.561920	296.000000
494.748077	278.000000
494.934235	228.000000
495.120392	238.000000
495.306549	282.000000
495.492706	297.000000
495.678864	235.000000
495.865021	233.000000
496.051178	284.000000
496.237366	300.000000
496.423492	224.000000
496.609680	247.000000
496.795837	286.000000
496.981995	276.000000
497.168182	234.000000
497.354370	240.000000
497.540558	264.000000
497.726746	268.000000
497.912933	237.000000
498.099121	235.000000
498.285309	286.000000
498.471497	269.000000
498.657715	243.000000
498.843872	220.000000
499.030090	310.000000
499.216278	278.000000
499.402466	224.000000
499.588654	227.000000
499.774872	293.000000
499.961090	291.000000
500.147308	228.000000
500.333527	224.000000
500.519745	289.000000
500.705963	315.000000
500.892181	239.000000
501.078430	225.000000
501.264618	291.000000
501.450836	274.000000
501.637085	226.000000
501.823303	230.000000
502.009521	284.000000
502.195770	310.000000
502.382019	238.000000
502.568268	229.000000
502.754486	290.000000
502.940735	288.000000
503.127014	219.000000
503.313263	229.000000
503.499512	285.000000
503.685730	295.000000
503.872009	235.000000
504.058258	229.000000
504.244507	298.000000
504.430756	278.000000
504.617035	231.000000
504.803314	235.000000
504.989563	287.000000
505.175842	285.000000
505.362122	251.000000
505.548401	230.000000
505.734680	277.000000
505.920959	274.000000
506.107239	233.000000
506.293518	243.000000
506.479797	286.000000
506.666077	289.000000
506.852356	237.000000
507.038666	233.000000
507.224945	295.000000
507.411255	286.000000
507.597565	229.000000
507.783875	234.000000
507.970184	296.000000
508.156494	282.000000
508.342804	227.000000
508.529083	250.000000
508.715393	284.000000
508.901703	284.000000
509.088013	224.000000
509.274323	230.000000
509.460663	277.000000
509.646973	280.000000
509.833313	256.000000
510.019653	244.000000
510.205963	286.000000
510.392303	288.000000
510.578644	249.000000
510.764984	228.000000
510.951294	290.000000
511.137634	309.000000
511.324005	234.000000
511.510315	225.000000
511.696655	306.000000
511.883026	277.000000
512.069397	221.000000
512.255737	238.000000
512.442078	287.000000
512.628479	286.000000
512.814819	224.000000
513.001160	232.000000
513.187561	269.000000
513.373901	272.000000
513.560303	255.000000
513.746643	222.000000
513.932983	280.000000
514.119385	273.000000
514.305725	222.000000
514.492126	223.000000
514.678528	283.000000
514.864868	277.000000
515.051270	226.000000
515.237671	237.000000
515.424072	281.000000
515.610474	290.000000
515.796814	257.000000
515.983215	226.000000
516.169617	277.000000
516.356018	282.000000
516.542419	223.000000
516.728821	242.000000
516.915222	308.000000
517.101624	286.000000
517.288086	230.000000
517.474487	222.000000
517.660889	269.000000
517.847290	274.000000
518.033752	238.000000
518.220154	228.000000
518.406616	295.000000
518.593018	281.000000
518.779358	240.000000
518.965820	235.000000
519.152283	286.000000
519.338684	300.000000
519.525146	236.000000
519.711548	232.000000
519.898010	267.000000
520.084473	304.000000
520.270935	230.000000
520.457336	233.000000
520.643738	297.000000
520.830200	295.000000
521.016663	237.000000
521.203125	243.000000
521.389587	283.000000
521.576050	286.000000
521.762512	239.000000
521.948975	235.000000
522.135437	284.000000
522.321899	290.000000
522.508362	229.000000
522.694885	234.000000
522.881348	301.000000
523.067810	284.000000
523.254272	235.000000
523.440796	233.000000
523.627197	285.000000
523.813721	274.000000
524.000183	229.000000
524.186646	240.000000
524.373169	295.000000
524.559692	304.000000
524.746155	238.000000
524.932678	228.000000
525.119141	287.000000
525.305664	282.000000
525.492126	234.000000
525.678589	248.000000
525.865112	279.000000
526.051636	281.000000
526.238159	225.000000
526.424683	232.000000
526.611206	299.000000
526.797729	294.000000
526.984253	230.000000
527.170776	238.000000
527.357300	287.000000
527.543823	280.000000
527.730347	250.000000
527.916870	236.000000
528.103394	281.000000
528.289917	274.000000
528.476440	241.000000
528.662964	232.000000
528.849487	281.000000
529.036072	281.000000
529.222595	222.000000
529.409119	224.000000
529.595703	287.000000
529.782227	284.000000
529.968811	231.000000
530.155334	246.000000
530.341858	279.000000
530.528381	283.000000
530.714966	233.000000
530.901550	233.000000
531.088074	265.000000
531.274658	301.000000
531.461243	232.000000
531.647827	233.000000
531.834412	284.000000
532.020996	274.000000
532.207520	239.000000
532.394104	224.000000
532.580688	270.000000
532.767273	284.000000
532.953857	256.000000
533.140442	233.000000
533.327026	303.000000
533.513611	292.000000
533.700195	232.000000
533.886780	230.000000
534.073364	296.000000
534.260010	286.000000
534.446594	228.000000
534.633179	236.000000
534.819824	291.000000
535.006409	293.000000
535.192932	231.000000
535.379578	231.000000
535.566162	280.000000
535.752808	282.000000
535.939392	248.000000
536.126038	244.000000
536.312683	278.000000
536.499268	276.000000
536.685913	228.000000
536.872559	234.000000
537.059143	286.000000
537.245789	279.000000
537.432434	223.000000
537.619080	233.000000
537.805725	270.000000
537.992371	282.000000
538.178955	221.000000
538.365601	226.000000
538.552246	280.000000
538.738892	290.000000
538.925537	244.000000
539.112183	232.000000
539.298828	289.000000
539.485474	290.000000
539.672119	245.000000
539.858765	237.000000
540.045410	274.000000
540.232056	287.000000
540.418701	246.000000
540.605408	221.000000
540.792053	284.000000
540.978760	288.000000
541.165405	237.000000
541.352051	252.000000
541.538757	278.000000
541.725464	273.000000
541.912109	232.000000
542.098816	244.000000
542.285461	280.000000
542.472168	290.000000
542.658875	229.000000
542.845581	238.000000
543.032166	293.000000
543.218872	303.000000
543.405579	232.000000
543.592285	248.000000
543.778992	277.000000
543.965698	286.000000
544.152405	237.000000
544.339111	228.000000
544.525818	282.000000
544.712524	306.000000
544.899170	234.000000
545.085876	232.000000
545.272583	309.000000
545.459290	310.000000
545.645996	256.000000
545.832764	253.000000
546.019470	284.000000
546.206177	274.000000
546.392944	240.000000
546.579651	236.000000
546.766357	272.000000
546.953125	277.000000
547.139832	261.000000
547.326599	230.000000
547.513306	289.000000
547.700073	281.000000
547.886719	230.000000
548.073486	233.000000
548.260254	296.000000
548.446960	287.000000
548.633728	241.000000
548.820496	231.000000
549.007263	301.000000
549.193970	277.000000
549.380737	234.000000
549.567505	223.000000
549.754211	291.000000
549.940979	284.000000
550.127747	221.000000
550.314514	226.000000
550.501282	270.000000
550.688049	279.000000
550.874817	246.000000
551.061584	230.000000
551.248352	292.000000
551.435181	295.000000
551.621948	241.000000
551.808716	225.000000
551.995483	294.000000
552.182312	285.000000
552.369080	235.000000
552.555847	247.000000
552.742615	287.000000
552.929382	264.000000
553.116150	240.000000
553.302979	222.000000
553.489746	287.000000
553.676575	285.000000
553.863403	237.000000
554.050171	226.000000
554.237000	294.000000
554.423767	280.000000
554.610535	226.000000
554.797363	231.000000
554.984192	269.000000
555.170959	274.000000
555.357788	238.000000
555.544617	230.000000
555.731445	288.000000
555.918274	292.000000
556.105103	225.000000
556.291931	219.000000
556.478760	287.000000
556.665588	278.000000
556.852417	224.000000
557.039246	232.000000
557.226074	287.000000
557.412903	275.000000
557.599670	224.000000
557.786560	226.000000
557.973389	272.000000
558.160217	274.000000
558.347046	245.000000
558.533936	228.000000
558.720764	278.000000
558.907654	283.000000
559.094482	258.000000
559.281311	242.000000
559.468140	270.000000
559.654968	271.000000
559.841858	241.000000
560.028687	258.000000
560.215576	273.000000
560.402466	279.000000
560.589294	244.000000
560.776184	232.000000
560.963074	282.000000
561.149963	284.000000
561.336792	229.000000
561.523682	233.000000
561.710571	272.000000
561.897461	293.000000
562.084351	235.000000
562.271240	224.000000
562.458069	271.000000
562.644958	292.000000
562.831848	229.000000
563.018738	220.000000
563.205627	273.000000
563.392517	267.000000
563.579407	237.000000
563.766296	232.000000
563.953186	291.000000
564.140076	274.000000
564.326965	236.000000
564.513855	230.000000
564.700745	276.000000
564.887695	265.000000
565.074585	232.000000
565.261475	233.000000
565.448425	293.000000
565.635315	297.000000
565.822266	234.000000
566.009155	236.000000
566.196106	285.000000
566.382996	280.000000
566.569946	249.000000
566.756897	257.000000
566.943787	304.000000
567.130737	292.000000
567.317627	238.000000
567.504517	256.000000
567.691467	281.000000
567.878418	289.000000
568.065369	232.000000
568.252319	229.000000
568.439270	286.000000
568.626221	274.000000
568.813110	247.000000
569.000061	228.000000
569.186951	284.000000
569.373901	274.000000
569.560913	248.000000
569.747864	241.000000
569.934814	287.000000
570.121765	287.000000
570.308716	257.000000
570.495667	240.000000
570.682678	260.000000
570.869629	277.000000
571.056580	242.000000
571.243530	237.000000
571.430542	280.000000
571.617493	304.000000
571.804504	230.000000
571.991455	228.000000
572.178345	291.000000
572.365356	307.000000
572.552307	226.000000
572.739319	234.000000
572.926331	273.000000
573.113281	285.000000
573.300293	256.000000
573.487244	240.000000
573.674255	281.000000
573.861267	281.000000
574.048218	241.000000
574.235168	227.000000
574.422180	288.000000
574.609192	301.000000
574.796204	231.000000
574.983215	231.000000
575.170227	299.000000
575.357239	272.000000
575.544250	226.000000
575.731262	245.000000
575.918274	281.000000
576.105286	281.000000
576.292297	236.000000
576.479309	232.000000
576.666321	278.000000
576.853333	287.000000
577.040283	230.000000
577.227356	234.000000
577.414368	287.000000
577.601379	285.000000
577.788391	231.000000
577.975464	231.000000
578.162476	264.000000
578.349548	318.000000
578.536560	232.000000
578.723572	237.000000
578.910583	283.000000
579.097595	287.000000
579.284668	233.000000
579.471741	246.000000
579.658752	290.000000
579.845825	278.000000
580.032837	234.000000
580.219910	232.000000
580.406982	292.000000
580.593994	282.000000
580.781067	256.000000
580.968140	268.000000
581.155212	295.000000
581.342285	283.000000
581.529297	224.000000
581.716370	247.000000
581.903381	309.000000
582.090454	286.000000
582.277527	241.000000
582.464600	227.000000
582.651672	285.000000
582.838745	271.000000
583.025818	235.000000
583.212891	226.000000
583.400024	290.000000
583.587097	290.000000
583.774109	258.000000
583.961182	250.000000
584.148254	293.000000
584.335388	274.000000
584.522461	247.000000
584.709534	240.000000
584.896667	295.000000
585.083740	284.000000
585.270813	236.000000
585.457947	226.000000
585.645020	284.000000
585.832153	276.000000
586.019226	226.000000
586.206360	229.000000
586.393433	286.000000
586.580566	278.000000
586.767639	260.000000
586.954712	232.000000
587.141846	298.000000
587.328979	296.000000
587.516052	234.000000
587.703186	234.000000
587.890320	311.000000
588.077454	298.000000
588.264587	249.000000
588.451721	234.000000
588.638733	313.000000
588.825867	317.000000
589.013000	234.000000
589.200134	240.000000
589.387268	304.000000
589.574402	332.000000
589.761536	225.000000
589.948669	230.000000
590.135864	309.000000
590.322998	286.000000
590.510132	238.000000
590.697266	267.000000
590.884399	293.000000
591.071533	306.000000
591.258728	243.000000
591.445862	239.000000
591.632935	288.000000
591.820190	318.000000
592.007263	268.000000
592.194397	238.000000
592.381592	312.000000
592.568726	301.000000
592.755920	226.000000
592.943054	232.000000
593.130249	313.000000
593.317322	307.000000
593.504517	249.000000
593.691711	238.000000
593.878845	311.000000
594.066040	341.000000
594.253235	243.000000
594.440369	236.000000
594.627563	309.000000
594.814758	300.000000
595.001953	272.000000
595.189087	246.000000
595.376282	306.000000
595.563477	322.000000
595.750671	291.000000
595.937866	266.000000
596.125061	296.000000
596.312256	313.000000
596.499451	265.000000
596.686646	243.000000
596.873779	316.000000
597.060974	323.000000
597.248169	237.000000
597.435364	270.000000
597.622559	310.000000
597.809753	318.000000
597.997009	291.000000
598.184143	265.000000
598.371338	342.000000
598.558533	327.000000
598.745789	290.000000
598.932983	291.000000
599.120178	323.000000
599.307434	314.000000
599.494629	260.000000
599.681885	276.000000
599.869080	336.000000
600.056335	313.000000
600.243530	265.000000
600.430786	273.000000
600.617981	312.000000
600.805237	344.000000
600.992432	289.000000
601.179687	286.000000
601.366943	327.000000
601.554138	332.000000
601.741333	283.000000
601.928589	281.000000
602.115845	330.000000
602.303040	366.000000
602.490295	298.000000
602.677551	299.000000
602.864807	363.000000
603.052002	349.000000
603.239258	322.000000
603.426514	316.000000
603.613770	374.000000
603.801025	361.000000
603.988281	338.000000
604.175537	324.000000
604.362793	378.000000
604.550049	386.000000
604.737305	321.000000
604.924561	324.000000
605.111816	391.000000
605.299072	384.000000
605.486389	334.000000
605.673645	325.000000
605.860901	375.000000
606.048157	387.000000
606.235474	327.000000
606.422729	342.000000
606.609924	396.000000
606.797241	388.000000
606.984497	341.000000
607.171814	354.000000
607.359070	435.000000
607.546387	404.000000
607.733643	357.000000
607.920898	364.000000
608.108154	399.000000
608.295471	418.000000
608.482727	372.000000
608.670044	361.000000
608.857361	423.000000
609.044617	411.000000
609.231934	397.000000
609.419250	374.000000
609.606567	420.000000
609.793823	423.000000
609.981140	382.000000
610.168457	397.000000
610.355774	459.000000
610.543091	443.000000
610.730408	409.000000
610.917725	423.000000
611.105042	462.000000
611.292358	461.000000
611.479614	423.000000
611.666931	424.000000
611.854248	458.000000
612.041565	472.000000
612.228882	446.000000
612.416199	427.000000
612.603516	483.000000
612.790771	487.000000
612.978088	448.000000
613.165466	451.000000
613.352783	493.000000
613.540100	507.000000
613.727417	462.000000
613.914795	456.000000
614.102112	508.000000
614.289490	520.000000
614.476807	477.000000
614.664124	477.000000
614.851501	554.000000
615.038818	556.000000
615.226196	502.000000
615.413513	490.000000
615.600891	562.000000
615.788208	550.000000
615.975586	507.000000
616.162903	522.000000
616.350220	559.000000
616.537598	575.000000
616.724915	528.000000
616.912292	552.000000
617.099670	617.000000
617.287048	603.000000
617.474365	578.000000
617.661682	573.000000
617.849060	612.000000
618.036438	625.000000
618.223816	595.000000
618.411194	595.000000
618.598511	643.000000
618.785889	655.000000
618.973267	607.000000
619.160645	642.000000
619.348022	657.000000
619.535400	701.000000
619.722778	650.000000
619.910156	657.000000
620.097595	723.000000
620.284973	706.000000
620.472351	667.000000
620.659729	681.000000
620.847107	744.000000
621.034485	723.000000
621.221863	719.000000
621.409241	703.000000
621.596619	772.000000
621.783997	785.000000
621.971436	732.000000
622.158813	746.000000
622.346252	806.000000
622.533569	820.000000
622.720947	810.000000
622.908386	797.000000
623.095764	850.000000
623.283203	873.000000
623.470581	850.000000
623.658020	857.000000
623.845398	913.000000
624.032837	920.000000
624.220276	870.000000
624.407654	888.000000
624.595093	944.000000
624.782471	935.000000
624.969910	915.000000
625.157349	935.000000
625.344788	991.000000
625.532166	995.000000
625.719604	972.000000
625.907043	977.000000
626.094421	1026.000000
626.281860	1075.000000
626.469299	1024.000000
626.656677	1023.000000
626.844116	1073.000000
627.031555	1129.000000
627.218994	1068.000000
627.406372	1083.000000
627.593811	1159.000000
627.781250	1140.000000
627.968689	1127.000000
628.156128	1121.000000
628.343628	1214.000000
628.531067	1238.000000
628.718506	1175.000000
628.905945	1199.000000
629.093384	1260.000000
629.280823	1245.000000
629.468323	1249.000000
629.655762	1275.000000
629.843201	1313.000000
630.030701	1307.000000
630.218140	1305.000000
630.405579	1293.000000
630.593079	1341.000000
630.780518	1359.000000
630.967896	1347.000000
631.155396	1352.000000
631.342834	1438.000000
631.530334	1418.000000
631.717773	1411.000000
631.905273	1410.000000
632.092712	1472.000000
632.280151	1500.000000
632.467590	1462.000000
632.655090	1468.000000
632.842590	1529.000000
633.030029	1507.000000
633.217529	1458.000000
633.405029	1463.000000
633.592529	1502.000000
633.779968	1530.000000
633.967468	1490.000000
634.154968	1481.000000
634.342468	1513.000000
634.529907	1541.000000
634.717407	1494.000000
634.904907	1500.000000
635.092407	1533.000000
635.279907	1516.000000
635.467407	1469.000000
635.654907	1478.000000
635.842346	1526.000000
636.029846	1519.000000
636.217346	1471.000000
636.404846	1452.000000
636.592346	1454.000000
636.779846	1470.000000
636.967346	1412.000000
637.154785	1375.000000
637.342346	1413.000000
637.529846	1373.000000
637.717346	1315.000000
637.904846	1302.000000
638.092346	1320.000000
638.279907	1283.000000
638.467407	1233.000000
638.654907	1216.000000
638.842468	1242.000000
639.029968	1201.000000
639.217468	1137.000000
639.405029	1090.000000
639.592529	1108.000000
639.780090	1087.000000
639.967590	1028.000000
640.155090	1019.000000
640.342651	1029.000000
640.530151	1005.000000
640.717651	953.000000
640.905212	924.000000
641.092712	952.000000
641.280273	913.000000
641.467773	852.000000
641.655334	831.000000
641.842896	872.000000
642.030334	840.000000
642.217896	766.000000
642.405457	767.000000
642.593018	764.000000
642.780518	775.000000
642.968079	696.000000
643.155640	688.000000
643.343201	731.000000
643.530762	681.000000
643.718323	647.000000
643.905823	612.000000
644.093384	657.000000
644.280945	643.000000
644.468506	587.000000
644.656067	573.000000
644.843628	623.000000
645.031189	604.000000
645.218750	544.000000
645.406311	538.000000
645.593811	566.000000
645.781433	556.000000
645.968994	511.000000
646.156555	499.000000
646.344116	544.000000
646.531677	524.000000
646.719238	479.000000
646.906799	472.000000
647.094360	509.000000
647.281921	487.000000
647.469482	442.000000
647.657104	437.000000
647.844666	470.000000
648.032227	486.000000
648.219849	430.000000
648.407410	428.000000
648.594971	460.000000
648.782593	461.000000
648.970154	399.000000
649.157776	391.000000
649.345337	430.000000
649.532959	434.000000
649.720520	381.000000
649.908142	390.000000
650.095703	427.000000
650.283325	418.000000
650.470886	379.000000
650.658447	352.000000
650.846069	411.000000
651.033691	381.000000
651.221252	357.000000
651.408875	337.000000
651.596497	415.000000
651.784058	382.000000
651.971619	342.000000
652.159241	328.000000
652.346863	362.000000
652.534485	391.000000
652.722107	324.000000
652.909668	324.000000
653.097290	352.000000
653.284912	346.000000
653.472534	306.000000
653.660156	323.000000
653.847778	342.000000
654.035400	358.000000
654.223022	317.000000
654.410645	312.000000
654.598267	330.000000
654.785889	349.000000
654.973511	337.000000
655.161133	288.000000
655.348755	325.000000
655.536377	326.000000
655.723999	275.000000
655.911621	290.000000
656.099243	321.000000
656.286865	305.000000
656.474548	286.000000
656.662109	277.000000
656.849731	323.000000
657.037415	336.000000
657.225037	275.000000
657.412659	265.000000
657.600342	332.000000
657.787964	307.000000
657.975586	275.000000
658.163269	270.000000
658.350891	321.000000
658.538574	300.000000
658.726196	276.000000
658.913879	266.000000
659.101501	318.000000
659.289185	298.000000
659.476807	267.000000
659.664490	260.000000
659.852112	315.000000
660.039795	303.000000
660.227417	249.000000
660.415039	276.000000
660.602722	328.000000
660.790405	316.000000
660.978027	266.000000
661.165710	247.000000
661.353394	322.000000
661.541016	303.000000
661.728638	256.000000
661.916321	243.000000
662.104004	290.000000
662.291687	296.000000
662.479370	261.000000
662.666992	247.000000
662.854675	302.000000
663.042358	280.000000
663.230042	257.000000
663.417725	251.000000
663.605408	296.000000
663.793091	282.000000
663.980774	248.000000
664.168457	248.000000
664.356140	282.000000
664.543823	295.000000
664.731506	238.000000
664.919189	260.000000
665.106812	295.000000
665.294556	275.000000
665.482239	249.000000
665.669922	258.000000
665.857605	281.000000
666.045288	283.000000
666.233032	246.000000
666.420654	249.000000
666.608337	304.000000
666.796021	286.000000
666.983765	249.000000
667.171448	253.000000
667.359131	295.000000
667.546875	286.000000
667.734558	243.000000
667.922241	249.000000
668.109985	276.000000
668.297668	288.000000
668.485413	253.000000
668.673096	230.000000
668.860840	274.000000
669.048523	292.000000
669.236267	255.000000
669.423950	234.000000
669.611694	292.000000
669.799377	282.000000
669.987061	239.000000
670.174744	232.000000
670.362488	299.000000
670.550232	274.000000
670.737915	249.000000
670.925659	248.000000
671.113403	277.000000
671.301025	282.000000
671.488770	232.000000
671.676514	238.000000
671.864258	311.000000
672.052002	276.000000
672.239685	233.000000
672.427429	246.000000
672.615173	307.000000
672.802917	282.000000
672.990662	247.000000
673.178406	250.000000
673.366089	293.000000
673.553833	294.000000
673.741577	243.000000
673.929321	251.000000
674.117065	279.000000
674.304810	293.000000
674.492554	254.000000
674.680298	230.000000
674.867981	283.000000
675.055725	273.000000
675.243530	230.000000
675.431274	261.000000
675.619019	288.000000
675.806763	278.000000
675.994507	234.000000
676.182190	240.000000
676.369934	287.000000
676.557739	264.000000
676.745483	243.000000
676.933228	256.000000
677.120972	283.000000
677.308777	288.000000
677.496521	242.000000
677.684265	229.000000
677.872070	302.000000
678.059814	273.000000
678.247559	242.000000
678.435364	232.000000
678.623108	271.000000
678.810852	266.000000
678.998657	248.000000
679.186401	235.000000
679.374207	278.000000
679.561951	288.000000
679.749695	232.000000
679.937439	227.000000
680.125244	278.000000
680.312988	293.000000
680.500793	234.000000
680.688538	230.000000
680.876343	286.000000
681.064087	280.000000
681.251831	224.000000
681.439636	246.000000
681.627441	286.000000
681.815186	285.000000
682.002991	218.000000
682.190796	236.000000
682.378540	284.000000
682.566345	295.000000
682.754150	229.000000
682.941956	243.000000
683.129700	282.000000
683.317505	278.000000
683.505310	232.000000
683.693115	224.000000
683.880920	282.000000
684.068726	287.000000
684.256531	222.000000
684.444275	227.000000
684.632019	295.000000
684.819824	294.000000
685.007629	234.000000
685.195435	227.000000
685.383240	280.000000
685.571045	298.000000
685.758850	251.000000
685.946594	228.000000
686.134399	290.000000
686.322205	281.000000
686.510071	229.000000
686.697876	228.000000
686.885681	287.000000
687.073486	270.000000
687.261292	250.000000
687.449097	232.000000
687.636902	290.000000
687.824768	286.000000
688.012573	232.000000
688.200378	242.000000
688.388184	282.000000
688.576050	294.000000
688.763855	246.000000
688.951660	220.000000
689.139526	282.000000
689.327332	275.000000
689.515076	233.000000
689.702942	243.000000
689.890747	291.000000
690.078552	269.000000
690.266418	232.000000
690.454224	223.000000
690.642090	266.000000
690.829834	273.000000
691.017700	228.000000
691.205505	223.000000
691.393372	298.000000
691.581177	281.000000
691.769043	220.000000
691.956848	241.000000
692.144714	271.000000
692.332520	268.000000
692.520386	230.000000
692.708191	225.000000
692.896057	282.000000
693.083923	290.000000
693.271729	228.000000
693.459595	219.000000
693.647461	287.000000
693.835266	294.000000
694.023132	235.000000
694.210999	231.000000
694.398804	284.000000
694.586609	272.000000
694.774475	247.000000
694.962341	231.000000
695.150208	275.000000
695.338074	280.000000
695.525940	231.000000
695.713684	228.000000
695.901550	303.000000
696.089417	284.000000
696.277283	226.000000
696.465149	229.000000
696.653015	295.000000
696.840881	288.000000
697.028748	232.000000
697.216614	227.000000
697.404480	279.000000
697.592346	294.000000
697.780212	227.000000
697.968079	230.000000
698.155945	296.000000
698.343811	279.000000
698.531677	227.000000
698.719543	224.000000
698.907410	282.000000
699.095276	275.000000
699.283142	227.000000
699.471008	227.000000
699.658875	308.000000
699.846741	308.000000
700.034607	234.000000
700.222534	230.000000
700.410400	283.000000
700.598206	272.000000
700.786072	238.000000
700.973999	256.000000
701.161865	288.000000
701.349731	267.000000
701.537598	230.000000
701.725525	231.000000
701.913391	284.000000
702.101257	278.000000
702.289185	238.000000
702.477051	237.000000
702.664978	294.000000
702.852844	281.000000
703.040771	236.000000
703.228638	234.000000
703.416504	292.000000
703.604431	264.000000
703.792297	240.000000
703.980225	229.000000
704.168030	282.000000
704.355957	289.000000
704.543884	240.000000
704.731750	232.000000
704.919678	288.000000
705.107544	282.000000
705.295471	230.000000
705.483276	235.000000
705.671204	281.000000
705.859131	282.000000
706.046997	235.000000
706.234924	229.000000
706.422852	295.000000
706.610779	271.000000
706.798645	229.000000
706.986572	220.000000
707.174500	277.000000
707.362366	289.000000
707.550293	220.000000
707.738220	238.000000
707.926147	274.000000
708.114075	282.000000
708.301941	223.000000
708.489868	219.000000
708.677795	294.000000
708.865723	276.000000
709.053589	238.000000
709.241516	229.000000
709.429443	303.000000
709.617371	287.000000
709.805298	235.000000
709.993225	233.000000
710.181152	283.000000
710.369019	288.000000
710.556946	221.000000
710.744873	247.000000
710.932800	279.000000
711.120728	281.000000
711.308655	222.000000
711.496582	221.000000
711.684509	280.000000
711.872437	292.000000
712.060364	236.000000
712.248291	229.000000
712.436218	290.000000
712.624146	268.000000
712.812134	225.000000
713.000061	231.000000
713.187988	304.000000
713.375916	303.000000
713.563843	240.000000
713.751831	226.000000
713.939697	290.000000
714.127625	274.000000
714.315552	222.000000
714.503540	231.000000
714.691467	303.000000
714.879395	271.000000
715.067322	233.000000
715.255249	230.000000
715.443176	310.000000
715.631165	276.000000
715.819092	236.000000
716.007019	222.000000
716.195007	285.000000
716.382935	282.000000
716.570862	232.000000
716.758850	228.000000
716.946777	290.000000
717.134766	278.000000
717.322693	224.000000
717.510681	239.000000
717.698608	274.000000
717.886597	284.000000
718.074524	226.000000
718.262512	224.000000
718.450439	283.000000
718.638428	277.000000
718.826355	236.000000
719.014282	236.000000
719.202271	292.000000
719.390198	271.000000
719.578186	234.000000
719.766174	229.000000
719.954102	276.000000
720.142029	279.000000
720.330017	229.000000
720.517944	242.000000
720.705933	298.000000
720.893921	298.000000
721.081848	246.000000
721.269836	229.000000
721.457825	294.000000
721.645813	279.000000
721.833740	225.000000
722.021729	231.000000
722.209717	268.000000
722.397705	286.000000
722.585693	218.000000
722.773682	215.000000
722.961609	300.000000
723.149597	275.000000
723.337585	238.000000
723.525574	236.000000
723.713501	280.000000
723.901489	302.000000
724.089478	241.000000
724.277466	232.000000
724.465454	268.000000
724.653442	273.000000
724.841431	226.000000
725.029358	237.000000
725.217346	286.000000
725.405334	296.000000
725.593323	226.000000
725.781311	223.000000
725.969299	282.000000
726.157288	272.000000
726.345276	230.000000
726.533264	223.000000
726.721252	301.000000
726.909241	291.000000
727.097229	222.000000
727.285217	226.000000
727.473206	315.000000
727.661255	278.000000
727.849243	231.000000
728.037231	231.000000
728.225220	306.000000
728.413208	288.000000
728.601135	228.000000
728.789185	219.000000
728.977173	293.000000
729.165161	281.000000
729.353149	238.000000
729.541199	226.000000
729.729187	294.000000
729.917114	284.000000
730.105164	222.000000
730.293152	235.000000
730.481140	300.000000
730.669189	274.000000
730.857178	241.000000
731.045166	229.000000
731.233215	278.000000
731.421204	282.000000
731.609192	235.000000
731.797241	237.000000
731.985229	288.000000
732.173279	295.000000
732.361267	238.000000
732.549316	234.000000
732.737305	290.000000
732.925293	280.000000
733.113342	227.000000
733.301331	240.000000
733.489319	284.000000
733.677307	295.000000
733.865356	223.000000
734.053406	232.000000
734.241394	292.000000
734.429443	292.000000
734.617432	226.000000
734.805420	220.000000
734.993408	289.000000
735.181458	280.000000
735.369507	238.000000
735.557495	226.000000
735.745544	280.000000
735.933594	292.000000
736.121582	218.000000
736.309631	234.000000
736.497681	288.000000
736.685669	282.000000
736.873718	225.000000
737.061768	226.000000
737.249756	279.000000
737.437805	279.000000
737.625854	228.000000
737.813904	232.000000
738.001892	281.000000
738.189941	282.000000
738.377930	221.000000
738.565979	232.000000
738.754028	296.000000
738.942017	281.000000
739.130066	230.000000
739.318115	240.000000
739.506165	273.000000
739.694153	268.000000
739.882202	228.000000
740.070251	242.000000
740.258240	286.000000
740.446289	288.000000
740.634338	231.000000
740.822388	228.000000
741.010437	291.000000
741.198486	278.000000
741.386536	235.000000
741.574585	238.000000
741.762634	312.000000
741.950684	277.000000
742.138733	227.000000
742.326782	226.000000
742.514832	276.000000
742.702881	308.000000
742.890930	236.000000
743.078979	228.000000
743.266968	288.000000
743.455017	285.000000
743.643066	224.000000
743.831116	240.000000
744.019165	292.000000
744.207275	277.000000
744.395325	231.000000
744.583313	218.000000
744.771362	308.000000
744.959412	278.000000
745.147461	227.000000
745.335510	226.000000
745.523621	296.000000
745.711670	283.000000
745.899719	233.000000
746.087769	237.000000
746.275818	295.000000
746.463928	272.000000
746.651978	230.000000
746.840027	234.000000
747.028076	290.000000
747.216187	289.000000
747.404236	242.000000
747.592285	228.000000
747.780334	278.000000
747.968445	296.000000
748.156433	220.000000
748.344482	246.000000
748.532593	298.000000
748.720642	294.000000
748.908691	252.000000
749.096802	244.000000
749.284851	282.000000
749.472900	302.000000
749.660950	229.000000
749.848999	227.000000
750.037109	291.000000
750.225159	279.000000
750.413269	228.000000
750.601318	240.000000
750.789368	288.000000
750.977478	304.000000
751.165527	232.000000
751.353638	223.000000
751.541687	268.000000
751.729797	282.000000
751.917847	228.000000
752.105957	223.000000
752.294006	280.000000
752.482117	284.000000
752.670166	235.000000
752.858276	223.000000
753.046265	296.000000
753.234375	273.000000
753.422485	246.000000
753.610535	230.000000
753.798645	276.000000
753.986694	278.000000
754.174805	230.000000
754.362854	230.000000
754.550903	285.000000
754.739014	285.000000
754.927124	234.000000
755.115173	229.000000
755.303284	280.000000
755.491394	287.000000
755.679443	231.000000
755.867554	234.000000
756.055664	304.000000
756.243713	302.000000
756.431824	227.000000
756.619934	225.000000
756.807983	277.000000
756.996094	285.000000
757.184204	218.000000
757.372314	239.000000
757.560364	280.000000
757.748474	280.000000
757.936523	232.000000
758.124634	250.000000
758.312744	299.000000
758.500793	308.000000
758.688904	236.000000
758.877014	221.000000
759.065125	281.000000
759.253174	295.000000
759.441284	234.000000
759.629333	228.000000
759.817444	280.000000
760.005554	280.000000
760.193665	234.000000
760.381775	235.000000
760.569885	276.000000
760.757996	288.000000
760.946106	239.000000
761.134216	222.000000
761.322327	310.000000
761.510437	288.000000
761.698486	218.000000
761.886597	239.000000
762.074707	264.000000
762.262817	296.000000
762.450928	233.000000
762.639038	230.000000
762.827087	272.000000
763.015198	290.000000
763.203308	235.000000
763.391418	222.000000
763.579529	300.000000
763.767639	276.000000
763.955750	234.000000
764.143860	238.000000
764.331970	280.000000
764.520081	292.000000
764.708191	239.000000
764.896301	228.000000
765.084412	282.000000
765.272522	310.000000
765.460632	224.000000
765.648743	219.000000
765.836853	290.000000
766.024963	289.000000
766.213135	222.000000
766.401245	230.000000
766.589355	294.000000
766.777466	281.000000
766.965576	228.000000
767.153687	223.000000
767.341858	300.000000
767.529968	288.000000
767.718018	223.000000
767.906128	238.000000
768.094238	286.000000
768.282410	296.000000
768.470520	227.000000
768.658630	233.000000
768.846741	286.000000
769.034851	285.000000
769.222961	227.000000
769.411072	232.000000
769.599182	296.000000
769.787354	292.000000
769.975464	229.000000
770.163574	214.000000
770.351746	280.000000
770.539856	275.000000
770.727966	224.000000
770.916138	234.000000
771.104248	274.000000
771.292358	285.000000
771.480530	224.000000
771.668640	216.000000
771.856750	285.000000
772.044922	274.000000
772.233032	234.000000
772.421143	223.000000
772.609253	298.000000
772.797363	268.000000
772.985535	239.000000
773.173645	232.000000
773.361755	297.000000
773.549927	275.000000
773.738037	241.000000
773.926147	226.000000
774.114258	276.000000
774.302429	276.000000
774.490540	222.000000
774.678650	233.000000
774.866821	295.000000
775.054932	283.000000
775.243103	219.000000
775.431213	244.000000
775.619385	299.000000
775.807495	264.000000
775.995667	230.000000
776.183777	241.000000
776.371948	286.000000
776.560059	288.000000
776.748230	230.000000
776.936340	226.000000
777.124512	304.000000
777.312683	289.000000
777.500732	226.000000
777.688904	232.000000
777.877014	290.000000
778.065186	290.000000
778.253296	233.000000
778.441467	227.000000
778.629639	273.000000
778.817688	291.000000
779.005859	240.000000
779.193970	223.000000
779.382141	284.000000
779.570312	275.000000
779.758423	236.000000
779.946594	231.000000
780.134766	290.000000
780.322876	283.000000
780.511047	227.000000
780.699219	220.000000
780.887329	279.000000
781.075500	282.000000
781.263672	238.000000
781.451782	220.000000
781.639954	297.000000
781.828125	285.000000
782.016235	229.000000
782.204407	235.000000
782.392517	290.000000
782.580688	275.000000
782.768799	239.000000
782.956970	228.000000
783.145142	286.000000
783.333313	288.000000
783.521423	256.000000
783.709534	217.000000
783.897705	286.000000
784.085876	280.000000
784.273987	248.000000
784.462158	221.000000
784.650330	278.000000
784.838501	281.000000
785.026672	232.000000
785.214783	250.000000
785.402954	300.000000
785.591125	288.000000
785.779297	228.000000
785.967468	224.000000
786.155579	276.000000
786.343750	278.000000
786.531921	246.000000
786.720093	234.000000
786.908264	291.000000
787.096436	276.000000
787.284546	233.000000
787.472656	229.000000
787.660828	274.000000
787.848999	274.000000
788.037170	222.000000
788.225342	224.000000
788.413513	309.000000
788.601624	288.000000
788.789795	225.000000
788.977966	226.000000
789.166138	281.000000
789.354248	299.000000
789.542419	224.000000
789.730591	226.000000
789.918762	276.000000
790.106934	299.000000
790.295105	240.000000
790.483276	229.000000
790.671448	284.000000
790.859619	282.000000
791.047791	244.000000
791.235962	228.000000
791.424133	281.000000
791.612305	283.000000
791.800476	235.000000
791.988647	228.000000
792.176758	274.000000
792.364929	276.000000
792.553101	224.000000
792.741272	224.000000
792.929443	285.000000
793.117615	280.000000
793.305786	223.000000
793.493896	256.000000
793.682068	285.000000
793.870239	290.000000
794.058411	228.000000
794.246582	241.000000
794.434753	284.000000
794.622925	298.000000
794.811096	234.000000
794.999329	227.000000
795.187500	276.000000
795.375671	276.000000
795.563843	222.000000
795.752014	246.000000
795.940186	280.000000
796.128357	291.000000
796.316528	229.000000
796.504700	238.000000
796.692871	282.000000
796.881042	290.000000
797.069214	236.000000
797.257385	219.000000
797.445557	294.000000
797.633728	272.000000
797.821899	226.000000
798.010071	223.000000
798.198242	291.000000
798.386414	272.000000
798.574585	234.000000
798.762756	222.000000
798.950928	285.000000
799.139099	285.000000
799.327271	228.000000
799.515442	240.000000
799.703674	291.000000
799.891846	302.000000
800.080017	234.000000
800.268188	237.000000
800.456360	288.000000
800.644592	273.000000
800.832764	233.000000
801.020935	239.000000
801.209106	275.000000
801.397278	277.000000
801.585510	227.000000
801.773682	228.000000
801.961792	284.000000
802.149963	281.000000
802.338196	221.000000
802.526367	232.000000
802.714539	295.000000
802.902710	277.000000
803.090942	226.000000
803.279053	224.000000
803.467224	269.000000
803.655396	276.000000
803.843628	238.000000
804.031799	223.000000
804.219971	296.000000
804.408142	289.000000
804.596375	225.000000
804.784546	248.000000
804.972717	280.000000
805.160889	283.000000
805.349121	232.000000
805.537292	225.000000
805.725464	285.000000
805.913696	295.000000
806.101868	223.000000
806.290039	235.000000
806.478271	278.000000
806.666443	268.000000
806.854553	254.000000
807.042725	235.000000
807.230957	277.000000
807.419128	289.000000
807.607300	230.000000
807.795532	228.000000
807.983704	270.000000
808.171814	268.000000
808.360046	237.000000
808.548218	224.000000
808.736450	278.000000
808.924622	296.000000
809.112793	226.000000
809.301025	241.000000
809.489197	294.000000
809.677368	269.000000
809.865601	239.000000
810.053772	239.000000
810.241943	270.000000
810.430176	280.000000
810.618347	233.000000
810.806580	230.000000
810.994751	293.000000
811.182922	284.000000
811.371155	248.000000
811.559326	224.000000
811.747437	315.000000
811.935669	276.000000
812.123840	222.000000
812.312073	240.000000
812.500244	283.000000
812.688416	279.000000
812.876648	230.000000
813.064758	226.000000
813.252991	286.000000
813.441162	294.000000
813.629395	226.000000
813.817566	235.000000
814.005737	281.000000
814.193970	266.000000
814.382141	232.000000
814.570374	251.000000
814.758545	292.000000
814.946777	311.000000
815.134949	233.000000
815.323120	229.000000
815.511353	276.000000
815.699524	284.000000
815.887756	229.000000
816.075928	232.000000
816.264160	281.000000
816.452332	282.000000
816.640503	224.000000
816.828674	236.000000
817.016907	274.000000
817.205078	277.000000
817.393250	232.000000
817.581482	226.000000
817.769653	284.000000
817.957825	279.000000
818.145996	230.000000
818.334229	231.000000
818.522400	288.000000
818.710632	287.000000
818.898804	247.000000
819.087036	238.000000
819.275208	272.000000
819.463440	270.000000
819.651611	241.000000
819.839844	229.000000
820.028015	297.000000
820.216248	277.000000
820.404419	229.000000
820.592651	243.000000
820.780823	282.000000
820.969055	271.000000
821.157227	231.000000
821.345459	240.000000
821.533569	278.000000
821.721802	278.000000
821.909973	218.000000
822.098206	230.000000
822.286377	276.000000
822.474609	267.000000
822.662781	227.000000
822.850952	251.000000
823.039124	275.000000
823.227356	282.000000
823.415527	235.000000
823.603760	240.000000
823.791931	270.000000
823.980164	289.000000
824.168396	228.000000
824.356567	227.000000
824.544800	285.000000
824.732971	268.000000
824.921204	232.000000
825.109375	241.000000
825.297607	310.000000
825.485779	276.000000
825.674011	229.000000
825.862183	232.000000
826.050415	273.000000
826.238586	289.000000
826.426758	237.000000
826.614990	228.000000
826.803162	290.000000
826.991394	291.000000
827.179565	250.000000
827.367798	232.000000
827.555969	284.000000
827.744141	273.000000
827.932312	225.000000
828.120544	223.000000
828.308777	263.000000
828.496948	281.000000
828.685181	238.000000
828.873352	239.000000
829.061584	280.000000
829.249756	305.000000
829.437988	235.000000
829.626160	246.000000
829.814392	269.000000
830.002625	267.000000
830.190796	234.000000
830.379028	232.000000
830.567200	292.000000
830.755432	273.000000
830.943604	230.000000
831.131836	235.000000
831.320007	286.000000
831.508179	299.000000
831.696411	216.000000
831.884583	230.000000
832.072815	303.000000
832.260986	267.000000
832.449219	262.000000
832.637390	237.000000
832.825562	297.000000
833.013794	274.000000
833.201965	233.000000
833.390198	253.000000
833.578369	297.000000
833.766602	276.000000
833.954834	226.000000
834.143005	231.000000
834.331238	309.000000
834.519409	274.000000
834.707642	234.000000
834.895874	223.000000
835.084045	272.000000
835.272278	287.000000
835.460449	222.000000
835.648682	237.000000
835.836853	261.000000
836.025085	285.000000
836.213257	227.000000
836.401428	237.000000
836.589661	277.000000
836.777832	278.000000
836.966064	229.000000
837.154236	247.000000
837.342468	273.000000
837.530640	273.000000
837.718811	230.000000
837.907043	240.000000
838.095215	294.000000
838.283447	283.000000
838.471680	244.000000
838.659851	229.000000
838.848083	283.000000
839.036255	272.000000
839.224487	246.000000
839.412659	226.000000
839.600891	282.000000
839.789124	271.000000
839.977295	225.000000
840.165527	230.000000
840.353699	286.000000
840.541931	278.000000
840.730103	232.000000
840.918335	234.000000
841.106506	270.000000
841.294678	280.000000
841.482910	238.000000
841.671082	236.000000
841.859314	281.000000
842.047546	262.000000
842.235718	226.000000
842.423889	227.000000
842.612061	282.000000
842.800293	277.000000
842.988464	215.000000
843.176697	251.000000
843.364929	283.000000
843.553101	277.000000
843.741333	240.000000
843.929504	240.000000
844.117737	279.000000
844.305908	278.000000
844.494141	229.000000
844.682312	235.000000
844.870544	289.000000
845.058777	286.000000
845.246948	231.000000
845.435181	232.000000
845.623352	274.000000
845.811584	281.000000
845.999695	239.000000
846.187927	240.000000
846.376160	304.000000
846.564331	279.000000
846.752563	253.000000
846.940735	233.000000
847.128967	276.000000
847.317078	279.000000
847.505310	242.000000
847.693481	265.000000
847.881714	288.000000
848.069946	274.000000
848.258118	230.000000
848.446350	236.000000
848.634521	257.000000
848.822754	264.000000
849.010925	217.000000
849.199158	229.000000
849.387329	303.000000
849.575562	289.000000
849.763733	276.000000
849.951965	271.000000
850.140137	281.000000
850.328369	272.000000
850.516602	230.000000
850.704773	242.000000
850.892944	285.000000
851.081116	292.000000
851.269348	229.000000
851.457520	233.000000
851.645752	294.000000
851.833923	270.000000
852.022156	233.000000
852.210266	233.000000
852.398499	284.000000
852.586670	284.000000
852.774902	239.000000
852.963074	233.000000
853.151306	292.000000
853.339478	278.000000
853.527710	233.000000
853.715881	234.000000
853.904114	284.000000
854.092285	271.000000
854.280518	252.000000
854.468689	242.000000
854.656921	289.000000
854.845093	303.000000
855.033325	230.000000
855.221497	226.000000
855.409729	270.000000
855.597900	276.000000
855.786133	244.000000
855.974304	235.000000
856.162537	268.000000
856.350708	292.000000
856.538818	242.000000
856.726990	234.000000
856.915222	280.000000
857.103394	291.000000
857.291626	232.000000
857.479797	239.000000
857.667969	270.000000
857.856201	285.000000
858.044373	242.000000
858.232605	233.000000
858.420776	269.000000
858.609009	276.000000
858.797180	232.000000
858.985413	236.000000
859.173584	294.000000
859.361816	277.000000
859.549988	262.000000
859.738159	240.000000
859.926392	268.000000
860.114563	286.000000
860.302795	235.000000
860.490967	223.000000
860.679199	282.000000
860.867371	276.000000
861.055542	233.000000
861.243774	242.000000
861.431824	279.000000
861.620056	256.000000
861.808228	244.000000
861.996399	238.000000
862.184631	276.000000
862.372803	309.000000
862.561035	242.000000
862.749207	223.000000
862.937378	274.000000
863.125610	293.000000
863.313782	226.000000
863.502014	242.000000
863.690186	282.000000
863.878357	295.000000
864.066589	240.000000
864.254761	238.000000
864.442993	280.000000
864.631165	276.000000
864.819336	247.000000
865.007568	236.000000
865.195740	265.000000
865.383911	299.000000
865.572144	224.000000
865.760315	234.000000
865.948486	274.000000
866.136719	286.000000
866.324768	236.000000
866.512939	225.000000
866.701172	297.000000
866.889343	287.000000
867.077515	252.000000
867.265747	241.000000
867.453918	283.000000
867.642090	281.000000
867.830322	232.000000
868.018494	244.000000
868.206665	269.000000
868.394897	287.000000
868.583069	223.000000
868.771240	226.000000
868.959473	267.000000
869.147644	294.000000
869.335815	236.000000
869.523987	221.000000
869.712219	304.000000
869.900391	265.000000
870.088562	240.000000
870.276733	244.000000
870.464966	274.000000
870.653137	264.000000
870.841309	230.000000
871.029541	268.000000
871.217590	282.000000
871.405762	277.000000
871.593933	232.000000
871.782166	226.000000
871.970337	272.000000
872.158508	279.000000
872.346680	231.000000
872.534851	256.000000
872.723083	290.000000
872.911255	289.000000
873.099426	233.000000
873.287598	240.000000
873.475830	287.000000
873.664001	278.000000
873.852173	233.000000
874.040344	224.000000
874.228516	282.000000
874.416748	266.000000
874.604919	239.000000
874.793091	231.000000
874.981262	283.000000
875.169434	276.000000
875.357605	231.000000
875.545837	252.000000
875.734009	278.000000
875.922180	299.000000
876.110229	235.000000
876.298401	225.000000
876.486572	287.000000
876.674805	290.000000
876.862976	233.000000
877.051147	239.000000
877.239319	268.000000
877.427490	274.000000
877.615662	240.000000
877.803833	231.000000
877.992004	282.000000
878.180176	298.000000
878.368408	237.000000
878.556580	243.000000
878.744751	292.000000
878.932922	292.000000
879.121094	231.000000
879.309265	232.000000
879.497437	289.000000
879.685608	273.000000
879.873779	267.000000
880.061951	237.000000
880.250122	277.000000
880.438293	286.000000
880.626465	254.000000
880.814636	245.000000
881.002747	268.000000
881.190918	280.000000
881.379089	236.000000
881.567261	248.000000
881.755432	286.000000
881.943604	308.000000
882.131775	252.000000
882.319946	241.000000
882.508118	278.000000
882.696289	277.000000
882.884460	253.000000
883.072632	253.000000
883.260803	286.000000
883.448975	252.000000
883.637146	232.000000
883.825317	266.000000
884.013428	279.000000
884.201599	273.000000
884.389771	233.000000
884.577942	243.000000
884.766113	282.000000
884.954285	268.000000
885.142456	241.000000
885.330627	223.000000
885.518799	271.000000
885.706970	270.000000
885.895020	228.000000
886.083191	235.000000
886.271362	289.000000
886.459534	288.000000
886.647644	235.000000
886.835815	239.000000
887.023987	286.000000
887.212158	284.000000
887.400330	236.000000
887.588501	230.000000
887.776672	285.000000
887.964783	277.000000
888.152954	228.000000
888.341125	256.000000
888.529297	265.000000
888.717468	272.000000
888.905640	230.000000
889.093750	226.000000
889.281921	271.000000
889.470093	265.000000
889.658264	256.000000
889.846436	227.000000
890.034546	279.000000
890.222717	271.000000
890.410889	231.000000
890.599060	242.000000
890.787109	290.000000
890.975220	290.000000
891.163391	244.000000
891.351562	234.000000
891.539734	291.000000
891.727844	279.000000
891.916016	263.000000
892.104187	236.000000
892.292358	275.000000
892.480469	270.000000
892.668640	231.000000
892.856812	242.000000
893.044922	309.000000
893.233093	270.000000
893.421265	233.000000
893.609375	232.000000
893.797546	279.000000
893.985718	282.000000
894.173828	232.000000
894.362000	247.000000
894.550171	288.000000
894.738281	280.000000
894.926453	255.000000
895.114624	240.000000
895.302734	284.000000
895.490906	264.000000
895.678894	234.000000
895.867065	242.000000
896.055237	273.000000
896.243347	301.000000
896.431519	230.000000
896.619629	227.000000
896.807800	289.000000
896.995972	274.000000
897.184082	238.000000
897.372253	228.000000
897.560364	292.000000
897.748535	288.000000
897.936646	233.000000
898.124817	242.000000
898.312927	294.000000
898.501099	276.000000
898.689209	251.000000
898.877380	232.000000
899.065491	290.000000
899.253662	264.000000
899.441772	234.000000
899.629944	248.000000
899.818054	261.000000
900.006226	263.000000
900.194336	230.000000
900.382507	234.000000
900.570496	276.000000
900.758667	280.000000
900.946777	264.000000
901.134888	231.000000
901.323059	282.000000
901.511169	272.000000
901.699341	226.000000
901.887451	240.000000
902.075562	269.000000
902.263733	294.000000
902.451843	233.000000
902.640015	239.000000
902.828125	279.000000
903.016235	278.000000
903.204407	234.000000
903.392517	239.000000
903.580627	279.000000
903.768799	304.000000
903.956909	235.000000
904.145020	251.000000
904.333130	287.000000
904.521301	271.000000
904.709412	240.000000
904.897522	237.000000
905.085693	276.000000
905.273804	272.000000
905.461792	230.000000
905.649902	227.000000
905.838074	291.000000
906.026184	276.000000
906.214294	249.000000
906.402405	248.000000
906.590576	278.000000
906.778687	272.000000
906.966797	246.000000
907.154907	231.000000
907.343018	280.000000
907.531189	258.000000
907.719299	246.000000
907.907410	224.000000
908.095520	288.000000
908.283630	280.000000
908.471741	249.000000
908.659851	231.000000
908.848022	280.000000
909.036133	280.000000
909.224243	237.000000
909.412354	237.000000
909.600464	282.000000
909.788574	271.000000
909.976685	248.000000
910.164795	228.000000
910.352783	295.000000
910.540894	273.000000
910.729004	235.000000
910.917114	232.000000
911.105225	309.000000
911.293335	280.000000
911.481445	235.000000
911.669556	231.000000
911.857666	282.000000
912.045776	288.000000
912.233887	231.000000
912.421997	234.000000
912.610107	289.000000
912.798218	274.000000
912.986328	237.000000
913.174438	232.000000
913.362549	308.000000
913.550659	288.000000
913.738770	242.000000
913.926880	246.000000
914.114990	295.000000
914.303101	285.000000
914.491211	229.000000
914.679321	238.000000
914.867371	290.000000
915.055481	296.000000
915.243469	229.000000
915.431580	236.000000
915.619690	274.000000
915.807800	273.000000
915.995850	231.000000
916.183960	231.000000
916.372070	277.000000
916.560181	286.000000
916.748291	232.000000
916.936340	252.000000
917.124451	283.000000
917.312561	282.000000
917.500671	261.000000
917.688721	228.000000
917.876831	268.000000
918.064941	280.000000
918.253052	247.000000
918.441101	234.000000
918.629211	293.000000
918.817322	300.000000
919.005371	241.000000
919.193481	243.000000
919.381592	282.000000
919.569641	264.000000
919.757751	223.000000
919.945862	244.000000
920.133789	264.000000
920.321899	284.000000
920.509949	238.000000
920.698059	245.000000
920.886169	274.000000
921.074219	280.000000
921.262329	252.000000
921.450378	225.000000
921.638489	278.000000
921.826538	284.000000
922.014648	236.000000
922.202759	257.000000
922.390808	271.000000
922.578918	286.000000
922.766968	237.000000
922.955078	240.000000
923.143127	286.000000
923.331238	291.000000
923.519287	239.000000
923.707336	257.000000
923.895447	283.000000
924.083496	268.000000
924.271606	232.000000
924.459656	234.000000
924.647766	285.000000
924.835815	282.000000
925.023743	235.000000
925.211853	253.000000
925.399902	284.000000
925.588013	281.000000
925.776062	263.000000
925.964111	259.000000
926.152222	292.000000
926.340271	270.000000
926.528320	238.000000
926.716370	243.000000
926.904480	286.000000
927.092529	269.000000
927.280579	238.000000
927.468689	249.000000
927.656738	286.000000
927.844788	283.000000
928.032837	259.000000
928.220947	233.000000
928.408997	267.000000
928.597046	274.000000
928.785095	258.000000
928.973145	229.000000
929.161255	273.000000
929.349304	277.000000
929.537354	260.000000
929.725403	243.000000
929.913330	273.000000
930.101379	282.000000
930.289429	233.000000
930.477539	225.000000
930.665588	286.000000
930.853638	267.000000
931.041687	241.000000
931.229736	238.000000
931.417786	290.000000
931.605835	273.000000
931.793884	235.000000
931.981934	245.000000
932.169983	281.000000
932.358032	282.000000
932.546082	243.000000
932.734131	250.000000
932.922180	290.000000
933.110229	290.000000
933.298279	233.000000
933.486328	220.000000
933.674377	278.000000
933.862427	272.000000
934.050476	262.000000
934.238525	230.000000
934.426575	284.000000
934.614563	278.000000
934.802490	241.000000
934.990540	234.000000
935.178589	282.000000
935.366638	271.000000
935.554687	243.000000
935.742676	245.000000
935.930725	278.000000
936.118774	294.000000
936.306824	243.000000
936.494873	235.000000
936.682861	267.000000
936.870911	272.000000
937.058960	230.000000
937.247009	231.000000
937.434998	290.000000
937.623047	271.000000
937.811096	227.000000
937.999146	240.000000
938.187134	280.000000
938.375183	265.000000
938.563232	239.000000
938.751221	243.000000
938.939270	276.000000
939.127258	280.000000
939.315308	230.000000
939.503357	254.000000
939.691223	275.000000
939.879272	272.000000
940.067261	239.000000
940.255310	251.000000
940.443359	288.000000
940.631348	299.000000
940.819397	258.000000
941.007385	228.000000
941.195435	290.000000
941.383423	270.000000
941.571472	247.000000
941.759460	260.000000
941.947510	287.000000
942.135498	265.000000
942.323486	244.000000
942.511536	239.000000
942.699524	284.000000
942.887573	276.000000
943.075562	248.000000
943.263550	236.000000
943.451599	264.000000
943.639587	264.000000
943.827637	228.000000
944.015625	261.000000
944.203613	297.000000
944.391663	266.000000
944.579529	236.000000
944.767517	247.000000
944.955505	282.000000
945.143555	289.000000
945.331543	256.000000
945.519531	235.000000
945.707520	263.000000
945.895569	270.000000
946.083557	240.000000
946.271545	245.000000
946.459534	277.000000
946.647522	284.000000
946.835571	237.000000
947.023560	237.000000
947.211548	274.000000
947.399536	270.000000
947.587524	253.000000
947.775513	242.000000
947.963501	288.000000
948.151489	279.000000
948.339478	254.000000
948.527527	228.000000
948.715515	275.000000
948.903503	284.000000
949.091492	245.000000
949.279480	233.000000
949.467346	277.000000
949.655334	265.000000
949.843323	250.000000
950.031311	242.000000
950.219299	276.000000
950.407227	263.000000
950.595215	229.000000
950.783203	239.000000
950.971191	270.000000
951.159180	260.000000
951.347168	228.000000
951.535156	231.000000
951.723145	283.000000
951.911133	288.000000
952.099060	223.000000
952.287048	241.000000
952.475037	281.000000
952.663025	265.000000
952.851013	241.000000
953.038940	236.000000
953.226929	279.000000
953.414917	265.000000
953.602905	237.000000
953.790833	240.000000
953.978821	284.000000
954.166809	262.000000
954.354614	260.000000
954.542603	238.000000
954.730591	278.000000
954.918518	274.000000
955.106506	231.000000
955.294495	247.000000
955.482422	274.000000
955.670410	268.000000
955.858337	247.000000
956.046326	249.000000
956.234253	271.000000
956.422241	267.000000
956.610168	230.000000
956.798157	237.000000
956.986084	283.000000
957.174072	255.000000
957.362000	235.000000
957.549988	244.000000
957.737915	273.000000
957.925903	285.000000
958.113831	233.000000
958.301819	248.000000
958.489746	271.000000
958.677673	271.000000
958.865662	256.000000
959.053589	248.000000
959.241455	271.000000
959.429382	252.000000
959.617310	252.000000
959.805237	234.000000
959.993225	269.000000
960.181152	264.000000
960.369080	234.000000
960.557068	241.000000
960.744995	269.000000
960.932922	260.000000
961.120850	250.000000
961.308777	253.000000
961.496765	263.000000
961.684692	273.000000
961.872620	247.000000
962.060547	230.000000
962.248474	279.000000
962.436401	277.000000
962.624329	244.000000
962.812317	235.000000
963.000244	284.000000
963.188171	261.000000
963.376099	242.000000
963.564026	244.000000
963.751953	283.000000
963.939880	268.000000
964.127686	233.000000
964.315613	240.000000
964.503540	278.000000
964.691467	267.000000
964.879395	241.000000
965.067322	244.000000
965.255249	274.000000
965.443115	282.000000
965.631042	246.000000
965.818970	233.000000
966.006897	259.000000
966.194824	288.000000
966.382751	245.000000
966.570679	236.000000
966.758545	274.000000
966.946472	273.000000
967.134399	252.000000
967.322327	230.000000
967.510193	277.000000
967.698120	258.000000
967.886047	230.000000
968.073975	243.000000
968.261841	273.000000
968.449768	266.000000
968.637695	245.000000
968.825562	234.000000
969.013367	289.000000
969.201294	273.000000
969.389160	237.000000
969.577087	250.000000
969.764954	286.000000
969.952881	251.000000
970.140747	247.000000
970.328674	243.000000
970.516602	263.000000
970.704468	284.000000
970.892395	266.000000
971.080261	236.000000
971.268188	292.000000
971.456055	270.000000
971.643921	230.000000
971.831848	256.000000
972.019714	275.000000
972.207642	272.000000
972.395508	239.000000
972.583374	233.000000
972.771301	267.000000
972.959167	274.000000
973.147034	239.000000
973.334961	229.000000
973.522827	267.000000
973.710693	270.000000
973.898499	237.000000
974.086365	246.000000
974.274231	269.000000
974.462097	263.000000
974.649963	247.000000
974.837891	238.000000
975.025757	264.000000
975.213623	260.000000
975.401489	236.000000
975.589355	243.000000
975.777222	267.000000
975.965088	256.000000
976.153015	265.000000
976.340881	240.000000
976.528748	280.000000
976.716614	270.000000
976.904480	232.000000
977.092346	260.000000
977.280212	264.000000
977.468079	268.000000
977.655945	245.000000
977.843811	243.000000
978.031677	263.000000
978.219543	261.000000
978.407349	233.000000
978.595215	238.000000
978.782959	295.000000
978.970825	275.000000
979.158691	238.000000
979.346558	225.000000
979.534424	286.000000
979.722229	293.000000
979.910095	255.000000
980.097961	254.000000
980.285828	282.000000
980.473633	259.000000
980.661499	236.000000
980.849365	244.000000
981.037231	277.000000
981.225037	260.000000
981.412903	239.000000
981.600769	240.000000
981.788574	279.000000
981.976440	279.000000
982.164246	240.000000
982.352112	238.000000
982.539978	272.000000
982.727783	263.000000
982.915649	239.000000
983.103455	256.000000
983.291321	270.000000
983.479126	261.000000
983.666870	250.000000
983.854675	238.000000
984.042542	278.000000
984.230347	275.000000
984.418152	235.000000
984.606018	246.000000
984.793823	275.000000
984.981689	258.000000
985.169495	238.000000
985.357300	240.000000
985.545166	287.000000
985.732971	265.000000
985.920776	272.000000
986.108582	236.000000
986.296448	277.000000
986.484253	286.000000
986.672058	246.000000
986.859863	234.000000
987.047668	267.000000
987.235535	273.000000
987.423340	254.000000
987.611145	242.000000
987.798950	280.000000
987.986755	265.000000
988.174561	250.000000
988.362366	242.000000
988.550049	264.000000
988.737854	278.000000
988.925659	245.000000
989.113464	237.000000
989.301270	276.000000
989.489075	274.000000
989.676880	236.000000
989.864685	257.000000
990.052490	271.000000
990.240295	285.000000
990.428101	239.000000
990.615906	234.000000
990.803711	276.000000
990.991516	278.000000
991.179321	254.000000
991.367065	240.000000
991.554871	272.000000
991.742676	263.000000
991.930481	230.000000
992.118225	240.000000
992.306030	272.000000
992.493835	273.000000
992.681641	248.000000
992.869385	268.000000
993.057190	275.000000
993.244995	264.000000
993.432617	234.000000
993.620422	229.000000
993.808167	295.000000
993.995972	264.000000
994.183777	242.000000
994.371521	238.000000
994.559326	286.000000
994.747070	271.000000
994.934875	244.000000
995.122620	240.000000
995.310425	278.000000
995.498169	268.000000
995.685974	238.000000
995.873718	234.000000
996.061462	267.000000
996.249268	259.000000
996.437012	241.000000
996.624756	233.000000
996.812561	269.000000
997.000305	258.000000
997.188049	255.000000
997.375854	240.000000
997.563599	271.000000
997.751343	268.000000
997.939087	235.000000
998.126892	244.000000
998.314514	263.000000
998.502258	252.000000
998.690002	231.000000
998.877747	234.000000
999.065491	272.000000
999.253235	258.000000
999.440979	255.000000
999.628784	239.000000
999.816528	270.000000
1000.004272	258.000000
1000.192017	0.000000
1000.379761	0.000000
1000.567505	0.000000
1000.755249	0.000000
1000.942993	0.000000
1001.130676	0.000000
1001.318420	0.000000
1001.506165	0.000000
1001.693909	0.000000
1001.881653	0.000000
1002.069397	0.000000
1002.257141	0.000000
1002.444824	0.000000
1002.632568	0.000000
1002.820312	0.000000
1003.008057	0.000000
1003.195679	0.000000
1003.383362	0.000000
1003.571106	0.000000
1003.758850	0.000000
1003.946533	0.000000
1004.134277	0.000000
1004.322021	0.000000
1004.509705	0.000000
1004.697449	0.000000
1004.885132	0.000000
1005.072876	0.000000
1005.260559	0.000000
1005.448303	0.000000
1005.635986	0.000000
1005.823730	0.000000
1006.011414	0.000000
1006.199158	0.000000
1006.386841	0.000000
1006.574585	0.000000
1006.762268	0.000000
1006.949951	0.000000
1007.137695	0.000000
1007.325378	0.000000
1007.513062	0.000000
1007.700806	0.000000
1007.888489	0.000000
1008.076050	0.000000
1008.263794	0.000000
1008.451477	0.000000
1008.639160	0.000000
1008.826843	0.000000
1009.014526	0.000000
1009.202271	0.000000
1009.389954	0.000000
1009.577637	0.000000
1009.765320	0.000000
1009.953003	0.000000
1010.140686	0.000000
1010.328369	0.000000
1010.516052	0.000000
1010.703735	0.000000
1010.891418	0.000000
1011.079102	0.000000
1011.266785	0.000000
1011.454468	0.000000
1011.642151	0.000000
1011.829834	0.000000
1012.017517	0.000000
1012.205139	0.000000
1012.392822	0.000000
1012.580505	0.000000
1012.768188	0.000000
1012.955750	0.000000
1013.143372	0.000000
1013.331055	0.000000
1013.518738	0.000000
1013.706421	0.000000
1013.894043	0.000000
1014.081726	0.000000
1014.269409	0.000000
1014.457031	0.000000
1014.644714	0.000000
1014.832336	0.000000
1015.020020	0.000000
1015.207703	0.000000
