333.051300	0.000000
333.235016	0.000000
333.418732	0.000000
333.602448	0.000000
333.786163	0.000000
333.969879	0.000000
334.153625	0.000000
334.337372	0.000000
334.521088	0.000000
334.704834	0.000000
334.888550	0.000000
335.072327	0.000000
335.256073	0.000000
335.439819	0.000000
335.623596	0.000000
335.807343	0.000000
335.991119	0.000000
336.174866	0.000000
336.358643	0.000000
336.542419	0.000000
336.726196	0.000000
336.909973	0.000000
337.093750	0.000000
337.277527	0.000000
337.461304	0.000000
337.645111	0.000000
337.828918	0.000000
338.012726	0.000000
338.196533	0.000000
338.380341	0.000000
338.564117	0.000000
338.747925	0.000000
338.931763	0.000000
339.115570	0.000000
339.299408	0.000000
339.483215	0.000000
339.667023	0.000000
339.850861	0.000000
340.034698	0.000000
340.218536	0.000000
340.402405	0.000000
340.586243	0.000000
340.770111	0.000000
340.953918	0.000000
341.137787	0.000000
341.321655	0.000000
341.505524	0.000000
341.689392	0.000000
341.873260	0.000000
342.057098	0.000000
342.240967	0.000000
342.424866	0.000000
342.608734	0.000000
342.792633	0.000000
342.976532	0.000000
343.160431	0.000000
343.344299	0.000000
343.528198	0.000000
343.712097	0.000000
343.895996	0.000000
344.079926	0.000000
344.263824	0.000000
344.447723	0.000000
344.631653	0.000000
344.815552	0.000000
344.999481	0.000000
345.183411	0.000000
345.367371	0.000000
345.551300	0.000000
345.735199	0.000000
345.919159	0.000000
346.103088	0.000000
346.287048	0.000000
346.471008	0.000000
346.654968	0.000000
346.838898	0.000000
347.022858	0.000000
347.206818	0.000000
347.390778	0.000000
347.574768	0.000000
347.758728	0.000000
347.942719	0.000000
348.126678	0.000000
348.310669	0.000000
348.494659	0.000000
348.678650	0.000000
348.862640	0.000000
349.046631	0.000000
349.230591	0.000000
349.414612	0.000000
349.598602	0.000000
349.782623	0.000000
349.966644	213.000000
350.150665	258.000000
350.334686	264.000000
350.518677	229.000000
350.702698	221.000000
350.886749	259.000000
351.070770	255.000000
351.254822	220.000000
351.438843	230.000000
351.622864	260.000000
351.806915	240.000000
351.990967	236.000000
352.175018	231.000000
352.359070	256.000000
352.543121	264.000000
352.727203	218.000000
352.911224	239.000000
353.095306	268.000000
353.279358	236.000000
353.463440	221.000000
353.647522	228.000000
353.831604	253.000000
354.015656	245.000000
354.199738	226.000000
354.383850	219.000000
354.567932	263.000000
354.752045	266.000000
354.936127	226.000000
355.120239	228.000000
355.304321	271.000000
355.488434	259.000000
355.672546	228.000000
355.856659	233.000000
356.040771	253.000000
356.224915	249.000000
356.408997	222.000000
356.593140	221.000000
356.777252	263.000000
356.961395	254.000000
357.145538	220.000000
357.329681	229.000000
357.513824	251.000000
357.697937	247.000000
357.882111	224.000000
358.066254	237.000000
358.250397	248.000000
358.434570	254.000000
358.618744	236.000000
358.802887	223.000000
358.987061	237.000000
359.171234	268.000000
359.355408	237.000000
359.539581	226.000000
359.723755	271.000000
359.907959	261.000000
360.092102	221.000000
360.276306	232.000000
360.460510	262.000000
360.644684	257.000000
360.828888	234.000000
361.013092	227.000000
361.197296	280.000000
361.381500	273.000000
361.565704	228.000000
361.749939	217.000000
361.934143	262.000000
362.118378	263.000000
362.302612	229.000000
362.486786	228.000000
362.671021	272.000000
362.855255	275.000000
363.039520	229.000000
363.223755	235.000000
363.407990	256.000000
363.592224	259.000000
363.776459	240.000000
363.960724	239.000000
364.144989	272.000000
364.329254	271.000000
364.513519	254.000000
364.697784	242.000000
364.882019	277.000000
365.066284	266.000000
365.250580	246.000000
365.434845	248.000000
365.619141	270.000000
365.803436	287.000000
365.987701	247.000000
366.171967	241.000000
366.356262	291.000000
366.540558	293.000000
366.724884	252.000000
366.909180	264.000000
367.093445	296.000000
367.277771	296.000000
367.462097	262.000000
367.646393	268.000000
367.830719	294.000000
368.015045	294.000000
368.199371	272.000000
368.383698	264.000000
368.567993	315.000000
368.752350	300.000000
368.936676	267.000000
369.121033	288.000000
369.305359	323.000000
369.489685	319.000000
369.674042	294.000000
369.858398	305.000000
370.042755	328.000000
370.227112	311.000000
370.411469	292.000000
370.595856	291.000000
370.780212	336.000000
370.964569	349.000000
371.148926	305.000000
371.333313	312.000000
371.517700	332.000000
371.702087	328.000000
371.886444	311.000000
372.070831	310.000000
372.255219	319.000000
372.439636	354.000000
372.624023	308.000000
372.808441	319.000000
372.992828	345.000000
373.177246	345.000000
373.361633	315.000000
373.546051	318.000000
373.730469	355.000000
373.914886	356.000000
374.099304	337.000000
374.283722	325.000000
374.468140	364.000000
374.652588	372.000000
374.837006	348.000000
375.021454	358.000000
375.205902	400.000000
375.390350	390.000000
375.574799	375.000000
375.759216	372.000000
375.943665	384.000000
376.128143	416.000000
376.312592	413.000000
376.497070	406.000000
376.681488	440.000000
376.865967	450.000000
377.050446	426.000000
377.234924	435.000000
377.419403	466.000000
377.603882	479.000000
377.788361	438.000000
377.972870	443.000000
378.157318	450.000000
378.341827	452.000000
378.526306	436.000000
378.710815	426.000000
378.895325	465.000000
379.079803	468.000000
379.264313	437.000000
379.448822	459.000000
379.633331	497.000000
379.817841	493.000000
380.002380	467.000000
380.186890	474.000000
380.371429	523.000000
380.555939	486.000000
380.740479	456.000000
380.924988	462.000000
381.109528	482.000000
381.294098	476.000000
381.478607	430.000000
381.663147	422.000000
381.847717	456.000000
382.032257	451.000000
382.216827	414.000000
382.401367	418.000000
382.585937	455.000000
382.770508	452.000000
382.955048	444.000000
383.139618	432.000000
383.324188	470.000000
383.508789	500.000000
383.693359	487.000000
383.877930	498.000000
384.062500	567.000000
384.247101	558.000000
384.431702	534.000000
384.616302	543.000000
384.800903	575.000000
384.985504	579.000000
385.170105	534.000000
385.354675	536.000000
385.539276	575.000000
385.723907	582.000000
385.908508	557.000000
386.093140	558.000000
386.277740	622.000000
386.462372	598.000000
386.647003	563.000000
386.831635	576.000000
387.016266	611.000000
387.200897	604.000000
387.385559	590.000000
387.570190	592.000000
387.754791	616.000000
387.939453	644.000000
388.124115	597.000000
388.308777	634.000000
388.493439	695.000000
388.678070	690.000000
388.862732	658.000000
389.047394	676.000000
389.232056	740.000000
389.416748	740.000000
389.601410	718.000000
389.786102	724.000000
389.970795	767.000000
390.155426	778.000000
390.340118	754.000000
390.524811	756.000000
390.709503	797.000000
390.894196	802.000000
391.078888	742.000000
391.263580	734.000000
391.448303	755.000000
391.632996	740.000000
391.817719	665.000000
392.002441	645.000000
392.187134	645.000000
392.371857	610.000000
392.556549	561.000000
392.741302	540.000000
392.926025	601.000000
393.110748	593.000000
393.295502	592.000000
393.480194	629.000000
393.664948	709.000000
393.849670	751.000000
394.034424	766.000000
394.219177	806.000000
394.403931	827.000000
394.588684	868.000000
394.773468	832.000000
394.958191	823.000000
395.142944	842.000000
395.327728	820.000000
395.512482	770.000000
395.697266	695.000000
395.882019	711.000000
396.066803	700.000000
396.251587	656.000000
396.436371	654.000000
396.621155	715.000000
396.805939	772.000000
396.990723	799.000000
397.175537	853.000000
397.360291	951.000000
397.545105	1013.000000
397.729919	1017.000000
397.914703	1052.000000
398.099518	1095.000000
398.284302	1137.000000
398.469116	1097.000000
398.653961	1139.000000
398.838776	1186.000000
399.023590	1199.000000
399.208435	1157.000000
399.393250	1175.000000
399.578094	1231.000000
399.762909	1241.000000
399.947754	1212.000000
400.132599	1223.000000
400.317444	1274.000000
400.502289	1281.000000
400.687103	1268.000000
400.871948	1284.000000
401.056824	1299.000000
401.241669	1361.000000
401.426544	1321.000000
401.611420	1310.000000
401.796265	1370.000000
401.981140	1342.000000
402.165985	1330.000000
402.350861	1320.000000
402.535767	1357.000000
402.720642	1347.000000
402.905518	1370.000000
403.090393	1360.000000
403.275269	1373.000000
403.460175	1394.000000
403.645081	1356.000000
403.829956	1346.000000
404.014862	1368.000000
404.199768	1381.000000
404.384674	1364.000000
404.569580	1358.000000
404.754486	1419.000000
404.939392	1402.000000
405.124329	1370.000000
405.309235	1359.000000
405.494141	1399.000000
405.679077	1395.000000
405.864014	1366.000000
406.048950	1372.000000
406.233887	1426.000000
406.418823	1410.000000
406.603760	1392.000000
406.788696	1412.000000
406.973633	1457.000000
407.158569	1489.000000
407.343536	1445.000000
407.528473	1474.000000
407.713440	1530.000000
407.898376	1556.000000
408.083344	1539.000000
408.268311	1532.000000
408.453278	1592.000000
408.638275	1594.000000
408.823242	1502.000000
409.008209	1506.000000
409.193207	1486.000000
409.378143	1454.000000
409.563141	1429.000000
409.748138	1436.000000
409.933136	1484.000000
410.118134	1528.000000
410.303101	1521.000000
410.488098	1554.000000
410.673096	1674.000000
410.858124	1688.000000
411.043121	1667.000000
411.228149	1657.000000
411.413147	1714.000000
411.598175	1686.000000
411.783173	1678.000000
411.968201	1646.000000
412.153229	1650.000000
412.338257	1687.000000
412.523285	1624.000000
412.708282	1610.000000
412.893341	1694.000000
413.078369	1688.000000
413.263428	1640.000000
413.448456	1652.000000
413.633514	1730.000000
413.818573	1716.000000
414.003632	1676.000000
414.188660	1675.000000
414.373718	1710.000000
414.558777	1719.000000
414.743835	1675.000000
414.928925	1726.000000
415.113953	1758.000000
415.299042	1762.000000
415.484100	1730.000000
415.669189	1729.000000
415.854279	1782.000000
416.039368	1795.000000
416.224457	1737.000000
416.409546	1720.000000
416.594604	1764.000000
416.779694	1739.000000
416.964813	1669.000000
417.149902	1654.000000
417.335022	1726.000000
417.520081	1734.000000
417.705200	1681.000000
417.890320	1707.000000
418.075439	1712.000000
418.260559	1746.000000
418.445679	1699.000000
418.630798	1686.000000
418.815918	1719.000000
419.001038	1721.000000
419.186157	1695.000000
419.371307	1700.000000
419.556427	1761.000000
419.741577	1751.000000
419.926697	1727.000000
420.111847	1775.000000
420.296997	1828.000000
420.482147	1825.000000
420.667297	1816.000000
420.852448	1798.000000
421.037628	1860.000000
421.222778	1826.000000
421.407928	1774.000000
421.593079	1748.000000
421.778259	1793.000000
421.963440	1772.000000
422.148621	1708.000000
422.333771	1725.000000
422.518951	1788.000000
422.704132	1741.000000
422.889313	1755.000000
423.074493	1765.000000
423.259705	1802.000000
423.444885	1815.000000
423.630096	1800.000000
423.815277	1786.000000
424.000458	1848.000000
424.185669	1863.000000
424.370880	1807.000000
424.556091	1794.000000
424.741272	1826.000000
424.926514	1826.000000
425.111725	1804.000000
425.296936	1813.000000
425.482178	1894.000000
425.667389	1881.000000
425.852631	1848.000000
426.037872	1817.000000
426.223083	1864.000000
426.408325	1833.000000
426.593567	1790.000000
426.778809	1766.000000
426.964050	1807.000000
427.149261	1821.000000
427.334534	1797.000000
427.519775	1822.000000
427.705048	1874.000000
427.890289	1884.000000
428.075562	1859.000000
428.260834	1803.000000
428.446106	1815.000000
428.631348	1806.000000
428.816620	1722.000000
429.001892	1682.000000
429.187164	1687.000000
429.372467	1640.000000
429.557709	1562.000000
429.743011	1511.000000
429.928284	1538.000000
430.113586	1552.000000
430.298889	1547.000000
430.484161	1584.000000
430.669464	1742.000000
430.854767	1844.000000
431.040070	1899.000000
431.225372	1965.000000
431.410675	2050.000000
431.596008	2077.000000
431.781311	2052.000000
431.966614	2023.000000
432.151917	2082.000000
432.337250	2090.000000
432.522583	2067.000000
432.707916	2098.000000
432.893250	2142.000000
433.078583	2084.000000
433.263916	1999.000000
433.449219	1995.000000
433.634583	2027.000000
433.819916	2024.000000
434.005280	2021.000000
434.190613	2048.000000
434.375946	2164.000000
434.561310	2223.000000
434.746674	2182.000000
434.932037	2160.000000
435.117401	2271.000000
435.302765	2284.000000
435.488129	2295.000000
435.673492	2338.000000
435.858856	2382.000000
436.044220	2408.000000
436.229614	2330.000000
436.415009	2321.000000
436.600372	2385.000000
436.785736	2359.000000
436.971130	2293.000000
437.156525	2248.000000
437.341919	2275.000000
437.527313	2247.000000
437.712738	2159.000000
437.898132	2154.000000
438.083527	2209.000000
438.268921	2165.000000
438.454346	2220.000000
438.639740	2209.000000
438.825165	2348.000000
439.010590	2374.000000
439.195984	2311.000000
439.381409	2302.000000
439.566833	2374.000000
439.752258	2377.000000
439.937683	2330.000000
440.123138	2361.000000
440.308563	2440.000000
440.494019	2472.000000
440.679413	2476.000000
440.864868	2526.000000
441.050323	2611.000000
441.235779	2633.000000
441.421234	2591.000000
441.606659	2604.000000
441.792114	2683.000000
441.977570	2645.000000
442.163055	2594.000000
442.348511	2580.000000
442.533997	2624.000000
442.719452	2642.000000
442.904938	2634.000000
443.090393	2598.000000
443.275848	2644.000000
443.461334	2686.000000
443.646820	2644.000000
443.832306	2651.000000
444.017792	2723.000000
444.203278	2706.000000
444.388763	2643.000000
444.574280	2653.000000
444.759766	2693.000000
444.945282	2638.000000
445.130768	2592.000000
445.316284	2556.000000
445.501770	2619.000000
445.687286	2644.000000
445.872803	2630.000000
446.058319	2662.000000
446.243835	2754.000000
446.429321	2793.000000
446.614868	2800.000000
446.800385	2812.000000
446.985931	2870.000000
447.171448	2854.000000
447.356995	2801.000000
447.542542	2796.000000
447.728088	2820.000000
447.913605	2840.000000
448.099152	2799.000000
448.284698	2817.000000
448.470245	2901.000000
448.655792	2939.000000
448.841339	2864.000000
449.026886	2880.000000
449.212463	2968.000000
449.398010	3017.000000
449.583588	2987.000000
449.769165	3016.000000
449.954712	3101.000000
450.140289	3097.000000
450.325836	3076.000000
450.511444	3071.000000
450.697021	3087.000000
450.882599	3104.000000
451.068176	3017.000000
451.253754	3032.000000
451.439331	3039.000000
451.624939	3022.000000
451.810547	2975.000000
451.996124	2895.000000
452.181732	2918.000000
452.367340	2869.000000
452.552948	2797.000000
452.738525	2814.000000
452.924164	2918.000000
453.109772	2943.000000
453.295380	2955.000000
453.481018	2983.000000
453.666595	3044.000000
453.852234	3058.000000
454.037842	2992.000000
454.223480	2986.000000
454.409119	3022.000000
454.594757	3023.000000
454.780396	2975.000000
454.966034	2989.000000
455.151642	3106.000000
455.337311	3089.000000
455.522949	3052.000000
455.708588	3103.000000
455.894257	3162.000000
456.079865	3144.000000
456.265533	3147.000000
456.451202	3139.000000
456.636871	3181.000000
456.822540	3168.000000
457.008209	3114.000000
457.193878	3087.000000
457.379547	3120.000000
457.565186	3090.000000
457.750854	3024.000000
457.936554	3039.000000
458.122223	3061.000000
458.307922	3090.000000
458.493591	3065.000000
458.679260	3043.000000
458.864960	3114.000000
459.050659	3104.000000
459.236359	3061.000000
459.422058	3050.000000
459.607758	3109.000000
459.793457	3128.000000
459.979156	3080.000000
460.164856	3122.000000
460.350586	3172.000000
460.536285	3204.000000
460.722015	3194.000000
460.907715	3175.000000
461.093414	3239.000000
461.279144	3255.000000
461.464874	3214.000000
461.650604	3235.000000
461.836334	3303.000000
462.022064	3281.000000
462.207825	3255.000000
462.393555	3239.000000
462.579285	3268.000000
462.765015	3270.000000
462.950775	3200.000000
463.136475	3198.000000
463.322235	3241.000000
463.507996	3264.000000
463.693756	3200.000000
463.879517	3184.000000
464.065277	3270.000000
464.251038	3246.000000
464.436798	3216.000000
464.622589	3240.000000
464.808350	3283.000000
464.994110	3330.000000
465.179871	3324.000000
465.365662	3348.000000
465.551422	3366.000000
465.737183	3354.000000
465.922974	3237.000000
466.108765	3201.000000
466.294556	3252.000000
466.480347	3205.000000
466.666168	3170.000000
466.851959	3242.000000
467.037750	3300.000000
467.223572	3357.000000
467.409332	3302.000000
467.595154	3303.000000
467.780975	3372.000000
467.966736	3364.000000
468.152557	3330.000000
468.338379	3349.000000
468.524200	3420.000000
468.710022	3394.000000
468.895844	3351.000000
469.081696	3380.000000
469.267517	3346.000000
469.453339	3353.000000
469.639191	3312.000000
469.824982	3269.000000
470.010834	3293.000000
470.196686	3332.000000
470.382507	3327.000000
470.568329	3328.000000
470.754181	3413.000000
470.940033	3410.000000
471.125916	3429.000000
471.311768	3496.000000
471.497620	3520.000000
471.683472	3546.000000
471.869354	3519.000000
472.055206	3511.000000
472.241058	3474.000000
472.426910	3469.000000
472.612793	3416.000000
472.798645	3386.000000
472.984528	3426.000000
473.170410	3460.000000
473.356293	3419.000000
473.542175	3423.000000
473.728058	3492.000000
473.913971	3484.000000
474.099854	3490.000000
474.285736	3487.000000
474.471649	3506.000000
474.657532	3520.000000
474.843414	3458.000000
475.029327	3432.000000
475.215210	3491.000000
475.401123	3477.000000
475.587036	3433.000000
475.772949	3424.000000
475.958862	3429.000000
476.144775	3438.000000
476.330719	3421.000000
476.516632	3424.000000
476.702545	3486.000000
476.888489	3534.000000
477.074402	3537.000000
477.260315	3524.000000
477.446259	3603.000000
477.632172	3573.000000
477.818115	3559.000000
478.004059	3516.000000
478.190002	3563.000000
478.375946	3538.000000
478.561890	3509.000000
478.747864	3517.000000
478.933807	3566.000000
479.119751	3619.000000
479.305725	3560.000000
479.491669	3576.000000
479.677612	3588.000000
479.863586	3591.000000
480.049530	3554.000000
480.235504	3563.000000
480.421478	3604.000000
480.607452	3596.000000
480.793427	3593.000000
480.979401	3614.000000
481.165405	3646.000000
481.351379	3665.000000
481.537354	3653.000000
481.723358	3641.000000
481.909332	3674.000000
482.095306	3648.000000
482.281311	3614.000000
482.467285	3629.000000
482.653290	3645.000000
482.839294	3655.000000
483.025299	3645.000000
483.211304	3654.000000
483.397308	3633.000000
483.583344	3653.000000
483.769348	3616.000000
483.955353	3606.000000
484.141388	3642.000000
484.327393	3635.000000
484.513397	3607.000000
484.699432	3583.000000
484.885437	3560.000000
485.071472	3488.000000
485.257507	3326.000000
485.443542	3184.000000
485.629578	3148.000000
485.815613	3177.000000
486.001648	3172.000000
486.187714	3287.000000
486.373749	3411.000000
486.559814	3463.000000
486.745819	3452.000000
486.931885	3504.000000
487.117950	3558.000000
487.303986	3575.000000
487.490051	3597.000000
487.676117	3601.000000
487.862183	3582.000000
488.048248	3604.000000
488.234314	3509.000000
488.420380	3492.000000
488.606445	3529.000000
488.792542	3563.000000
488.978607	3594.000000
489.164673	3640.000000
489.350769	3685.000000
489.536835	3693.000000
489.722900	3691.000000
489.908997	3675.000000
490.095093	3671.000000
490.281189	3688.000000
490.467285	3647.000000
490.653381	3647.000000
490.839508	3651.000000
491.025604	3634.000000
491.211700	3591.000000
491.397827	3558.000000
491.583893	3538.000000
491.770020	3535.000000
491.956146	3531.000000
492.142212	3601.000000
492.328339	3636.000000
492.514465	3670.000000
492.700592	3658.000000
492.886719	3635.000000
493.072845	3642.000000
493.258972	3600.000000
493.445129	3564.000000
493.631256	3599.000000
493.817413	3650.000000
494.003510	3669.000000
494.189667	3675.000000
494.375793	3681.000000
494.561920	3700.000000
494.748077	3691.000000
494.934235	3649.000000
495.120392	3610.000000
495.306549	3606.000000
495.492706	3608.000000
495.678864	3609.000000
495.865021	3636.000000
496.051178	3670.000000
496.237366	3657.000000
496.423492	3660.000000
496.609680	3650.000000
496.795837	3663.000000
496.981995	3678.000000
497.168182	3666.000000
497.354370	3633.000000
497.540558	3618.000000
497.726746	3558.000000
497.912933	3505.000000
498.099121	3506.000000
498.285309	3563.000000
498.471497	3583.000000
498.657715	3608.000000
498.843872	3604.000000
499.030090	3645.000000
499.216278	3616.000000
499.402466	3584.000000
499.588654	3531.000000
499.774872	3540.000000
499.961090	3489.000000
500.147308	3419.000000
500.333527	3433.000000
500.519745	3452.000000
500.705963	3471.000000
500.892181	3424.000000
501.078430	3376.000000
501.264618	3397.000000
501.450836	3395.000000
501.637085	3373.000000
501.823303	3381.000000
502.009521	3450.000000
502.195770	3453.000000
502.382019	3403.000000
502.568268	3411.000000
502.754486	3467.000000
502.940735	3423.000000
503.127014	3340.000000
503.313263	3246.000000
503.499512	3254.000000
503.685730	3263.000000
503.872009	3243.000000
504.058258	3304.000000
504.244507	3436.000000
504.430756	3445.000000
504.617035	3413.000000
504.803314	3446.000000
504.989563	3471.000000
505.175842	3514.000000
505.362122	3543.000000
505.548401	3542.000000
505.734680	3552.000000
505.920959	3540.000000
506.107239	3486.000000
506.293518	3462.000000
506.479797	3492.000000
506.666077	3479.000000
506.852356	3434.000000
507.038666	3475.000000
507.224945	3492.000000
507.411255	3440.000000
507.597565	3407.000000
507.783875	3415.000000
507.970184	3478.000000
508.156494	3532.000000
508.342804	3546.000000
508.529083	3584.000000
508.715393	3621.000000
508.901703	3606.000000
509.088013	3543.000000
509.274323	3547.000000
509.460663	3524.000000
509.646973	3565.000000
509.833313	3546.000000
510.019653	3573.000000
510.205963	3596.000000
510.392303	3608.000000
510.578644	3586.000000
510.764984	3594.000000
510.951294	3654.000000
511.137634	3682.000000
511.324005	3655.000000
511.510315	3659.000000
511.696655	3673.000000
511.883026	3623.000000
512.069397	3589.000000
512.255737	3560.000000
512.442078	3567.000000
512.628479	3594.000000
512.814819	3560.000000
513.001160	3580.000000
513.187561	3585.000000
513.373901	3576.000000
513.560303	3522.000000
513.746643	3534.000000
513.932983	3533.000000
514.119385	3551.000000
514.305725	3564.000000
514.492126	3564.000000
514.678528	3591.000000
514.864868	3600.000000
515.051270	3595.000000
515.237671	3621.000000
515.424072	3643.000000
515.610474	3636.000000
515.796814	3563.000000
515.983215	3455.000000
516.169617	3318.000000
516.356018	3189.000000
516.542419	3099.000000
516.728821	3086.000000
516.915222	3228.000000
517.101624	3384.000000
517.288086	3431.000000
517.474487	3463.000000
517.660889	3445.000000
517.847290	3303.000000
518.033752	3225.000000
518.220154	3283.000000
518.406616	3427.000000
518.593018	3492.000000
518.779358	3490.000000
518.965820	3475.000000
519.152283	3515.000000
519.338684	3585.000000
519.525146	3575.000000
519.711548	3581.000000
519.898010	3587.000000
520.084473	3566.000000
520.270935	3488.000000
520.457336	3512.000000
520.643738	3569.000000
520.830200	3598.000000
521.016663	3600.000000
521.203125	3594.000000
521.389587	3609.000000
521.576050	3638.000000
521.762512	3605.000000
521.948975	3559.000000
522.135437	3525.000000
522.321899	3487.000000
522.508362	3432.000000
522.694885	3471.000000
522.881348	3522.000000
523.067810	3548.000000
523.254272	3564.000000
523.440796	3582.000000
523.627197	3618.000000
523.813721	3626.000000
524.000183	3593.000000
524.186646	3575.000000
524.373169	3596.000000
524.559692	3566.000000
524.746155	3486.000000
524.932678	3508.000000
525.119141	3536.000000
525.305664	3542.000000
525.492126	3503.000000
525.678589	3448.000000
525.865112	3315.000000
526.051636	3258.000000
526.238159	3094.000000
526.424683	3106.000000
526.611206	3169.000000
526.797729	3207.000000
526.984253	3238.000000
527.170776	3348.000000
527.357300	3424.000000
527.543823	3424.000000
527.730347	3390.000000
527.916870	3384.000000
528.103394	3408.000000
528.289917	3476.000000
528.476440	3488.000000
528.662964	3505.000000
528.849487	3525.000000
529.036072	3470.000000
529.222595	3380.000000
529.409119	3340.000000
529.595703	3368.000000
529.782227	3395.000000
529.968811	3397.000000
530.155334	3431.000000
530.341858	3454.000000
530.528381	3486.000000
530.714966	3440.000000
530.901550	3422.000000
531.088074	3439.000000
531.274658	3426.000000
531.461243	3355.000000
531.647827	3352.000000
531.834412	3322.000000
532.020996	3256.000000
532.207520	3188.000000
532.394104	3096.000000
532.580688	3157.000000
532.767273	3281.000000
532.953857	3318.000000
533.140442	3311.000000
533.327026	3370.000000
533.513611	3330.000000
533.700195	3261.000000
533.886780	3283.000000
534.073364	3323.000000
534.260010	3344.000000
534.446594	3327.000000
534.633179	3330.000000
534.819824	3384.000000
535.006409	3458.000000
535.192932	3444.000000
535.379578	3446.000000
535.566162	3477.000000
535.752808	3445.000000
535.939392	3352.000000
536.126038	3300.000000
536.312683	3297.000000
536.499268	3266.000000
536.685913	3217.000000
536.872559	3252.000000
537.059143	3332.000000
537.245789	3391.000000
537.432434	3377.000000
537.619080	3348.000000
537.805725	3381.000000
537.992371	3356.000000
538.178955	3316.000000
538.365601	3320.000000
538.552246	3327.000000
538.738892	3291.000000
538.925537	3221.000000
539.112183	3186.000000
539.298828	3216.000000
539.485474	3224.000000
539.672119	3178.000000
539.858765	3145.000000
540.045410	3112.000000
540.232056	3112.000000
540.418701	3060.000000
540.605408	3060.000000
540.792053	3156.000000
540.978760	3160.000000
541.165405	3177.000000
541.352051	3189.000000
541.538757	3190.000000
541.725464	3188.000000
541.912109	3125.000000
542.098816	3135.000000
542.285461	3198.000000
542.472168	3164.000000
542.658875	3104.000000
542.845581	3096.000000
543.032166	3127.000000
543.218872	3141.000000
543.405579	3148.000000
543.592285	3214.000000
543.778992	3234.000000
543.965698	3224.000000
544.152405	3127.000000
544.339111	3100.000000
544.525818	3156.000000
544.712524	3188.000000
544.899170	3124.000000
545.085876	3119.000000
545.272583	3145.000000
545.459290	3148.000000
545.645996	3122.000000
545.832764	3086.000000
546.019470	3112.000000
546.206177	3110.000000
546.392944	3122.000000
546.579651	3143.000000
546.766357	3159.000000
546.953125	3125.000000
547.139832	3051.000000
547.326599	3001.000000
547.513306	3074.000000
547.700073	3079.000000
547.886719	3100.000000
548.073486	3108.000000
548.260254	3162.000000
548.446960	3166.000000
548.633728	3112.000000
548.820496	3094.000000
549.007263	3174.000000
549.193970	3143.000000
549.380737	3118.000000
549.567505	3104.000000
549.754211	3160.000000
549.940979	3126.000000
550.127747	3087.000000
550.314514	3102.000000
550.501282	3127.000000
550.688049	3134.000000
550.874817	3070.000000
551.061584	3074.000000
551.248352	3161.000000
551.435181	3188.000000
551.621948	3148.000000
551.808716	3135.000000
551.995483	3156.000000
552.182312	3100.000000
552.369080	3020.000000
552.555847	3002.000000
552.742615	3060.000000
552.929382	3094.000000
553.116150	3078.000000
553.302979	3045.000000
553.489746	3127.000000
553.676575	3128.000000
553.863403	3090.000000
554.050171	3079.000000
554.237000	3134.000000
554.423767	3151.000000
554.610535	3106.000000
554.797363	3104.000000
554.984192	3120.000000
555.170959	3104.000000
555.357788	3054.000000
555.544617	3050.000000
555.731445	3090.000000
555.918274	3068.000000
556.105103	2984.000000
556.291931	2955.000000
556.478760	3029.000000
556.665588	2979.000000
556.852417	2927.000000
557.039246	2960.000000
557.226074	2980.000000
557.412903	2997.000000
557.599670	2992.000000
557.786560	2934.000000
557.973389	2953.000000
558.160217	2906.000000
558.347046	2799.000000
558.533936	2795.000000
558.720764	2847.000000
558.907654	2886.000000
559.094482	2879.000000
559.281311	2886.000000
559.468140	2841.000000
559.654968	2863.000000
559.841858	2820.000000
560.028687	2850.000000
560.215576	2927.000000
560.402466	2996.000000
560.589294	2936.000000
560.776184	2905.000000
560.963074	2869.000000
561.149963	2791.000000
561.336792	2742.000000
561.523682	2784.000000
561.710571	2818.000000
561.897461	2844.000000
562.084351	2758.000000
562.271240	2779.000000
562.458069	2835.000000
562.644958	2872.000000
562.831848	2807.000000
563.018738	2780.000000
563.205627	2784.000000
563.392517	2750.000000
563.579407	2731.000000
563.766296	2733.000000
563.953186	2795.000000
564.140076	2782.000000
564.326965	2760.000000
564.513855	2713.000000
564.700745	2758.000000
564.887695	2746.000000
565.074585	2652.000000
565.261475	2634.000000
565.448425	2633.000000
565.635315	2669.000000
565.822266	2624.000000
566.009155	2631.000000
566.196106	2684.000000
566.382996	2712.000000
566.569946	2663.000000
566.756897	2674.000000
566.943787	2721.000000
567.130737	2672.000000
567.317627	2618.000000
567.504517	2616.000000
567.691467	2569.000000
567.878418	2542.000000
568.065369	2463.000000
568.252319	2443.000000
568.439270	2441.000000
568.626221	2468.000000
568.813110	2455.000000
569.000061	2466.000000
569.186951	2521.000000
569.373901	2480.000000
569.560913	2415.000000
569.747864	2432.000000
569.934814	2471.000000
570.121765	2436.000000
570.308716	2391.000000
570.495667	2314.000000
570.682678	2317.000000
570.869629	2390.000000
571.056580	2380.000000
571.243530	2385.000000
571.430542	2408.000000
571.617493	2421.000000
571.804504	2385.000000
571.991455	2396.000000
572.178345	2446.000000
572.365356	2442.000000
572.552307	2369.000000
572.739319	2352.000000
572.926331	2390.000000
573.113281	2411.000000
573.300293	2361.000000
573.487244	2339.000000
573.674255	2391.000000
573.861267	2360.000000
574.048218	2316.000000
574.235168	2280.000000
574.422180	2330.000000
574.609192	2338.000000
574.796204	2283.000000
574.983215	2245.000000
575.170227	2310.000000
575.357239	2306.000000
575.544250	2292.000000
575.731262	2263.000000
575.918274	2304.000000
576.105286	2329.000000
576.292297	2303.000000
576.479309	2307.000000
576.666321	2340.000000
576.853333	2329.000000
577.040283	2287.000000
577.227356	2315.000000
577.414368	2349.000000
577.601379	2335.000000
577.788391	2252.000000
577.975464	2243.000000
578.162476	2287.000000
578.349548	2334.000000
578.536560	2269.000000
578.723572	2305.000000
578.910583	2362.000000
579.097595	2373.000000
579.284668	2379.000000
579.471741	2392.000000
579.658752	2436.000000
579.845825	2454.000000
580.032837	2417.000000
580.219910	2417.000000
580.406982	2505.000000
580.593994	2471.000000
580.781067	2490.000000
580.968140	2489.000000
581.155212	2517.000000
581.342285	2526.000000
581.529297	2522.000000
581.716370	2543.000000
581.903381	2575.000000
582.090454	2610.000000
582.277527	2566.000000
582.464600	2550.000000
582.651672	2638.000000
582.838745	2608.000000
583.025818	2583.000000
583.212891	2608.000000
583.400024	2636.000000
583.587097	2659.000000
583.774109	2651.000000
583.961182	2604.000000
584.148254	2623.000000
584.335388	2639.000000
584.522461	2582.000000
584.709534	2567.000000
584.896667	2617.000000
585.083740	2599.000000
585.270813	2505.000000
585.457947	2489.000000
585.645020	2507.000000
585.832153	2520.000000
586.019226	2506.000000
586.206360	2457.000000
586.393433	2564.000000
586.580566	2541.000000
586.767639	2470.000000
586.954712	2486.000000
587.141846	2476.000000
587.328979	2444.000000
587.516052	2303.000000
587.703186	2287.000000
587.890320	2253.000000
588.077454	2210.000000
588.264587	2092.000000
588.451721	1949.000000
588.638733	1936.000000
588.825867	1945.000000
589.013000	1929.000000
589.200134	1889.000000
589.387268	1943.000000
589.574402	2005.000000
589.761536	2038.000000
589.948669	2119.000000
590.135864	2222.000000
590.322998	2208.000000
590.510132	2157.000000
590.697266	2146.000000
590.884399	2183.000000
591.071533	2218.000000
591.258728	2122.000000
591.445862	2042.000000
591.632935	2095.000000
591.820190	2123.000000
592.007263	2076.000000
592.194397	2139.000000
592.381592	2246.000000
592.568726	2273.000000
592.755920	2205.000000
592.943054	2211.000000
593.130249	2234.000000
593.317322	2286.000000
593.504517	2195.000000
593.691711	2098.000000
593.878845	2051.000000
594.066040	2043.000000
594.253235	1955.000000
594.440369	1962.000000
594.627563	2043.000000
594.814758	2132.000000
595.001953	2212.000000
595.189087	2121.000000
595.376282	2151.000000
595.563477	2174.000000
595.750671	2202.000000
595.937866	2217.000000
596.125061	2233.000000
596.312256	2162.000000
596.499451	2096.000000
596.686646	2154.000000
596.873779	2204.000000
597.060974	2211.000000
597.248169	2109.000000
597.435364	2101.000000
597.622559	2182.000000
597.809753	2240.000000
597.997009	2159.000000
598.184143	2144.000000
598.371338	2212.000000
598.558533	2171.000000
598.745789	2144.000000
598.932983	2180.000000
599.120178	2195.000000
599.307434	2199.000000
599.494629	2181.000000
599.681885	2179.000000
599.869080	2237.000000
600.056335	2200.000000
600.243530	2128.000000
600.430786	2145.000000
600.617981	2220.000000
600.805237	2226.000000
600.992432	2169.000000
601.179687	2183.000000
601.366943	2204.000000
601.554138	2218.000000
601.741333	2160.000000
601.928589	2172.000000
602.115845	2214.000000
602.303040	2291.000000
602.490295	2231.000000
602.677551	2247.000000
602.864807	2295.000000
603.052002	2300.000000
603.239258	2268.000000
603.426514	2273.000000
603.613770	2308.000000
603.801025	2286.000000
603.988281	2279.000000
604.175537	2236.000000
604.362793	2316.000000
604.550049	2328.000000
604.737305	2232.000000
604.924561	2231.000000
605.111816	2302.000000
605.299072	2304.000000
605.486389	2227.000000
605.673645	2300.000000
605.860901	2292.000000
606.048157	2280.000000
606.235474	2248.000000
606.422729	2271.000000
606.609924	2345.000000
606.797241	2322.000000
606.984497	2255.000000
607.171814	2260.000000
607.359070	2314.000000
607.546387	2297.000000
607.733643	2229.000000
607.920898	2274.000000
608.108154	2276.000000
608.295471	2297.000000
608.482727	2271.000000
608.670044	2248.000000
608.857361	2320.000000
609.044617	2323.000000
609.231934	2291.000000
609.419250	2282.000000
609.606567	2294.000000
609.793823	2243.000000
609.981140	2187.000000
610.168457	2269.000000
610.355774	2304.000000
610.543091	2311.000000
610.730408	2293.000000
610.917725	2288.000000
611.105042	2311.000000
611.292358	2347.000000
611.479614	2287.000000
611.666931	2231.000000
611.854248	2278.000000
612.041565	2246.000000
612.228882	2282.000000
612.416199	2285.000000
612.603516	2317.000000
612.790771	2342.000000
612.978088	2310.000000
613.165466	2250.000000
613.352783	2212.000000
613.540100	2257.000000
613.727417	2227.000000
613.914795	2266.000000
614.102112	2315.000000
614.289490	2344.000000
614.476807	2274.000000
614.664124	2306.000000
614.851501	2346.000000
615.038818	2332.000000
615.226196	2272.000000
615.413513	2264.000000
615.600891	2280.000000
615.788208	2208.000000
615.975586	2159.000000
616.162903	2187.000000
616.350220	2257.000000
616.537598	2241.000000
616.724915	2232.000000
616.912292	2250.000000
617.099670	2313.000000
617.287048	2311.000000
617.474365	2327.000000
617.661682	2302.000000
617.849060	2332.000000
618.036438	2371.000000
618.223816	2289.000000
618.411194	2290.000000
618.598511	2313.000000
618.785889	2298.000000
618.973267	2235.000000
619.160645	2324.000000
619.348022	2293.000000
619.535400	2343.000000
619.722778	2321.000000
619.910156	2273.000000
620.097595	2366.000000
620.284973	2369.000000
620.472351	2308.000000
620.659729	2274.000000
620.847107	2339.000000
621.034485	2272.000000
621.221863	2203.000000
621.409241	2224.000000
621.596619	2256.000000
621.783997	2267.000000
621.971436	2261.000000
622.158813	2245.000000
622.346252	2273.000000
622.533569	2229.000000
622.720947	2178.000000
622.908386	2167.000000
623.095764	2257.000000
623.283203	2256.000000
623.470581	2181.000000
623.658020	2193.000000
623.845398	2217.000000
624.032837	2182.000000
624.220276	2118.000000
624.407654	2139.000000
624.595093	2169.000000
624.782471	2143.000000
624.969910	2074.000000
625.157349	2080.000000
625.344788	2136.000000
625.532166	2129.000000
625.719604	2124.000000
625.907043	2139.000000
626.094421	2139.000000
626.281860	2181.000000
626.469299	2102.000000
626.656677	2090.000000
626.844116	2098.000000
627.031555	2084.000000
627.218994	1859.000000
627.406372	1689.000000
627.593811	1733.000000
627.781250	1767.000000
627.968689	1859.000000
628.156128	1917.000000
628.343628	2003.000000
628.531067	1994.000000
628.718506	1934.000000
628.905945	1923.000000
629.093384	1954.000000
629.280823	1971.000000
629.468323	1931.000000
629.655762	1929.000000
629.843201	1978.000000
630.030701	2004.000000
630.218140	2013.000000
630.405579	2020.000000
630.593079	2047.000000
630.780518	2046.000000
630.967896	1988.000000
631.155396	1959.000000
631.342834	1980.000000
631.530334	1972.000000
631.717773	1973.000000
631.905273	1979.000000
632.092712	2104.000000
632.280151	2120.000000
632.467590	2101.000000
632.655090	2094.000000
632.842590	2144.000000
633.030029	2115.000000
633.217529	2078.000000
633.405029	2082.000000
633.592529	2145.000000
633.779968	2151.000000
633.967468	2109.000000
634.154968	2100.000000
634.342468	2177.000000
634.529907	2196.000000
634.717407	2176.000000
634.904907	2194.000000
635.092407	2208.000000
635.279907	2219.000000
635.467407	2143.000000
635.654907	2128.000000
635.842346	2175.000000
636.029846	2216.000000
636.217346	2209.000000
636.404846	2207.000000
636.592346	2227.000000
636.779846	2260.000000
636.967346	2223.000000
637.154785	2262.000000
637.342346	2296.000000
637.529846	2268.000000
637.717346	2240.000000
637.904846	2255.000000
638.092346	2295.000000
638.279907	2301.000000
638.467407	2296.000000
638.654907	2289.000000
638.842468	2301.000000
639.029968	2288.000000
639.217468	2246.000000
639.405029	2257.000000
639.592529	2253.000000
639.780090	2264.000000
639.967590	2283.000000
640.155090	2271.000000
640.342651	2273.000000
640.530151	2295.000000
640.717651	2250.000000
640.905212	2248.000000
641.092712	2306.000000
641.280273	2284.000000
641.467773	2257.000000
641.655334	2238.000000
641.842896	2324.000000
642.030334	2313.000000
642.217896	2291.000000
642.405457	2322.000000
642.593018	2301.000000
642.780518	2295.000000
642.968079	2252.000000
643.155640	2282.000000
643.343201	2334.000000
643.530762	2240.000000
643.718323	2251.000000
643.905823	2253.000000
644.093384	2299.000000
644.280945	2287.000000
644.468506	2239.000000
644.656067	2198.000000
644.843628	2241.000000
645.031189	2227.000000
645.218750	2167.000000
645.406311	2114.000000
645.593811	2135.000000
645.781433	2071.000000
645.968994	2024.000000
646.156555	2027.000000
646.344116	2035.000000
646.531677	2007.000000
646.719238	1982.000000
646.906799	1930.000000
647.094360	1892.000000
647.281921	1921.000000
647.469482	1920.000000
647.657104	1916.000000
647.844666	1932.000000
648.032227	1932.000000
648.219849	1935.000000
648.407410	2003.000000
648.594971	2029.000000
648.782593	1985.000000
648.970154	1880.000000
649.157776	1871.000000
649.345337	1966.000000
649.532959	2095.000000
649.720520	2117.000000
649.908142	2140.000000
650.095703	2207.000000
650.283325	2196.000000
650.470886	2177.000000
650.658447	2150.000000
650.846069	2122.000000
651.033691	1928.000000
651.221252	1799.000000
651.408875	1800.000000
651.596497	1978.000000
651.784058	2028.000000
651.971619	2027.000000
652.159241	2099.000000
652.346863	2199.000000
652.534485	2236.000000
652.722107	2114.000000
652.909668	2047.000000
653.097290	2068.000000
653.284912	2132.000000
653.472534	2135.000000
653.660156	2130.000000
653.847778	2067.000000
654.035400	2066.000000
654.223022	1965.000000
654.410645	1959.000000
654.598267	2034.000000
654.785889	2006.000000
654.973511	1934.000000
655.161133	1912.000000
655.348755	1914.000000
655.536377	1871.000000
655.723999	1608.000000
655.911621	1491.000000
656.099243	1689.000000
656.286865	1842.000000
656.474548	1901.000000
656.662109	1922.000000
656.849731	1974.000000
657.037415	2002.000000
657.225037	2014.000000
657.412659	2094.000000
657.600342	2160.000000
657.787964	2107.000000
657.975586	2098.000000
658.163269	2060.000000
658.350891	2113.000000
658.538574	2182.000000
658.726196	2128.000000
658.913879	2078.000000
659.101501	2164.000000
659.289185	2166.000000
659.476807	2118.000000
659.664490	2135.000000
659.852112	2185.000000
660.039795	2193.000000
660.227417	2170.000000
660.415039	2184.000000
660.602722	2216.000000
660.790405	2228.000000
660.978027	2195.000000
661.165710	2183.000000
661.353394	2259.000000
661.541016	2251.000000
661.728638	2200.000000
661.916321	2204.000000
662.104004	2231.000000
662.291687	2208.000000
662.479370	2195.000000
662.666992	2164.000000
662.854675	2189.000000
663.042358	2172.000000
663.230042	2174.000000
663.417725	2180.000000
663.605408	2243.000000
663.793091	2175.000000
663.980774	2153.000000
664.168457	2181.000000
664.356140	2225.000000
664.543823	2217.000000
664.731506	2178.000000
664.919189	2205.000000
665.106812	2215.000000
665.294556	2218.000000
665.482239	2186.000000
665.669922	2182.000000
665.857605	2181.000000
666.045288	2190.000000
666.233032	2147.000000
666.420654	2194.000000
666.608337	2235.000000
666.796021	2204.000000
666.983765	2180.000000
667.171448	2154.000000
667.359131	2166.000000
667.546875	2174.000000
667.734558	2174.000000
667.922241	2172.000000
668.109985	2212.000000
668.297668	2235.000000
668.485413	2169.000000
668.673096	2187.000000
668.860840	2212.000000
669.048523	2191.000000
669.236267	2189.000000
669.423950	2147.000000
669.611694	2199.000000
669.799377	2198.000000
669.987061	2129.000000
670.174744	2130.000000
670.362488	2228.000000
670.550232	2165.000000
670.737915	2154.000000
670.925659	2159.000000
671.113403	2162.000000
671.301025	2135.000000
671.488770	2126.000000
671.676514	2122.000000
671.864258	2192.000000
672.052002	2172.000000
672.239685	2138.000000
672.427429	2122.000000
672.615173	2195.000000
672.802917	2188.000000
672.990662	2145.000000
673.178406	2146.000000
673.366089	2152.000000
673.553833	2155.000000
673.741577	2143.000000
673.929321	2138.000000
674.117065	2141.000000
674.304810	2152.000000
674.492554	2106.000000
674.680298	2094.000000
674.867981	2144.000000
675.055725	2117.000000
675.243530	2081.000000
675.431274	2143.000000
675.619019	2154.000000
675.806763	2159.000000
675.994507	2118.000000
676.182190	2108.000000
676.369934	2117.000000
676.557739	2134.000000
676.745483	2085.000000
676.933228	2105.000000
677.120972	2149.000000
677.308777	2138.000000
677.496521	2109.000000
677.684265	2084.000000
677.872070	2134.000000
678.059814	2117.000000
678.247559	2073.000000
678.435364	2062.000000
678.623108	2114.000000
678.810852	2119.000000
678.998657	2069.000000
679.186401	2051.000000
679.374207	2101.000000
679.561951	2090.000000
679.749695	2061.000000
679.937439	2055.000000
680.125244	2060.000000
680.312988	2089.000000
680.500793	2032.000000
680.688538	2027.000000
680.876343	2077.000000
681.064087	2072.000000
681.251831	2016.000000
681.439636	2038.000000
681.627441	2074.000000
681.815186	2059.000000
682.002991	1998.000000
682.190796	2018.000000
682.378540	2034.000000
682.566345	2073.000000
682.754150	2002.000000
682.941956	2017.000000
683.129700	2031.000000
683.317505	2029.000000
683.505310	1935.000000
683.693115	1888.000000
683.880920	1973.000000
684.068726	1998.000000
684.256531	1944.000000
684.444275	1975.000000
684.632019	2022.000000
684.819824	1991.000000
685.007629	1940.000000
685.195435	1910.000000
685.383240	1954.000000
685.571045	1972.000000
685.758850	1900.000000
685.946594	1869.000000
686.134399	1744.000000
686.322205	1248.000000
686.510071	904.000000
686.697876	778.000000
686.885681	805.000000
687.073486	839.000000
687.261292	943.000000
687.449097	1103.000000
687.636902	1393.000000
687.824768	1495.000000
688.012573	1363.000000
688.200378	1260.000000
688.388184	1230.000000
688.576050	1221.000000
688.763855	1158.000000
688.951660	1173.000000
689.139526	1213.000000
689.327332	1290.000000
689.515076	1254.000000
689.702942	1298.000000
689.890747	1338.000000
690.078552	1368.000000
690.266418	1378.000000
690.454224	1364.000000
690.642090	1504.000000
690.829834	1470.000000
691.017700	1451.000000
691.205505	1481.000000
691.393372	1513.000000
691.581177	1547.000000
691.769043	1450.000000
691.956848	1415.000000
692.144714	1510.000000
692.332520	1461.000000
692.520386	1340.000000
692.708191	1319.000000
692.896057	1399.000000
693.083923	1450.000000
693.271729	1388.000000
693.459595	1297.000000
693.647461	1283.000000
693.835266	1338.000000
694.023132	1416.000000
694.210999	1422.000000
694.398804	1418.000000
694.586609	1459.000000
694.774475	1449.000000
694.962341	1426.000000
695.150208	1434.000000
695.338074	1445.000000
695.525940	1391.000000
695.713684	1466.000000
695.901550	1590.000000
696.089417	1656.000000
696.277283	1707.000000
696.465149	1721.000000
696.653015	1696.000000
696.840881	1735.000000
697.028748	1659.000000
697.216614	1610.000000
697.404480	1632.000000
697.592346	1647.000000
697.780212	1602.000000
697.968079	1576.000000
698.155945	1551.000000
698.343811	1456.000000
698.531677	1375.000000
698.719543	1377.000000
698.907410	1411.000000
699.095276	1514.000000
699.283142	1424.000000
699.471008	1413.000000
699.658875	1555.000000
699.846741	1474.000000
700.034607	1304.000000
700.222534	1326.000000
700.410400	1397.000000
700.598206	1404.000000
700.786072	1434.000000
700.973999	1408.000000
701.161865	1353.000000
701.349731	1416.000000
701.537598	1389.000000
701.725525	1388.000000
701.913391	1439.000000
702.101257	1399.000000
702.289185	1311.000000
702.477051	1431.000000
702.664978	1587.000000
702.852844	1662.000000
703.040771	1636.000000
703.228638	1526.000000
703.416504	1481.000000
703.604431	1502.000000
703.792297	1519.000000
703.980225	1555.000000
704.168030	1608.000000
704.355957	1587.000000
704.543884	1472.000000
704.731750	1400.000000
704.919678	1472.000000
705.107544	1495.000000
705.295471	1456.000000
705.483276	1467.000000
705.671204	1504.000000
705.859131	1520.000000
706.046997	1450.000000
706.234924	1453.000000
706.422852	1577.000000
706.610779	1536.000000
706.798645	1502.000000
706.986572	1502.000000
707.174500	1515.000000
707.362366	1498.000000
707.550293	1453.000000
707.738220	1520.000000
707.926147	1579.000000
708.114075	1588.000000
708.301941	1468.000000
708.489868	1485.000000
708.677795	1564.000000
708.865723	1542.000000
709.053589	1512.000000
709.241516	1499.000000
709.429443	1529.000000
709.617371	1526.000000
709.805298	1497.000000
709.993225	1478.000000
710.181152	1532.000000
710.369019	1545.000000
710.556946	1476.000000
710.744873	1526.000000
710.932800	1583.000000
711.120728	1579.000000
711.308655	1504.000000
711.496582	1514.000000
711.684509	1552.000000
711.872437	1558.000000
712.060364	1526.000000
712.248291	1488.000000
712.436218	1485.000000
712.624146	1454.000000
712.812134	1441.000000
713.000061	1481.000000
713.187988	1550.000000
713.375916	1528.000000
713.563843	1462.000000
713.751831	1429.000000
713.939697	1478.000000
714.127625	1429.000000
714.315552	1337.000000
714.503540	1302.000000
714.691467	1360.000000
714.879395	1383.000000
715.067322	1328.000000
715.255249	1293.000000
715.443176	1384.000000
715.631165	1316.000000
715.819092	1185.000000
716.007019	1057.000000
716.195007	990.000000
716.382935	916.000000
716.570862	818.000000
716.758850	752.000000
716.946777	807.000000
717.134766	793.000000
717.322693	752.000000
717.510681	809.000000
717.698608	860.000000
717.886597	818.000000
718.074524	664.000000
718.262512	696.000000
718.450439	817.000000
718.638428	761.000000
718.826355	690.000000
719.014282	693.000000
719.202271	737.000000
719.390198	703.000000
719.578186	652.000000
719.766174	666.000000
719.954102	712.000000
720.142029	754.000000
720.330017	790.000000
720.517944	890.000000
720.705933	1048.000000
720.893921	1100.000000
721.081848	1049.000000
721.269836	1008.000000
721.457825	1134.000000
721.645813	1160.000000
721.833740	1071.000000
722.021729	1056.000000
722.209717	1057.000000
722.397705	1067.000000
722.585693	931.000000
722.773682	804.000000
722.961609	802.000000
723.149597	803.000000
723.337585	807.000000
723.525574	787.000000
723.713501	821.000000
723.901489	832.000000
724.089478	770.000000
724.277466	802.000000
724.465454	829.000000
724.653442	782.000000
724.841431	735.000000
725.029358	809.000000
725.217346	846.000000
725.405334	844.000000
725.593323	780.000000
725.781311	734.000000
725.969299	760.000000
726.157288	848.000000
726.345276	848.000000
726.533264	856.000000
726.721252	910.000000
726.909241	837.000000
727.097229	660.000000
727.285217	669.000000
727.473206	788.000000
727.661255	833.000000
727.849243	904.000000
728.037231	947.000000
728.225220	958.000000
728.413208	856.000000
728.601135	710.000000
728.789185	670.000000
728.977173	792.000000
729.165161	876.000000
729.353149	872.000000
729.541199	848.000000
729.729187	821.000000
729.917114	789.000000
730.105164	799.000000
730.293152	810.000000
730.481140	832.000000
730.669189	822.000000
730.857178	809.000000
731.045166	793.000000
731.233215	823.000000
731.421204	910.000000
731.609192	959.000000
731.797241	1022.000000
731.985229	1078.000000
732.173279	1074.000000
732.361267	1040.000000
732.549316	1018.000000
732.737305	1045.000000
732.925293	1057.000000
733.113342	1059.000000
733.301331	1131.000000
733.489319	1212.000000
733.677307	1206.000000
733.865356	1104.000000
734.053406	1106.000000
734.241394	1129.000000
734.429443	1099.000000
734.617432	1077.000000
734.805420	1035.000000
734.993408	1112.000000
735.181458	1113.000000
735.369507	1049.000000
735.557495	1000.000000
735.745544	1051.000000
735.933594	1056.000000
736.121582	1017.000000
736.309631	1029.000000
736.497681	1084.000000
736.685669	1122.000000
736.873718	1102.000000
737.061768	1123.000000
737.249756	1159.000000
737.437805	1175.000000
737.625854	1095.000000
737.813904	1067.000000
738.001892	1154.000000
738.189941	1133.000000
738.377930	1077.000000
738.565979	1075.000000
738.754028	1161.000000
738.942017	1150.000000
739.130066	1114.000000
739.318115	1132.000000
739.506165	1170.000000
739.694153	1202.000000
739.882202	1185.000000
740.070251	1185.000000
740.258240	1217.000000
740.446289	1206.000000
740.634338	1163.000000
740.822388	1153.000000
741.010437	1223.000000
741.198486	1214.000000
741.386536	1187.000000
741.574585	1195.000000
741.762634	1242.000000
741.950684	1206.000000
742.138733	1171.000000
742.326782	1196.000000
742.514832	1268.000000
742.702881	1298.000000
742.890930	1228.000000
743.078979	1240.000000
743.266968	1280.000000
743.455017	1251.000000
743.643066	1207.000000
743.831116	1206.000000
744.019165	1253.000000
744.207275	1264.000000
744.395325	1210.000000
744.583313	1202.000000
744.771362	1279.000000
744.959412	1249.000000
745.147461	1202.000000
745.335510	1217.000000
745.523621	1272.000000
745.711670	1252.000000
745.899719	1205.000000
746.087769	1215.000000
746.275818	1252.000000
746.463928	1244.000000
746.651978	1208.000000
746.840027	1199.000000
747.028076	1262.000000
747.216187	1258.000000
747.404236	1197.000000
747.592285	1198.000000
747.780334	1233.000000
747.968445	1242.000000
748.156433	1199.000000
748.344482	1198.000000
748.532593	1245.000000
748.720642	1227.000000
748.908691	1171.000000
749.096802	1160.000000
749.284851	1212.000000
749.472900	1243.000000
749.660950	1172.000000
749.848999	1169.000000
750.037109	1219.000000
750.225159	1202.000000
750.413269	1140.000000
750.601318	1148.000000
750.789368	1192.000000
750.977478	1210.000000
751.165527	1148.000000
751.353638	1142.000000
751.541687	1190.000000
751.729797	1179.000000
751.917847	1139.000000
752.105957	1132.000000
752.294006	1172.000000
752.482117	1190.000000
752.670166	1143.000000
752.858276	1126.000000
753.046265	1187.000000
753.234375	1190.000000
753.422485	1140.000000
753.610535	1118.000000
753.798645	1186.000000
753.986694	1172.000000
754.174805	1115.000000
754.362854	1135.000000
754.550903	1162.000000
754.739014	1160.000000
754.927124	1111.000000
755.115173	1100.000000
755.303284	1134.000000
755.491394	1169.000000
755.679443	1089.000000
755.867554	1107.000000
756.055664	1169.000000
756.243713	1142.000000
756.431824	1069.000000
756.619934	1072.000000
756.807983	1102.000000
756.996094	1130.000000
757.184204	1054.000000
757.372314	1061.000000
757.560364	1110.000000
757.748474	1100.000000
757.936523	1032.000000
758.124634	1020.000000
758.312744	1064.000000
758.500793	1047.000000
758.688904	867.000000
758.877014	694.000000
759.065125	588.000000
759.253174	462.000000
759.441284	330.000000
759.629333	281.000000
759.817444	299.000000
760.005554	302.000000
760.193665	242.000000
760.381775	236.000000
760.569885	298.000000
760.757996	300.000000
760.946106	286.000000
761.134216	357.000000
761.322327	466.000000
761.510437	451.000000
761.698486	366.000000
761.886597	338.000000
762.074707	326.000000
762.262817	354.000000
762.450928	278.000000
762.639038	274.000000
762.827087	322.000000
763.015198	332.000000
763.203308	290.000000
763.391418	306.000000
763.579529	383.000000
763.767639	361.000000
763.955750	350.000000
764.143860	368.000000
764.331970	399.000000
764.520081	465.000000
764.708191	422.000000
764.896301	430.000000
765.084412	540.000000
765.272522	543.000000
765.460632	512.000000
765.648743	565.000000
765.836853	630.000000
766.024963	666.000000
766.213135	661.000000
766.401245	671.000000
766.589355	774.000000
766.777466	812.000000
766.965576	773.000000
767.153687	782.000000
767.341858	884.000000
767.529968	894.000000
767.718018	831.000000
767.906128	888.000000
768.094238	919.000000
768.282410	919.000000
768.470520	887.000000
768.658630	901.000000
768.846741	948.000000
769.034851	952.000000
769.222961	912.000000
769.411072	911.000000
769.599182	995.000000
769.787354	999.000000
769.975464	951.000000
770.163574	937.000000
770.351746	1003.000000
770.539856	993.000000
770.727966	945.000000
770.916138	932.000000
771.104248	984.000000
771.292358	1001.000000
771.480530	930.000000
771.668640	938.000000
771.856750	1010.000000
772.044922	1003.000000
772.233032	939.000000
772.421143	945.000000
772.609253	1022.000000
772.797363	987.000000
772.985535	985.000000
773.173645	958.000000
773.361755	1008.000000
773.549927	990.000000
773.738037	952.000000
773.926147	933.000000
774.114258	982.000000
774.302429	969.000000
774.490540	927.000000
774.678650	940.000000
774.866821	1005.000000
775.054932	998.000000
775.243103	942.000000
775.431213	930.000000
775.619385	994.000000
775.807495	970.000000
775.995667	937.000000
776.183777	950.000000
776.371948	998.000000
776.560059	987.000000
776.748230	905.000000
776.936340	916.000000
777.124512	984.000000
777.312683	965.000000
777.500732	918.000000
777.688904	914.000000
777.877014	970.000000
778.065186	975.000000
778.253296	912.000000
778.441467	911.000000
778.629639	964.000000
778.817688	972.000000
779.005859	901.000000
779.193970	900.000000
779.382141	944.000000
779.570312	938.000000
779.758423	913.000000
779.946594	905.000000
780.134766	954.000000
780.322876	967.000000
780.511047	890.000000
780.699219	887.000000
780.887329	966.000000
781.075500	942.000000
781.263672	898.000000
781.451782	889.000000
781.639954	960.000000
781.828125	941.000000
782.016235	897.000000
782.204407	901.000000
782.392517	932.000000
782.580688	939.000000
782.768799	874.000000
782.956970	861.000000
783.145142	917.000000
783.333313	917.000000
783.521423	870.000000
783.709534	848.000000
783.897705	898.000000
784.085876	893.000000
784.273987	861.000000
784.462158	839.000000
784.650330	898.000000
784.838501	904.000000
785.026672	844.000000
785.214783	853.000000
785.402954	904.000000
785.591125	890.000000
785.779297	805.000000
785.967468	791.000000
786.155579	828.000000
786.343750	826.000000
786.531921	794.000000
786.720093	787.000000
786.908264	823.000000
787.096436	810.000000
787.284546	769.000000
787.472656	756.000000
787.660828	797.000000
787.848999	794.000000
788.037170	742.000000
788.225342	743.000000
788.413513	792.000000
788.601624	763.000000
788.789795	684.000000
788.977966	673.000000
789.166138	738.000000
789.354248	778.000000
789.542419	687.000000
789.730591	719.000000
789.918762	782.000000
790.106934	778.000000
790.295105	716.000000
790.483276	714.000000
790.671448	756.000000
790.859619	746.000000
791.047791	735.000000
791.235962	699.000000
791.424133	760.000000
791.612305	753.000000
791.800476	729.000000
791.988647	706.000000
792.176758	747.000000
792.364929	739.000000
792.553101	698.000000
792.741272	717.000000
792.929443	784.000000
793.117615	792.000000
793.305786	749.000000
793.493896	763.000000
793.682068	793.000000
793.870239	799.000000
794.058411	742.000000
794.246582	734.000000
794.434753	769.000000
794.622925	788.000000
794.811096	721.000000
794.999329	713.000000
795.187500	731.000000
795.375671	685.000000
795.563843	626.000000
795.752014	636.000000
795.940186	673.000000
796.128357	701.000000
796.316528	648.000000
796.504700	665.000000
796.692871	728.000000
796.881042	728.000000
797.069214	687.000000
797.257385	690.000000
797.445557	744.000000
797.633728	721.000000
797.821899	674.000000
798.010071	673.000000
798.198242	725.000000
798.386414	712.000000
798.574585	676.000000
798.762756	668.000000
798.950928	725.000000
799.139099	696.000000
799.327271	626.000000
799.515442	645.000000
799.703674	685.000000
799.891846	693.000000
800.080017	639.000000
800.268188	649.000000
800.456360	668.000000
800.644592	668.000000
800.832764	643.000000
801.020935	627.000000
801.209106	679.000000
801.397278	660.000000
801.585510	614.000000
801.773682	612.000000
801.961792	648.000000
802.149963	638.000000
802.338196	600.000000
802.526367	605.000000
802.714539	654.000000
802.902710	671.000000
803.090942	624.000000
803.279053	604.000000
803.467224	646.000000
803.655396	649.000000
803.843628	601.000000
804.031799	607.000000
804.219971	687.000000
804.408142	684.000000
804.596375	645.000000
804.784546	655.000000
804.972717	694.000000
805.160889	706.000000
805.349121	648.000000
805.537292	631.000000
805.725464	703.000000
805.913696	695.000000
806.101868	628.000000
806.290039	636.000000
806.478271	668.000000
806.666443	668.000000
806.854553	658.000000
807.042725	641.000000
807.230957	666.000000
807.419128	687.000000
807.607300	626.000000
807.795532	601.000000
807.983704	655.000000
808.171814	646.000000
808.360046	618.000000
808.548218	616.000000
808.736450	630.000000
808.924622	648.000000
809.112793	571.000000
809.301025	573.000000
809.489197	631.000000
809.677368	615.000000
809.865601	578.000000
810.053772	574.000000
810.241943	609.000000
810.430176	596.000000
810.618347	543.000000
810.806580	549.000000
810.994751	601.000000
811.182922	578.000000
811.371155	545.000000
811.559326	516.000000
811.747437	593.000000
811.935669	559.000000
812.123840	511.000000
812.312073	506.000000
812.500244	533.000000
812.688416	505.000000
812.876648	459.000000
813.064758	450.000000
813.252991	490.000000
813.441162	496.000000
813.629395	441.000000
813.817566	434.000000
814.005737	460.000000
814.193970	449.000000
814.382141	407.000000
814.570374	404.000000
814.758545	465.000000
814.946777	459.000000
815.134949	409.000000
815.323120	398.000000
815.511353	429.000000
815.699524	430.000000
815.887756	381.000000
816.075928	372.000000
816.264160	406.000000
816.452332	444.000000
816.640503	405.000000
816.828674	398.000000
817.016907	447.000000
817.205078	430.000000
817.393250	368.000000
817.581482	384.000000
817.769653	430.000000
817.957825	421.000000
818.145996	396.000000
818.334229	403.000000
818.522400	441.000000
818.710632	454.000000
818.898804	413.000000
819.087036	396.000000
819.275208	438.000000
819.463440	459.000000
819.651611	453.000000
819.839844	481.000000
820.028015	554.000000
820.216248	537.000000
820.404419	496.000000
820.592651	500.000000
820.780823	530.000000
820.969055	514.000000
821.157227	461.000000
821.345459	464.000000
821.533569	481.000000
821.721802	460.000000
821.909973	373.000000
822.098206	362.000000
822.286377	382.000000
822.474609	356.000000
822.662781	325.000000
822.850952	360.000000
823.039124	413.000000
823.227356	453.000000
823.415527	407.000000
823.603760	429.000000
823.791931	489.000000
823.980164	509.000000
824.168396	482.000000
824.356567	492.000000
824.544800	532.000000
824.732971	509.000000
824.921204	470.000000
825.109375	458.000000
825.297607	511.000000
825.485779	483.000000
825.674011	437.000000
825.862183	458.000000
826.050415	520.000000
826.238586	534.000000
826.426758	475.000000
826.614990	452.000000
826.803162	490.000000
826.991394	457.000000
827.179565	408.000000
827.367798	385.000000
827.555969	436.000000
827.744141	451.000000
827.932312	411.000000
828.120544	400.000000
828.308777	453.000000
828.496948	470.000000
828.685181	406.000000
828.873352	430.000000
829.061584	469.000000
829.249756	493.000000
829.437988	451.000000
829.626160	431.000000
829.814392	456.000000
830.002625	458.000000
830.190796	435.000000
830.379028	421.000000
830.567200	486.000000
830.755432	472.000000
830.943604	431.000000
831.131836	427.000000
831.320007	460.000000
831.508179	482.000000
831.696411	430.000000
831.884583	434.000000
832.072815	504.000000
832.260986	485.000000
832.449219	458.000000
832.637390	431.000000
832.825562	494.000000
833.013794	453.000000
833.201965	417.000000
833.390198	456.000000
833.578369	510.000000
833.766602	504.000000
833.954834	467.000000
834.143005	468.000000
834.331238	539.000000
834.519409	520.000000
834.707642	471.000000
834.895874	452.000000
835.084045	515.000000
835.272278	512.000000
835.460449	458.000000
835.648682	483.000000
835.836853	498.000000
836.025085	525.000000
836.213257	494.000000
836.401428	491.000000
836.589661	507.000000
836.777832	513.000000
836.966064	477.000000
837.154236	490.000000
837.342468	526.000000
837.530640	516.000000
837.718811	470.000000
837.907043	483.000000
838.095215	535.000000
838.283447	528.000000
838.471680	499.000000
838.659851	482.000000
838.848083	535.000000
839.036255	541.000000
839.224487	509.000000
839.412659	496.000000
839.600891	552.000000
839.789124	519.000000
839.977295	477.000000
840.165527	486.000000
840.353699	538.000000
840.541931	525.000000
840.730103	485.000000
840.918335	480.000000
841.106506	515.000000
841.294678	540.000000
841.482910	492.000000
841.671082	493.000000
841.859314	555.000000
842.047546	525.000000
842.235718	490.000000
842.423889	491.000000
842.612061	539.000000
842.800293	520.000000
842.988464	480.000000
843.176697	498.000000
843.364929	528.000000
843.553101	532.000000
843.741333	494.000000
843.929504	500.000000
844.117737	554.000000
844.305908	527.000000
844.494141	500.000000
844.682312	510.000000
844.870544	564.000000
845.058777	561.000000
845.246948	517.000000
845.435181	510.000000
845.623352	548.000000
845.811584	553.000000
845.999695	512.000000
846.187927	511.000000
846.376160	567.000000
846.564331	546.000000
846.752563	517.000000
846.940735	509.000000
847.128967	530.000000
847.317078	541.000000
847.505310	510.000000
847.693481	519.000000
847.881714	542.000000
848.069946	533.000000
848.258118	493.000000
848.446350	499.000000
848.634521	517.000000
848.822754	501.000000
849.010925	458.000000
849.199158	468.000000
849.387329	530.000000
849.575562	528.000000
849.763733	512.000000
849.951965	499.000000
850.140137	514.000000
850.328369	509.000000
850.516602	467.000000
850.704773	475.000000
850.892944	527.000000
851.081116	518.000000
851.269348	464.000000
851.457520	477.000000
851.645752	522.000000
851.833923	500.000000
852.022156	481.000000
852.210266	482.000000
852.398499	520.000000
852.586670	528.000000
852.774902	475.000000
852.963074	457.000000
853.151306	510.000000
853.339478	469.000000
853.527710	423.000000
853.715881	429.000000
853.904114	474.000000
854.092285	473.000000
854.280518	454.000000
854.468689	454.000000
854.656921	503.000000
854.845093	520.000000
855.033325	460.000000
855.221497	450.000000
855.409729	506.000000
855.597900	510.000000
855.786133	472.000000
855.974304	478.000000
856.162537	500.000000
856.350708	518.000000
856.538818	480.000000
856.726990	467.000000
856.915222	511.000000
857.103394	521.000000
857.291626	461.000000
857.479797	473.000000
857.667969	521.000000
857.856201	503.000000
858.044373	476.000000
858.232605	478.000000
858.420776	508.000000
858.609009	501.000000
858.797180	465.000000
858.985413	464.000000
859.173584	518.000000
859.361816	509.000000
859.549988	491.000000
859.738159	469.000000
859.926392	496.000000
860.114563	506.000000
860.302795	461.000000
860.490967	462.000000
860.679199	500.000000
860.867371	498.000000
861.055542	463.000000
861.243774	469.000000
861.431824	501.000000
861.620056	489.000000
861.808228	469.000000
861.996399	464.000000
862.184631	512.000000
862.372803	529.000000
862.561035	464.000000
862.749207	463.000000
862.937378	491.000000
863.125610	519.000000
863.313782	461.000000
863.502014	460.000000
863.690186	498.000000
863.878357	507.000000
864.066589	456.000000
864.254761	455.000000
864.442993	501.000000
864.631165	497.000000
864.819336	446.000000
865.007568	456.000000
865.195740	456.000000
865.383911	476.000000
865.572144	409.000000
865.760315	422.000000
865.948486	461.000000
866.136719	471.000000
866.324768	431.000000
866.512939	432.000000
866.701172	496.000000
866.889343	489.000000
867.077515	447.000000
867.265747	449.000000
867.453918	482.000000
867.642090	480.000000
867.830322	435.000000
868.018494	447.000000
868.206665	458.000000
868.394897	481.000000
868.583069	425.000000
868.771240	431.000000
868.959473	475.000000
869.147644	492.000000
869.335815	434.000000
869.523987	434.000000
869.712219	494.000000
869.900391	467.000000
870.088562	439.000000
870.276733	440.000000
870.464966	463.000000
870.653137	467.000000
870.841309	426.000000
871.029541	454.000000
871.217590	478.000000
871.405762	472.000000
871.593933	420.000000
871.782166	435.000000
871.970337	469.000000
872.158508	470.000000
872.346680	427.000000
872.534851	446.000000
872.723083	469.000000
872.911255	482.000000
873.099426	426.000000
873.287598	422.000000
873.475830	468.000000
873.664001	464.000000
873.852173	416.000000
874.040344	414.000000
874.228516	445.000000
874.416748	448.000000
874.604919	428.000000
874.793091	416.000000
874.981262	463.000000
875.169434	464.000000
875.357605	407.000000
875.545837	427.000000
875.734009	457.000000
875.922180	469.000000
876.110229	418.000000
876.298401	404.000000
876.486572	461.000000
876.674805	452.000000
876.862976	420.000000
877.051147	407.000000
877.239319	448.000000
877.427490	452.000000
877.615662	413.000000
877.803833	400.000000
877.992004	460.000000
878.180176	460.000000
878.368408	398.000000
878.556580	417.000000
878.744751	448.000000
878.932922	451.000000
879.121094	405.000000
879.309265	392.000000
879.497437	441.000000
879.685608	434.000000
879.873779	425.000000
880.061951	387.000000
880.250122	434.000000
880.438293	445.000000
880.626465	418.000000
880.814636	402.000000
881.002747	430.000000
881.190918	433.000000
881.379089	391.000000
881.567261	405.000000
881.755432	435.000000
881.943604	447.000000
882.131775	410.000000
882.319946	398.000000
882.508118	434.000000
882.696289	433.000000
882.884460	397.000000
883.072632	415.000000
883.260803	426.000000
883.448975	402.000000
883.637146	396.000000
883.825317	410.000000
884.013428	436.000000
884.201599	433.000000
884.389771	390.000000
884.577942	389.000000
884.766113	438.000000
884.954285	411.000000
885.142456	385.000000
885.330627	383.000000
885.518799	407.000000
885.706970	408.000000
885.895020	372.000000
886.083191	377.000000
886.271362	422.000000
886.459534	428.000000
886.647644	376.000000
886.835815	381.000000
887.023987	426.000000
887.212158	414.000000
887.400330	369.000000
887.588501	376.000000
887.776672	415.000000
887.964783	416.000000
888.152954	380.000000
888.341125	393.000000
888.529297	401.000000
888.717468	417.000000
888.905640	376.000000
889.093750	358.000000
889.281921	410.000000
889.470093	400.000000
889.658264	388.000000
889.846436	361.000000
890.034546	416.000000
890.222717	397.000000
890.410889	363.000000
890.599060	372.000000
890.787109	409.000000
890.975220	414.000000
891.163391	372.000000
891.351562	354.000000
891.539734	409.000000
891.727844	394.000000
891.916016	367.000000
892.104187	346.000000
892.292358	371.000000
892.480469	360.000000
892.668640	336.000000
892.856812	335.000000
893.044922	391.000000
893.233093	358.000000
893.421265	316.000000
893.609375	325.000000
893.797546	373.000000
893.985718	355.000000
894.173828	306.000000
894.362000	319.000000
894.550171	348.000000
894.738281	338.000000
894.926453	319.000000
895.114624	295.000000
895.302734	325.000000
895.490906	317.000000
895.678894	272.000000
895.867065	287.000000
896.055237	321.000000
896.243347	332.000000
896.431519	264.000000
896.619629	265.000000
896.807800	328.000000
896.995972	310.000000
897.184082	277.000000
897.372253	267.000000
897.560364	319.000000
897.748535	327.000000
897.936646	266.000000
898.124817	259.000000
898.312927	318.000000
898.501099	294.000000
898.689209	277.000000
898.877380	262.000000
899.065491	313.000000
899.253662	282.000000
899.441772	265.000000
899.629944	268.000000
899.818054	283.000000
900.006226	289.000000
900.194336	254.000000
900.382507	250.000000
900.570496	295.000000
900.758667	290.000000
900.946777	276.000000
901.134888	259.000000
901.323059	295.000000
901.511169	286.000000
901.699341	255.000000
901.887451	258.000000
902.075562	286.000000
902.263733	320.000000
902.451843	264.000000
902.640015	277.000000
902.828125	329.000000
903.016235	327.000000
903.204407	279.000000
903.392517	289.000000
903.580627	330.000000
903.768799	346.000000
903.956909	308.000000
904.145020	301.000000
904.333130	325.000000
904.521301	329.000000
904.709412	290.000000
904.897522	285.000000
905.085693	328.000000
905.273804	318.000000
905.461792	269.000000
905.649902	273.000000
905.838074	326.000000
906.026184	306.000000
906.214294	264.000000
906.402405	269.000000
906.590576	298.000000
906.778687	294.000000
906.966797	257.000000
907.154907	244.000000
907.343018	297.000000
907.531189	278.000000
907.719299	262.000000
907.907410	252.000000
908.095520	301.000000
908.283630	296.000000
908.471741	264.000000
908.659851	250.000000
908.848022	292.000000
909.036133	290.000000
909.224243	252.000000
909.412354	251.000000
909.600464	294.000000
909.788574	286.000000
909.976685	257.000000
910.164795	254.000000
910.352783	310.000000
910.540894	297.000000
910.729004	260.000000
910.917114	246.000000
911.105225	314.000000
911.293335	304.000000
911.481445	257.000000
911.669556	249.000000
911.857666	311.000000
912.045776	297.000000
912.233887	251.000000
912.421997	250.000000
912.610107	295.000000
912.798218	276.000000
912.986328	252.000000
913.174438	237.000000
913.362549	310.000000
913.550659	298.000000
913.738770	254.000000
913.926880	255.000000
914.114990	302.000000
914.303101	287.000000
914.491211	241.000000
914.679321	248.000000
914.867371	290.000000
915.055481	300.000000
915.243469	238.000000
915.431580	244.000000
915.619690	283.000000
915.807800	283.000000
915.995850	246.000000
916.183960	248.000000
916.372070	284.000000
916.560181	293.000000
916.748291	236.000000
916.936340	262.000000
917.124451	286.000000
917.312561	292.000000
917.500671	265.000000
917.688721	240.000000
917.876831	281.000000
918.064941	295.000000
918.253052	259.000000
918.441101	248.000000
918.629211	312.000000
918.817322	309.000000
919.005371	261.000000
919.193481	274.000000
919.381592	305.000000
919.569641	284.000000
919.757751	260.000000
919.945862	270.000000
920.133789	291.000000
920.321899	326.000000
920.509949	265.000000
920.698059	264.000000
920.886169	302.000000
921.074219	304.000000
921.262329	267.000000
921.450378	260.000000
921.638489	299.000000
921.826538	293.000000
922.014648	262.000000
922.202759	282.000000
922.390808	289.000000
922.578918	306.000000
922.766968	262.000000
922.955078	254.000000
923.143127	308.000000
923.331238	298.000000
923.519287	248.000000
923.707336	270.000000
923.895447	296.000000
924.083496	282.000000
924.271606	254.000000
924.459656	243.000000
924.647766	290.000000
924.835815	297.000000
925.023743	250.000000
925.211853	263.000000
925.399902	297.000000
925.588013	297.000000
925.776062	270.000000
925.964111	281.000000
926.152222	299.000000
926.340271	282.000000
926.528320	252.000000
926.716370	252.000000
926.904480	297.000000
927.092529	278.000000
927.280579	238.000000
927.468689	244.000000
927.656738	283.000000
927.844788	275.000000
928.032837	248.000000
928.220947	229.000000
928.408997	251.000000
928.597046	268.000000
928.785095	254.000000
928.973145	218.000000
929.161255	253.000000
929.349304	272.000000
929.537354	246.000000
929.725403	232.000000
929.913330	269.000000
930.101379	269.000000
930.289429	214.000000
930.477539	221.000000
930.665588	273.000000
930.853638	244.000000
931.041687	234.000000
931.229736	220.000000
931.417786	266.000000
931.605835	258.000000
931.793884	221.000000
931.981934	219.000000
932.169983	272.000000
932.358032	264.000000
932.546082	220.000000
932.734131	234.000000
932.922180	267.000000
933.110229	270.000000
933.298279	217.000000
933.486328	209.000000
933.674377	253.000000
933.862427	251.000000
934.050476	241.000000
934.238525	209.000000
934.426575	270.000000
934.614563	256.000000
934.802490	221.000000
934.990540	218.000000
935.178589	262.000000
935.366638	248.000000
935.554687	227.000000
935.742676	220.000000
935.930725	261.000000
936.118774	280.000000
936.306824	221.000000
936.494873	212.000000
936.682861	258.000000
936.870911	254.000000
937.058960	215.000000
937.247009	222.000000
937.434998	266.000000
937.623047	248.000000
937.811096	216.000000
937.999146	228.000000
938.187134	251.000000
938.375183	256.000000
938.563232	221.000000
938.751221	224.000000
938.939270	278.000000
939.127258	263.000000
939.315308	212.000000
939.503357	240.000000
939.691223	260.000000
939.879272	250.000000
940.067261	225.000000
940.255310	224.000000
940.443359	257.000000
940.631348	278.000000
940.819397	234.000000
941.007385	214.000000
941.195435	277.000000
941.383423	253.000000
941.571472	228.000000
941.759460	239.000000
941.947510	269.000000
942.135498	246.000000
942.323486	224.000000
942.511536	220.000000
942.699524	261.000000
942.887573	261.000000
943.075562	224.000000
943.263550	210.000000
943.451599	255.000000
943.639587	248.000000
943.827637	211.000000
944.015625	244.000000
944.203613	273.000000
944.391663	248.000000
944.579529	217.000000
944.767517	219.000000
944.955505	258.000000
945.143555	276.000000
945.331543	227.000000
945.519531	217.000000
945.707520	250.000000
945.895569	249.000000
946.083557	223.000000
946.271545	231.000000
946.459534	259.000000
946.647522	262.000000
946.835571	224.000000
947.023560	218.000000
947.211548	255.000000
947.399536	260.000000
947.587524	230.000000
947.775513	221.000000
947.963501	278.000000
948.151489	260.000000
948.339478	227.000000
948.527527	219.000000
948.715515	254.000000
948.903503	260.000000
949.091492	229.000000
949.279480	214.000000
949.467346	252.000000
949.655334	257.000000
949.843323	231.000000
950.031311	220.000000
950.219299	264.000000
950.407227	245.000000
950.595215	211.000000
950.783203	225.000000
950.971191	255.000000
951.159180	241.000000
951.347168	214.000000
951.535156	212.000000
951.723145	259.000000
951.911133	267.000000
952.099060	209.000000
952.287048	226.000000
952.475037	260.000000
952.663025	247.000000
952.851013	225.000000
953.038940	223.000000
953.226929	249.000000
953.414917	252.000000
953.602905	223.000000
953.790833	227.000000
953.978821	265.000000
954.166809	254.000000
954.354614	230.000000
954.542603	220.000000
954.730591	270.000000
954.918518	251.000000
955.106506	218.000000
955.294495	237.000000
955.482422	254.000000
955.670410	246.000000
955.858337	235.000000
956.046326	228.000000
956.234253	247.000000
956.422241	261.000000
956.610168	216.000000
956.798157	217.000000
956.986084	269.000000
957.174072	240.000000
957.362000	220.000000
957.549988	236.000000
957.737915	254.000000
957.925903	262.000000
958.113831	224.000000
958.301819	233.000000
958.489746	249.000000
958.677673	256.000000
958.865662	240.000000
959.053589	221.000000
959.241455	256.000000
959.429382	240.000000
959.617310	226.000000
959.805237	221.000000
959.993225	253.000000
960.181152	257.000000
960.369080	220.000000
960.557068	227.000000
960.744995	252.000000
960.932922	246.000000
961.120850	235.000000
961.308777	235.000000
961.496765	257.000000
961.684692	254.000000
961.872620	235.000000
962.060547	221.000000
962.248474	257.000000
962.436401	257.000000
962.624329	235.000000
962.812317	220.000000
963.000244	276.000000
963.188171	258.000000
963.376099	233.000000
963.564026	230.000000
963.751953	274.000000
963.939880	252.000000
964.127686	223.000000
964.315613	238.000000
964.503540	263.000000
964.691467	255.000000
964.879395	236.000000
965.067322	232.000000
965.255249	264.000000
965.443115	277.000000
965.631042	228.000000
965.818970	222.000000
966.006897	249.000000
966.194824	274.000000
966.382751	232.000000
966.570679	236.000000
966.758545	263.000000
966.946472	262.000000
967.134399	248.000000
967.322327	234.000000
967.510193	272.000000
967.698120	265.000000
967.886047	234.000000
968.073975	241.000000
968.261841	272.000000
968.449768	264.000000
968.637695	236.000000
968.825562	236.000000
969.013367	287.000000
969.201294	272.000000
969.389160	243.000000
969.577087	256.000000
969.764954	280.000000
969.952881	259.000000
970.140747	250.000000
970.328674	248.000000
970.516602	269.000000
970.704468	280.000000
970.892395	263.000000
971.080261	239.000000
971.268188	285.000000
971.456055	267.000000
971.643921	244.000000
971.831848	245.000000
972.019714	265.000000
972.207642	277.000000
972.395508	242.000000
972.583374	234.000000
972.771301	265.000000
972.959167	269.000000
973.147034	235.000000
973.334961	226.000000
973.522827	262.000000
973.710693	259.000000
973.898499	239.000000
974.086365	234.000000
974.274231	258.000000
974.462097	254.000000
974.649963	235.000000
974.837891	222.000000
975.025757	264.000000
975.213623	255.000000
975.401489	226.000000
975.589355	245.000000
975.777222	265.000000
975.965088	248.000000
976.153015	261.000000
976.340881	240.000000
976.528748	267.000000
976.716614	272.000000
976.904480	229.000000
977.092346	251.000000
977.280212	264.000000
977.468079	270.000000
977.655945	237.000000
977.843811	244.000000
978.031677	258.000000
978.219543	256.000000
978.407349	228.000000
978.595215	230.000000
978.782959	289.000000
978.970825	269.000000
979.158691	234.000000
979.346558	223.000000
979.534424	284.000000
979.722229	282.000000
979.910095	250.000000
980.097961	258.000000
980.285828	278.000000
980.473633	256.000000
980.661499	236.000000
980.849365	239.000000
981.037231	273.000000
981.225037	271.000000
981.412903	237.000000
981.600769	239.000000
981.788574	286.000000
981.976440	277.000000
982.164246	240.000000
982.352112	247.000000
982.539978	272.000000
982.727783	264.000000
982.915649	248.000000
983.103455	252.000000
983.291321	266.000000
983.479126	270.000000
983.666870	251.000000
983.854675	237.000000
984.042542	285.000000
984.230347	271.000000
984.418152	238.000000
984.606018	258.000000
984.793823	286.000000
984.981689	265.000000
985.169495	246.000000
985.357300	247.000000
985.545166	289.000000
985.732971	275.000000
985.920776	271.000000
986.108582	244.000000
986.296448	278.000000
986.484253	289.000000
986.672058	256.000000
986.859863	244.000000
987.047668	274.000000
987.235535	278.000000
987.423340	262.000000
987.611145	255.000000
987.798950	286.000000
987.986755	278.000000
988.174561	260.000000
988.362366	252.000000
988.550049	272.000000
988.737854	276.000000
988.925659	248.000000
989.113464	247.000000
989.301270	285.000000
989.489075	280.000000
989.676880	248.000000
989.864685	258.000000
990.052490	268.000000
990.240295	294.000000
990.428101	244.000000
990.615906	244.000000
990.803711	293.000000
990.991516	277.000000
991.179321	261.000000
991.367065	256.000000
991.554871	280.000000
991.742676	266.000000
991.930481	251.000000
992.118225	249.000000
992.306030	274.000000
992.493835	293.000000
992.681641	254.000000
992.869385	262.000000
993.057190	289.000000
993.244995	267.000000
993.432617	243.000000
993.620422	242.000000
993.808167	296.000000
993.995972	270.000000
994.183777	254.000000
994.371521	252.000000
994.559326	284.000000
994.747070	281.000000
994.934875	254.000000
995.122620	243.000000
995.310425	284.000000
995.498169	279.000000
995.685974	246.000000
995.873718	248.000000
996.061462	277.000000
996.249268	274.000000
996.437012	252.000000
996.624756	246.000000
996.812561	276.000000
997.000305	275.000000
997.188049	260.000000
997.375854	247.000000
997.563599	282.000000
997.751343	270.000000
997.939087	248.000000
998.126892	258.000000
998.314514	271.000000
998.502258	258.000000
998.690002	247.000000
998.877747	253.000000
999.065491	287.000000
999.253235	276.000000
999.440979	254.000000
999.628784	248.000000
999.816528	286.000000
1000.004272	258.000000
1000.192017	0.000000
1000.379761	0.000000
1000.567505	0.000000
1000.755249	0.000000
1000.942993	0.000000
1001.130676	0.000000
1001.318420	0.000000
1001.506165	0.000000
1001.693909	0.000000
1001.881653	0.000000
1002.069397	0.000000
1002.257141	0.000000
1002.444824	0.000000
1002.632568	0.000000
1002.820312	0.000000
1003.008057	0.000000
1003.195679	0.000000
1003.383362	0.000000
1003.571106	0.000000
1003.758850	0.000000
1003.946533	0.000000
1004.134277	0.000000
1004.322021	0.000000
1004.509705	0.000000
1004.697449	0.000000
1004.885132	0.000000
1005.072876	0.000000
1005.260559	0.000000
1005.448303	0.000000
1005.635986	0.000000
1005.823730	0.000000
1006.011414	0.000000
1006.199158	0.000000
1006.386841	0.000000
1006.574585	0.000000
1006.762268	0.000000
1006.949951	0.000000
1007.137695	0.000000
1007.325378	0.000000
1007.513062	0.000000
1007.700806	0.000000
1007.888489	0.000000
1008.076050	0.000000
1008.263794	0.000000
1008.451477	0.000000
1008.639160	0.000000
1008.826843	0.000000
1009.014526	0.000000
1009.202271	0.000000
1009.389954	0.000000
1009.577637	0.000000
1009.765320	0.000000
1009.953003	0.000000
1010.140686	0.000000
1010.328369	0.000000
1010.516052	0.000000
1010.703735	0.000000
1010.891418	0.000000
1011.079102	0.000000
1011.266785	0.000000
1011.454468	0.000000
1011.642151	0.000000
1011.829834	0.000000
1012.017517	0.000000
1012.205139	0.000000
1012.392822	0.000000
1012.580505	0.000000
1012.768188	0.000000
1012.955750	0.000000
1013.143372	0.000000
1013.331055	0.000000
1013.518738	0.000000
1013.706421	0.000000
1013.894043	0.000000
1014.081726	0.000000
1014.269409	0.000000
1014.457031	0.000000
1014.644714	0.000000
1014.832336	0.000000
1015.020020	0.000000
1015.207703	0.000000
