339.61327788 0.0
340.06583261 0.0
340.51844356 0.0
340.97111069 0.0
341.42383397 0.0
341.87661336 0.0
342.32944883 0.0
342.78234033 0.0
343.23528784 0.0
343.68829131 0.0
344.1413507 0.0
344.59446599 0.0
345.04763714 0.0
345.5008641 0.0
345.95414684 0.0
346.40748532 0.0
346.86087951 0.0
347.31432937 0.0
347.76783486 0.0
348.22139595 0.0
348.6750126 0.0
349.12868478 0.0
349.58241244 0.0
350.03619554 71.0
350.49003406 261.0
350.94392796 236.333333333
351.3978772 237.5
351.85188173 243.333333333
352.30594153 233.5
352.76005657 246.0
353.21422679 253.5
353.66845217 228.333333333
354.12273266 249.0
354.57706824 236.0
355.03145886 246.0
355.48590449 249.5
355.94040509 240.0
356.39496062 251.0
356.84957105 235.333333333
357.30423634 237.0
357.75895646 242.333333333
358.21373136 230.5
358.66856102 246.0
359.12344538 230.0
359.57838442 243.666666667
360.03337811 266.0
360.48842639 238.333333333
360.94352924 245.5
361.39868662 260.0
361.8538985 222.5
362.30916483 251.333333333
362.76448558 250.0
363.21986071 252.0
363.67529018 250.0
364.13077397 239.5
364.58631202 265.666666667
365.04190431 259.5
365.4975508 253.333333333
365.95325145 278.5
366.40900623 259.666666667
366.86481509 272.5
367.32067801 285.333333333
367.77659494 265.0
368.23256584 286.666666667
368.68859069 289.5
369.14466944 285.0
369.60080206 321.0
370.05698851 309.0
370.51322875 301.5
370.96952275 325.333333333
371.42587047 308.5
371.88227187 330.0
372.33872691 313.333333333
372.79523557 331.0
373.2517978 336.333333333
373.70841357 316.5
374.16508283 349.333333333
374.62180556 344.5
375.07858171 359.333333333
375.53541125 395.0
375.99229415 377.0
376.44923035 414.5
376.90621984 432.0
377.36326257 430.5
377.8203585 461.0
378.2775076 446.5
378.73470984 438.0
379.19196516 466.5
379.64927355 464.333333333
380.10663495 480.0
380.56404934 494.333333333
381.02151668 459.0
381.47903693 462.666666667
381.93661005 439.0
382.394236 432.5
382.85191476 441.666666667
383.30964628 438.0
383.76743053 485.666666667
384.22526746 532.5
384.68315705 545.0
385.14109926 577.0
385.59909404 548.333333333
386.05714137 569.5
386.5152412 592.666666667
386.97339351 569.5
387.43159824 601.666666667
387.88985537 604.0
388.34816486 625.0
388.80652667 692.5
389.26494076 691.333333333
389.7234071 729.0
390.18192566 756.333333333
390.64049638 755.0
391.09911925 780.333333333
391.55779422 744.5
392.01652125 683.333333333
392.4753003 627.5
392.93413135 567.333333333
393.39301436 592.5
393.85194927 696.333333333
394.31093607 786.0
394.76997472 847.5
395.22906517 832.333333333
395.68820739 795.0
396.14740134 702.0
396.60664699 655.0
397.06594429 762.0
397.52529322 902.0
397.98469374 1027.33333333
398.44414581 1116.0
398.90364938 1140.66666667
399.36320444 1178.0
399.82281093 1215.66666667
400.28246882 1217.5
400.74217808 1274.33333333
401.20193867 1291.5
401.66175054 1330.66666667
402.12161368 1356.0
402.58152803 1335.66666667
403.04149356 1358.5
403.50151023 1375.66666667
403.96157802 1351.0
404.42169687 1371.0
404.88186676 1388.5
405.34208764 1377.0
405.80235949 1397.0
406.26268226 1388.0
406.72305591 1401.0
407.18348042 1452.66666667
407.64395574 1459.5
408.10448183 1541.66666667
408.56505866 1562.0
409.0256862 1534.0
409.4863644 1470.0
409.94709324 1449.66666667
410.40787266 1524.5
410.86870264 1638.66666667
411.32958314 1662.0
411.79051412 1692.66666667
412.25149554 1648.0
412.71252738 1640.33333333
413.17360958 1691.0
413.63474212 1674.0
414.09592496 1696.0
414.55715806 1692.5
415.01844138 1706.66666667
415.4797749 1760.0
415.94115856 1747.0
416.40259233 1766.0
416.86407619 1741.0
417.32561008 1661.5
417.78719398 1713.66666667
418.24882784 1709.5
418.71051164 1710.33333333
419.17224533 1720.0
419.63402887 1718.66666667
420.09586223 1739.0
420.55774538 1809.33333333
421.01967827 1807.0
421.48166087 1820.0
421.94369315 1770.5
422.40577506 1735.0
422.86790657 1764.5
423.33008764 1774.0
423.79231823 1807.5
424.25459832 1832.33333333
424.71692786 1800.5
425.17930681 1818.66666667
425.64173514 1853.5
426.10421281 1848.66666667
426.56673978 1848.5
427.02931602 1787.66666667
427.4919415 1809.0
427.95461617 1860.0
428.41733999 1831.0
428.88011294 1781.0
429.34293497 1684.5
429.80580604 1571.0
430.26872613 1545.0
430.73169519 1624.33333333
431.19471319 1871.5
431.65778008 2030.66666667
432.12089584 2037.5
432.58406043 2079.66666667
433.0472738 2120.0
433.51053593 2026.0
433.97384677 2025.5
434.4372063 2077.66666667
434.90061446 2202.5
435.36407123 2238.33333333
435.82757657 2316.5
436.29113044 2373.33333333
436.75473281 2353.0
437.21838363 2300.0
437.68208288 2261.0
438.14583051 2174.0
438.60962648 2192.5
439.07347077 2310.33333333
439.53736333 2306.5
440.00130413 2360.33333333
440.46529314 2400.5
440.9293303 2491.33333333
441.39341559 2622.0
441.85754898 2626.0
442.32173041 2619.5
442.78595986 2615.33333333
443.2502373 2616.0
443.71456267 2658.0
444.17893595 2687.0
444.64335711 2667.33333333
445.10782609 2665.5
445.57234287 2589.0
446.03690741 2637.0
446.50151967 2736.33333333
446.96617962 2806.0
447.43088721 2841.66666667
447.89564242 2808.0
448.3604452 2818.66666667
448.82529553 2920.0
449.29019335 2904.0
449.75513864 3002.0
450.22013135 3071.33333333
450.68517146 3073.5
451.15025892 3069.33333333
451.6153937 3035.5
452.08057576 2964.0
452.54580506 2893.5
453.01108157 2843.0
453.47640525 2949.0
453.94177607 3028.33333333
454.40719398 2989.0
454.87265895 3006.66666667
455.33817095 3061.33333333
455.80372993 3077.5
456.26933586 3151.0
456.7349887 3160.0
457.20068842 3123.0
457.66643498 3105.0
458.13222835 3041.33333333
458.59806847 3077.5
459.06395533 3087.0
459.52988888 3055.5
459.99586908 3105.66666667
460.4618959 3147.0
460.92796931 3191.0
461.39408926 3247.0
461.86025571 3250.66666667
462.32646864 3268.0
462.792728 3259.0
463.25903377 3199.0
463.72538589 3235.0
464.19178433 3227.0
464.65822906 3234.0
465.12472005 3306.5
465.59125725 3346.0
466.05784062 3295.5
466.52447013 3219.33333333
466.99114575 3206.0
467.45786744 3319.66666667
467.92463515 3337.5
468.39144886 3347.66666667
468.85830852 3407.0
469.3252141 3359.0
469.79216557 3332.5
470.25916288 3298.0
470.726206 3327.5
471.19329489 3417.33333333
471.66042952 3508.0
472.12760985 3525.33333333
472.59483583 3471.5
473.06210745 3409.33333333
473.52942465 3439.5
473.9967874 3466.33333333
474.46419567 3488.5
474.93164941 3494.66666667
475.3991486 3461.5
475.86669319 3444.66666667
476.33428315 3429.33333333
476.80191844 3455.0
477.26959902 3531.66666667
477.73732486 3588.0
478.20509592 3546.0
478.67291216 3523.5
479.14077355 3567.33333333
479.60868006 3568.0
480.07663163 3577.66666667
480.54462824 3583.5
481.01266985 3601.0
481.48075642 3655.5
481.94888792 3656.0
482.4170643 3631.0
482.88528554 3643.0
483.3535516 3649.5
483.82186243 3634.0
484.29021801 3624.0
484.75861829 3608.33333333
485.22706324 3524.0
485.69555282 3219.33333333
486.16408699 3174.5
486.63266573 3387.0
487.10128898 3478.0
487.56995672 3576.66666667
488.03866891 3591.5
488.50742551 3535.0
488.97622648 3546.0
489.44507179 3639.66666667
489.91396139 3686.33333333
490.38289527 3679.5
490.85187337 3648.33333333
491.32089566 3612.5
491.7899621 3543.66666667
492.25907266 3566.0
492.7282273 3654.66666667
493.19742598 3638.5
493.66666867 3587.66666667
494.13595533 3659.5
494.60528591 3685.33333333
495.0746604 3670.0
495.54407874 3608.0
496.01354091 3622.5
496.48304686 3662.33333333
496.95259656 3656.5
497.42218997 3659.0
497.89182706 3588.0
498.36150779 3524.66666667
498.83123211 3595.5
499.301 3621.66666667
499.77081142 3557.5
500.24066633 3482.66666667
500.71056469 3452.0
501.18050648 3400.0
501.65049164 3388.33333333
502.12052014 3415.5
502.59059195 3422.33333333
503.06070704 3445.0
503.53086535 3280.0
504.00106686 3253.0
504.47131154 3395.0
504.94159933 3429.5
505.41193021 3509.33333333
505.88230414 3547.0
506.35272109 3496.0
506.82318101 3485.5
507.29368386 3467.0
507.76422962 3423.5
508.23481825 3475.0
508.7054497 3565.0
509.17612395 3590.0
509.64684095 3535.5
510.11760067 3561.33333333
510.58840307 3596.66666667
511.05924812 3624.0
511.53013577 3665.33333333
512.001066 3648.0
512.47203875 3572.0
512.94305401 3577.0
513.41411173 3580.33333333
513.88521187 3528.0
514.3563544 3549.33333333
514.82753927 3577.5
515.29876647 3605.33333333
515.77003593 3639.5
516.24134764 3445.33333333
516.71270155 3144.0
517.18409763 3232.66666667
517.65553584 3447.0
518.12701614 3324.33333333
518.5985385 3400.66666667
519.07010287 3482.5
519.54170923 3558.33333333
520.01335753 3584.0
520.48504774 3522.0
520.95677983 3583.5
521.42855375 3601.0
521.90036946 3621.5
522.37222694 3523.66666667
522.84412615 3451.5
523.31606704 3544.66666667
523.78804958 3600.0
524.26007374 3598.0
524.73213947 3581.0
525.20424675 3510.0
525.67639553 3522.5
526.14858578 3340.33333333
526.62081745 3123.0
527.09309052 3222.5
527.56540495 3398.66666667
528.0377607 3387.0
528.51015773 3457.33333333
528.98259601 3515.0
529.4550755 3396.66666667
529.92759616 3381.5
530.40015795 3427.33333333
530.87276085 3463.0
531.34540481 3429.0
531.81808979 3353.5
532.29081576 3255.33333333
532.76358269 3126.5
533.23639053 3303.33333333
533.70923924 3320.33333333
534.1821288 3303.0
534.65505917 3333.66666667
535.1280303 3421.0
535.60104217 3455.66666667
536.07409473 3398.5
536.54718794 3287.66666667
537.02032178 3234.5
537.4934962 3366.66666667
537.96671117 3364.5
538.43996665 3330.66666667
538.91326261 3309.0
539.386599 3207.66666667
539.85997579 3182.33333333
540.33339294 3112.0
540.80685042 3092.0
541.28034819 3168.5
541.75388622 3189.0
542.22746446 3130.0
542.70108287 3155.33333333
543.17474144 3111.5
543.6484401 3167.66666667
544.12217884 3229.0
544.59595761 3127.66666667
545.06977637 3156.0
545.5436351 3137.33333333
546.01753374 3104.0
546.49147227 3114.66666667
546.96545065 3142.33333333
547.43946884 3026.0
547.9135268 3084.33333333
548.3876245 3135.0
548.86176191 3124.0
549.33593897 3158.5
549.81015567 3127.33333333
550.28441195 3106.5
550.75870779 3121.0
551.23304315 3072.0
551.70741799 3165.66666667
552.18183227 3145.5
552.65628595 3040.66666667
553.13077901 3077.33333333
553.6053114 3086.0
554.07988309 3099.0
554.55449403 3142.5
555.0291442 3110.0
555.50383356 3079.0
555.97856206 3069.33333333
556.45332968 2969.5
556.92813637 2978.33333333
557.4029821 2970.0
557.87786683 2974.33333333
558.35279053 2886.0
558.82775315 2821.0
559.30275467 2883.66666667
559.77779504 2852.0
560.25287423 2865.66666667
560.72799221 2966.0
561.20314892 2855.0
561.67834435 2763.0
562.15357844 2806.66666667
562.62885117 2807.0
563.10416249 2819.66666667
563.57951238 2755.0
564.05490079 2764.0
564.53032769 2751.66666667
565.00579303 2752.0
565.48129679 2639.66666667
565.95683893 2646.5
566.4324194 2675.66666667
566.90803818 2668.5
567.38369523 2670.33333333
567.8593905 2592.5
568.33512397 2482.66666667
568.81089559 2454.5
569.28670533 2480.66666667
569.76255316 2442.33333333
570.23843902 2453.5
570.7143629 2340.66666667
571.19032475 2385.0
571.66632453 2404.66666667
572.14236222 2390.5
572.61843776 2419.0
573.09455113 2371.0
573.57070228 2370.33333333
574.04689119 2375.5
574.52311781 2308.66666667
574.99938211 2288.66666667
575.47568405 2308.0
575.95202359 2286.33333333
576.4284007 2316.0
576.90481534 2325.33333333
577.38126747 2301.0
577.85775706 2312.0
578.33428407 2265.0
578.81084846 2302.66666667
579.2874502 2371.33333333
579.76408925 2414.0
580.24076557 2429.33333333
580.71747912 2488.0
581.19422988 2498.66666667
581.6710178 2524.0
582.14784284 2576.0
582.62470497 2558.0
583.10160416 2609.66666667
583.57854035 2622.0
584.05551353 2638.0
584.53252365 2614.66666667
585.00957067 2592.0
585.48665456 2531.0
585.96377529 2513.5
586.4409328 2509.0
586.91812708 2505.5
587.39535807 2468.66666667
587.87262575 2295.0
588.34993007 2185.0
588.82727101 1943.33333333
589.30464852 1909.0
589.78206256 1995.33333333
590.25951311 2170.5
590.73700012 2170.33333333
591.21452355 2200.5
591.69208338 2086.33333333
592.16967956 2099.5
592.64731205 2219.33333333
593.12498082 2208.0
593.60268584 2238.33333333
594.08042706 2064.0
594.55820445 1958.5
595.03601797 2129.0
595.51386759 2136.0
595.99175326 2197.66666667
596.46967496 2197.5
596.94763264 2151.33333333
597.42562627 2160.0
597.90365581 2174.33333333
598.38172122 2171.66666667
598.85982248 2157.5
599.33795953 2191.33333333
599.81613235 2180.0
600.29434089 2188.33333333
600.77258513 2182.5
601.25086501 2192.66666667
601.72918052 2211.0
602.20753161 2182.0
602.68591823 2256.33333333
603.16434037 2297.5
603.64279797 2283.0
604.12129101 2282.5
604.59981945 2293.33333333
605.07838324 2231.5
605.55698236 2277.66666667
606.03561676 2296.0
606.51428641 2266.33333333
606.99299127 2307.33333333
607.47173131 2287.0
607.95050648 2266.66666667
608.42931676 2286.5
608.9081621 2279.66666667
609.38704248 2307.0
609.86595784 2273.0
610.34490816 2228.0
610.82389339 2302.66666667
611.30291351 2315.33333333
611.78196847 2259.0
612.26105823 2268.66666667
612.74018277 2301.0
613.21934204 2300.66666667
613.69853601 2234.5
614.17776464 2269.33333333
614.65702789 2309.0
615.13632573 2328.0
615.61565812 2272.0
616.09502502 2183.5
616.5744264 2228.33333333
617.05386221 2241.0
617.53333243 2317.0
618.01283702 2317.0
618.49237593 2316.66666667
618.97194914 2305.5
619.4515566 2284.0
619.93119828 2312.33333333
620.41087415 2367.5
620.89058415 2307.0
621.37032827 2237.5
621.85010646 2249.0
622.32991868 2253.0
622.8097649 2226.66666667
623.28964508 2226.66666667
623.76955919 2187.0
624.24950718 2172.33333333
624.72948902 2154.0
625.20950468 2099.0
625.68955412 2132.5
626.16963729 2134.0
626.64975417 2141.5
627.12990471 2090.66666667
627.61008889 1760.33333333
628.09030666 1813.0
628.57055798 1971.33333333
629.05084283 1928.5
629.53116115 1952.0
630.01151293 1953.5
630.49189811 2012.33333333
630.97231666 2027.0
631.45276855 1969.5
631.93325374 1974.66666667
632.41377219 2112.0
632.89432387 2113.0
633.37490873 2096.5
633.85552675 2126.0
634.33617788 2104.5
634.81686209 2183.0
635.29757934 2207.0
635.77832959 2135.5
636.25911281 2200.0
636.73992897 2217.0
637.22077801 2248.33333333
637.70165992 2282.0
638.18257464 2263.33333333
638.66352215 2295.33333333
639.1445024 2294.5
639.62551537 2252.0
640.10656101 2273.5
640.58763928 2279.66666667
641.06875016 2249.0
641.54989359 2282.33333333
642.03106956 2291.66666667
642.51227801 2306.5
642.99351892 2282.66666667
643.47479224 2308.0
643.95609794 2248.0
644.43743598 2293.0
644.91880633 2226.0
645.40020894 2197.0
645.88164379 2106.66666667
646.36311083 2028.66666667
646.84461003 1994.5
647.32614135 1914.33333333
647.80770476 1918.0
648.28930022 1933.0
648.77092768 2016.0
649.25258712 1912.0
649.7342785 2059.33333333
650.21600177 2173.5
650.69775691 2174.33333333
651.17954388 2025.0
651.66136264 1859.0
652.14321315 2027.5
652.62509538 2178.0
653.10700929 2076.33333333
653.58895484 2133.5
654.070932 2087.66666667
654.55294072 1962.0
655.03498098 1991.33333333
655.51705274 1913.0
655.99915595 1656.66666667
656.48129059 1810.66666667
656.96345661 1948.0
657.44565398 2036.66666667
657.92788266 2133.5
658.41014262 2090.33333333
658.89243382 2155.0
659.37475621 2136.0
659.85710978 2146.0
660.33949447 2181.5
660.82191025 2209.33333333
661.30435708 2189.0
661.78683493 2236.66666667
662.26934377 2217.5
662.75188354 2189.0
663.23445423 2178.33333333
663.71705578 2211.5
664.19968817 2169.66666667
664.68235136 2221.0
665.1650453 2199.33333333
665.64776997 2202.0
666.13052532 2184.33333333
666.61331133 2192.0
667.09612794 2192.0
667.57897514 2164.66666667
668.06185287 2173.0
668.5447611 2205.33333333
669.0276998 2199.5
669.51066893 2175.66666667
669.99366845 2175.33333333
670.47669833 2179.0
670.95975852 2159.33333333
671.442849 2148.5
671.92596972 2146.66666667
672.40912065 2155.0
672.89230175 2168.33333333
673.37551298 2147.66666667
673.85875431 2149.0
674.3420257 2143.66666667
674.82532712 2100.0
675.30865852 2114.0
675.79201988 2148.5
676.27541115 2128.33333333
676.75883229 2112.0
677.24228328 2127.0
677.72576406 2110.33333333
678.20927462 2125.5
678.6928149 2083.0
679.17638488 2094.0
679.65998451 2080.66666667
680.14361377 2058.66666667
680.6272726 2060.5
681.11096098 2058.66666667
681.59467887 2027.0
682.07842623 2043.66666667
682.56220303 2026.0
683.04600923 2030.66666667
683.52984478 1998.33333333
684.01370967 1930.5
684.49760384 1972.33333333
684.98152726 2006.5
685.46547989 1934.66666667
685.94946171 1913.66666667
686.43347266 1496.0
686.91751272 829.0
687.40158185 891.0
687.88568001 1330.33333333
688.36980716 1311.5
688.85396327 1203.0
689.33814829 1225.33333333
689.82236221 1276.0
690.30660496 1361.33333333
690.79087653 1434.0
691.27517687 1467.33333333
691.75950595 1530.0
692.24386373 1458.33333333
692.72825017 1373.33333333
693.21266523 1424.5
693.69710889 1322.66666667
694.18158109 1377.0
694.66608181 1433.0
695.15061101 1436.33333333
695.63516866 1418.0
696.1197547 1570.66666667
696.60436912 1714.0
697.08901187 1696.66666667
697.57368291 1621.0
698.05838221 1608.33333333
698.54310973 1460.66666667
699.02786544 1394.0
699.51264929 1450.33333333
699.99746125 1514.5
700.48230129 1342.33333333
700.96716936 1419.0
701.45206544 1392.33333333
701.93698948 1405.33333333
702.42194144 1355.0
702.9069213 1560.0
703.391929 1581.0
703.87696453 1500.66666667
704.36202783 1583.33333333
704.84711888 1436.0
705.33223763 1474.33333333
705.81738405 1485.5
706.30255811 1474.33333333
706.78775976 1556.5
707.27298897 1506.33333333
707.7582457 1490.33333333
708.24352991 1583.5
708.72884158 1505.66666667
709.21418065 1527.0
709.6995471 1518.0
710.18494089 1502.33333333
710.67036198 1510.5
711.15581034 1562.66666667
711.64128592 1509.0
712.12678869 1545.33333333
712.61231862 1486.5
713.09787566 1458.66666667
713.58345979 1513.33333333
714.06907095 1453.5
714.55470913 1356.0
715.04037427 1371.5
715.52606635 1335.0
716.01178533 1186.0
716.49753116 953.0
716.98330382 792.333333333
717.46910326 772.5
717.95492946 829.0
718.44078236 680.0
718.92666194 756.0
719.41256816 711.0
719.89850098 659.0
720.38446037 752.0
720.87044629 969.0
721.3564587 1052.33333333
721.84249756 1121.66666667
722.32856284 1056.5
722.8146545 934.0
723.30077251 802.5
723.78691682 805.0
724.27308741 801.0
724.75928423 804.333333333
725.24550724 796.666666667
725.73175642 812.0
726.21803172 780.666666667
726.70433311 852.0
727.19066055 802.333333333
727.677014 763.333333333
728.16339343 925.5
728.6497988 841.333333333
729.13623007 731.0
729.62268721 865.333333333
730.10917018 803.0
730.59567893 821.0
731.08221345 808.0
731.56877369 866.5
732.0553596 1019.66666667
732.54197116 1057.0
733.02860834 1040.0
733.51527108 1134.0
734.00195936 1155.0
734.48867313 1111.33333333
734.97541237 1056.0
735.46217703 1091.33333333
735.94896708 1035.66666667
736.43578248 1023.0
736.9226232 1102.66666667
737.40948919 1141.0
737.89638043 1112.33333333
738.38329686 1121.33333333
738.87023847 1118.0
739.3572052 1132.0
739.84419703 1186.0
740.33121392 1195.66666667
740.81825582 1184.5
741.30532271 1196.66666667
741.79241455 1208.0
742.27953129 1188.5
742.76667291 1254.0
743.25383936 1234.0
743.74103061 1246.0
744.22824663 1241.0
744.71548737 1206.0
745.2027528 1243.33333333
745.69004288 1244.5
746.17735758 1224.0
746.66469685 1234.66666667
747.15206067 1230.5
747.63944899 1217.66666667
748.12686178 1237.5
748.614299 1214.0
749.10176061 1186.0
749.58924659 1227.5
750.07675688 1186.66666667
750.56429146 1171.0
751.05185028 1183.33333333
751.53943332 1145.0
752.02704053 1169.33333333
752.51467187 1164.66666667
753.00232732 1134.5
753.49000683 1172.33333333
753.97771036 1152.0
754.46543789 1140.66666667
754.95318936 1144.33333333
755.44096476 1117.0
755.92876403 1121.66666667
756.41658715 1155.5
756.90443407 1081.0
757.39230476 1081.66666667
757.88019918 1105.0
758.3681173 1038.66666667
758.85605908 957.0
759.34402448 581.333333333
759.83201346 303.333333333
760.32002599 272.0
760.80806203 278.0
761.29612155 321.5
761.78420451 427.666666667
762.27231086 339.333333333
762.76044058 276.0
763.24859363 314.666666667
763.73676997 344.5
764.22496956 359.666666667
764.71319237 428.666666667
765.20143836 485.0
765.68970749 540.0
766.17799973 648.0
766.66631504 702.0
767.15465338 789.0
767.64301472 889.0
768.13139902 879.333333333
768.61980624 903.0
769.10823635 933.666666667
769.5966893 911.5
770.08516507 981.666666667
770.57366361 977.666666667
771.06218489 938.5
771.55072888 971.666666667
772.03929553 974.0
772.5278848 962.333333333
773.01649667 998.0
773.50513109 983.0
773.99378804 958.333333333
774.48246746 975.5
774.97116932 957.333333333
775.4598936 956.666666667
775.94864024 982.0
776.43740922 961.666666667
776.9262005 946.0
777.41501403 955.0
777.90384979 934.0
778.39270774 943.5
778.88158784 949.0
779.37049004 900.5
779.85941433 931.666666667
780.34836066 942.0
780.83732898 888.5
781.32631928 935.333333333
781.8153315 924.5
782.30436562 913.0
782.79342159 915.0
783.28249938 889.0
783.77159895 878.333333333
784.26072027 895.5
784.74986329 866.0
785.23902799 867.0
785.72821432 897.0
786.21742225 808.0
786.70665174 810.0
787.19590276 806.666666667
787.68517526 774.0
788.17446922 768.0
788.66378459 766.0
789.15312133 678.5
789.64247942 734.333333333
790.13185881 759.666666667
790.62125947 715.0
791.11068135 745.666666667
791.60012443 729.5
792.08958867 729.333333333
792.57907402 728.0
793.06858046 750.5
793.55810795 768.0
794.04765644 796.0
794.53722591 748.333333333
795.02681631 740.666666667
795.51642762 708.0
796.00605978 645.0
796.49571277 674.5
796.98538655 707.0
797.47508108 707.0
797.96479632 697.5
798.45453224 703.333333333
798.94428881 672.0
799.43406597 682.333333333
799.92386371 674.333333333
800.41368198 644.0
800.90352074 659.666666667
801.39337996 653.0
801.8832596 628.666666667
802.37315962 628.666666667
802.86307999 629.5
803.35302067 633.0
803.84298163 647.5
804.33296282 631.666666667
804.82296421 661.333333333
805.31298576 700.0
805.80302744 660.666666667
806.29308921 653.0
806.78317103 668.0
807.27327287 655.0
807.76339468 656.5
808.25353644 634.0
808.74369811 621.333333333
809.23387964 609.5
809.724081 606.333333333
810.21430216 576.0
810.70454308 582.666666667
811.19480372 576.0
811.68508405 530.5
812.17538402 554.333333333
812.6657036 519.5
813.15604276 471.333333333
813.64640146 475.666666667
814.13677965 447.0
814.62717731 420.0
815.1175944 462.0
815.60803088 412.0
816.09848671 394.333333333
816.58896185 425.0
817.07945628 416.666666667
817.56996995 399.0
818.06050283 411.666666667
818.55105488 413.333333333
819.04162606 433.5
819.53221633 431.0
820.02282567 467.0
820.51345402 529.0
821.00410137 514.666666667
821.49476766 462.5
821.98545286 438.0
822.47615694 366.666666667
822.96687986 342.5
