333.0513 0.0
333.235016 0.0
333.418732 0.0
333.602448 0.0
333.786163 0.0
333.969879 0.0
334.153625 0.0
334.337372 0.0
334.521088 0.0
334.704834 0.0
334.88855 0.0
335.072327 0.0
335.256073 0.0
335.439819 0.0
335.623596 0.0
335.807343 0.0
335.991119 0.0
336.174866 0.0
336.358643 0.0
336.542419 0.0
336.726196 0.0
336.909973 0.0
337.09375 0.0
337.277527 0.0
337.461304 0.0
337.645111 0.0
337.828918 0.0
338.012726 0.0
338.196533 0.0
338.380341 0.0
338.564117 0.0
338.747925 0.0
338.931763 0.0
339.11557 0.0
339.299408 0.0
339.483215 0.0
339.667023 0.0
339.850861 0.0
340.034698 0.0
340.218536 0.0
340.402405 0.0
340.586243 0.0
340.770111 0.0
340.953918 0.0
341.137787 0.0
341.321655 0.0
341.505524 0.0
341.689392 0.0
341.87326 0.0
342.057098 0.0
342.240967 0.0
342.424866 0.0
342.608734 0.0
342.792633 0.0
342.976532 0.0
343.160431 0.0
343.344299 0.0
343.528198 0.0
343.712097 0.0
343.895996 0.0
344.079926 0.0
344.263824 0.0
344.447723 0.0
344.631653 0.0
344.815552 0.0
344.999481 0.0
345.183411 0.0
345.367371 0.0
345.5513 0.0
345.735199 0.0
345.919159 0.0
346.103088 0.0
346.287048 0.0
346.471008 0.0
346.654968 0.0
346.838898 0.0
347.022858 0.0
347.206818 0.0
347.390778 0.0
347.574768 0.0
347.758728 0.0
347.942719 0.0
348.126678 0.0
348.310669 0.0
348.494659 0.0
348.67865 0.0
348.86264 0.0
349.046631 0.0
349.230591 0.0
349.414612 0.0
349.598602 0.0
349.782623 0.0
349.966644 176.0
350.150665 177.0
350.334686 174.0
350.518677 179.0
350.702698 176.0
350.886749 173.0
351.07077 175.0
351.254822 175.0
351.438843 170.0
351.622864 174.0
351.806915 168.0
351.990967 172.0
352.175018 175.0
352.35907 175.0
352.543121 176.0
352.727203 172.0
352.911224 175.0
353.095306 172.0
353.279358 178.0
353.46344 174.0
353.647522 170.0
353.831604 177.0
354.015656 174.0
354.199738 176.0
354.38385 184.0
354.567932 176.0
354.752045 173.0
354.936127 180.0
355.120239 170.0
355.304321 172.0
355.488434 182.0
355.672546 178.0
355.856659 170.0
356.040771 179.0
356.224915 177.0
356.408997 169.0
356.59314 176.0
356.777252 172.0
356.961395 168.0
357.145538 172.0
357.329681 182.0
357.513824 168.0
357.697937 172.0
357.882111 174.0
358.066254 174.0
358.250397 174.0
358.43457 171.0
358.618744 171.0
358.802887 177.0
358.987061 171.0
359.171234 174.0
359.355408 177.0
359.539581 178.0
359.723755 180.0
359.907959 178.0
360.092102 178.0
360.276306 171.0
360.46051 177.0
360.644684 178.0
360.828888 172.0
361.013092 177.0
361.197296 171.0
361.3815 172.0
361.565704 182.0
361.749939 176.0
361.934143 171.0
362.118378 175.0
362.302612 178.0
362.486786 172.0
362.671021 183.0
362.855255 177.0
363.03952 170.0
363.223755 182.0
363.40799 172.0
363.592224 170.0
363.776459 182.0
363.960724 173.0
364.144989 169.0
364.329254 182.0
364.513519 182.0
364.697784 172.0
364.882019 177.0
365.066284 173.0
365.25058 167.0
365.434845 174.0
365.619141 171.0
365.803436 172.0
365.987701 176.0
366.171967 176.0
366.356262 174.0
366.540558 175.0
366.724884 171.0
366.90918 169.0
367.093445 175.0
367.277771 179.0
367.462097 173.0
367.646393 174.0
367.830719 175.0
368.015045 174.0
368.199371 176.0
368.383698 173.0
368.567993 170.0
368.75235 175.0
368.936676 170.0
369.121033 171.0
369.305359 178.0
369.489685 170.0
369.674042 176.0
369.858398 183.0
370.042755 176.0
370.227112 172.0
370.411469 179.0
370.595856 174.0
370.780212 175.0
370.964569 181.0
371.148926 172.0
371.333313 170.0
371.5177 177.0
371.702087 174.0
371.886444 174.0
372.070831 181.0
372.255219 171.0
372.439636 171.0
372.624023 181.0
372.808441 174.0
372.992828 168.0
373.177246 173.0
373.361633 176.0
373.546051 174.0
373.730469 176.0
373.914886 175.0
374.099304 168.0
374.283722 176.0
374.46814 175.0
374.652588 169.0
374.837006 175.0
375.021454 177.0
375.205902 172.0
375.39035 180.0
375.574799 175.0
375.759216 175.0
375.943665 174.0
376.128143 176.0
376.312592 177.0
376.49707 174.0
376.681488 172.0
376.865967 169.0
377.050446 178.0
377.234924 171.0
377.419403 175.0
377.603882 176.0
377.788361 175.0
377.97287 173.0
378.157318 173.0
378.341827 175.0
378.526306 173.0
378.710815 179.0
378.895325 180.0
379.079803 174.0
379.264313 176.0
379.448822 175.0
379.633331 172.0
379.817841 176.0
380.00238 177.0
380.18689 178.0
380.371429 179.0
380.555939 173.0
380.740479 175.0
380.924988 180.0
381.109528 173.0
381.294098 171.0
381.478607 177.0
381.663147 180.0
381.847717 170.0
382.032257 179.0
382.216827 179.0
382.401367 171.0
382.585937 179.0
382.770508 175.0
382.955048 172.0
383.139618 180.0
383.324188 178.0
383.508789 171.0
383.693359 177.0
383.87793 178.0
384.0625 171.0
384.247101 178.0
384.431702 180.0
384.616302 174.0
384.800903 174.0
384.985504 180.0
385.170105 172.0
385.354675 181.0
385.539276 178.0
385.723907 177.0
385.908508 182.0
386.09314 178.0
386.27774 176.0
386.462372 181.0
386.647003 179.0
386.831635 176.0
387.016266 188.0
387.200897 193.0
387.385559 217.0
387.57019 256.0
387.754791 270.0
387.939453 295.0
388.124115 322.0
388.308777 338.0
388.493439 325.0
388.67807 310.0
388.862732 294.0
389.047394 270.0
389.232056 236.0
389.416748 202.0
389.60141 175.0
389.786102 184.0
389.970795 180.0
390.155426 177.0
390.340118 179.0
390.524811 184.0
390.709503 173.0
390.894196 182.0
391.078888 177.0
391.26358 174.0
391.448303 183.0
391.632996 175.0
391.817719 174.0
392.002441 186.0
392.187134 181.0
392.371857 173.0
392.556549 173.0
392.741302 174.0
392.926025 175.0
393.110748 175.0
393.295502 176.0
393.480194 178.0
393.664948 173.0
393.84967 178.0
394.034424 173.0
394.219177 177.0
394.403931 173.0
394.588684 176.0
394.773468 178.0
394.958191 176.0
395.142944 173.0
395.327728 180.0
395.512482 180.0
395.697266 172.0
395.882019 187.0
396.066803 184.0
396.251587 178.0
396.436371 189.0
396.621155 176.0
396.805939 177.0
396.990723 178.0
397.175537 174.0
397.360291 172.0
397.545105 181.0
397.729919 172.0
397.914703 174.0
398.099518 176.0
398.284302 178.0
398.469116 170.0
398.653961 177.0
398.838776 180.0
399.02359 171.0
399.208435 174.0
399.39325 181.0
399.578094 170.0
399.762909 180.0
399.947754 177.0
400.132599 166.0
400.317444 176.0
400.502289 179.0
400.687103 173.0
400.871948 176.0
401.056824 174.0
401.241669 176.0
401.426544 182.0
401.61142 180.0
401.796265 184.0
401.98114 184.0
402.165985 188.0
402.350861 181.0
402.535767 186.0
402.720642 182.0
402.905518 177.0
403.090393 178.0
403.275269 173.0
403.460175 170.0
403.645081 175.0
403.829956 170.0
404.014862 172.0
404.199768 177.0
404.384674 177.0
404.56958 172.0
404.754486 181.0
404.939392 179.0
405.124329 172.0
405.309235 174.0
405.494141 173.0
405.679077 172.0
405.864014 177.0
406.04895 171.0
406.233887 170.0
406.418823 180.0
406.60376 175.0
406.788696 170.0
406.973633 175.0
407.158569 179.0
407.343536 169.0
407.528473 177.0
407.71344 173.0
407.898376 174.0
408.083344 181.0
408.268311 171.0
408.453278 170.0
408.638275 176.0
408.823242 173.0
409.008209 175.0
409.193207 172.0
409.378143 172.0
409.563141 168.0
409.748138 174.0
409.933136 180.0
410.118134 173.0
410.303101 181.0
410.488098 175.0
410.673096 173.0
410.858124 176.0
411.043121 176.0
411.228149 175.0
411.413147 184.0
411.598175 178.0
411.783173 173.0
411.968201 176.0
412.153229 176.0
412.338257 175.0
412.523285 176.0
412.708282 171.0
412.893341 171.0
413.078369 182.0
413.263428 172.0
413.448456 176.0
413.633514 179.0
413.818573 174.0
414.003632 167.0
414.18866 177.0
414.373718 174.0
414.558777 171.0
414.743835 180.0
414.928925 183.0
415.113953 167.0
415.299042 183.0
415.4841 170.0
415.669189 165.0
415.854279 178.0
416.039368 174.0
416.224457 168.0
416.409546 179.0
416.594604 179.0
416.779694 173.0
416.964813 179.0
417.149902 174.0
417.335022 172.0
417.520081 180.0
417.7052 175.0
417.89032 174.0
418.075439 172.0
418.260559 177.0
418.445679 175.0
418.630798 176.0
418.815918 171.0
419.001038 175.0
419.186157 174.0
419.371307 173.0
419.556427 176.0
419.741577 178.0
419.926697 177.0
420.111847 171.0
420.296997 179.0
420.482147 172.0
420.667297 177.0
420.852448 177.0
421.037628 173.0
421.222778 169.0
421.407928 179.0
421.593079 177.0
421.778259 173.0
421.96344 177.0
422.148621 170.0
422.333771 171.0
422.518951 180.0
422.704132 174.0
422.889313 171.0
423.074493 182.0
423.259705 175.0
423.444885 169.0
423.630096 180.0
423.815277 172.0
424.000458 174.0
424.185669 184.0
424.37088 178.0
424.556091 166.0
424.741272 177.0
424.926514 181.0
425.111725 171.0
425.296936 177.0
425.482178 178.0
425.667389 173.0
425.852631 177.0
426.037872 177.0
426.223083 171.0
426.408325 178.0
426.593567 176.0
426.778809 172.0
426.96405 176.0
427.149261 173.0
427.334534 176.0
427.519775 175.0
427.705048 173.0
427.890289 173.0
428.075562 184.0
428.260834 176.0
428.446106 170.0
428.631348 178.0
428.81662 180.0
429.001892 171.0
429.187164 175.0
429.372467 171.0
429.557709 170.0
429.743011 178.0
429.928284 173.0
430.113586 169.0
430.298889 186.0
430.484161 175.0
430.669464 173.0
430.854767 176.0
431.04007 171.0
431.225372 169.0
431.410675 179.0
431.596008 172.0
431.781311 172.0
431.966614 178.0
432.151917 176.0
432.33725 171.0
432.522583 175.0
432.707916 177.0
432.89325 170.0
433.078583 173.0
433.263916 179.0
433.449219 171.0
433.634583 182.0
433.819916 176.0
434.00528 170.0
434.190613 179.0
434.375946 175.0
434.56131 176.0
434.746674 179.0
434.932037 175.0
435.117401 172.0
435.302765 176.0
435.488129 177.0
435.673492 176.0
435.858856 177.0
436.04422 177.0
436.229614 176.0
436.415009 175.0
436.600372 176.0
436.785736 173.0
436.97113 173.0
437.156525 174.0
437.341919 172.0
437.527313 183.0
437.712738 172.0
437.898132 171.0
438.083527 180.0
438.268921 174.0
438.454346 179.0
438.63974 181.0
438.825165 175.0
439.01059 173.0
439.195984 179.0
439.381409 172.0
439.566833 169.0
439.752258 175.0
439.937683 176.0
440.123138 168.0
440.308563 178.0
440.494019 175.0
440.679413 171.0
440.864868 176.0
441.050323 177.0
441.235779 176.0
441.421234 180.0
441.606659 178.0
441.792114 174.0
441.97757 176.0
442.163055 176.0
442.348511 168.0
442.533997 176.0
442.719452 177.0
442.904938 167.0
443.090393 181.0
443.275848 178.0
443.461334 172.0
443.64682 175.0
443.832306 181.0
444.017792 174.0
444.203278 179.0
444.388763 176.0
444.57428 172.0
444.759766 178.0
444.945282 180.0
445.130768 175.0
445.316284 177.0
445.50177 179.0
445.687286 184.0
445.872803 192.0
446.058319 219.0
446.243835 241.0
446.429321 260.0
446.614868 280.0
446.800385 284.0
446.985931 274.0
447.171448 257.0
447.356995 224.0
447.542542 205.0
447.728088 178.0
447.913605 172.0
448.099152 180.0
448.284698 174.0
448.470245 172.0
448.655792 181.0
448.841339 174.0
449.026886 166.0
449.212463 178.0
449.39801 180.0
449.583588 165.0
449.769165 177.0
449.954712 178.0
450.140289 169.0
450.325836 175.0
450.511444 175.0
450.697021 169.0
450.882599 180.0
451.068176 182.0
451.253754 170.0
451.439331 180.0
451.624939 179.0
451.810547 172.0
451.996124 174.0
452.181732 176.0
452.36734 172.0
452.552948 180.0
452.738525 173.0
452.924164 173.0
453.109772 174.0
453.29538 184.0
453.481018 174.0
453.666595 178.0
453.852234 176.0
454.037842 170.0
454.22348 176.0
454.409119 180.0
454.594757 172.0
454.780396 179.0
454.966034 174.0
455.151642 175.0
455.337311 178.0
455.522949 172.0
455.708588 169.0
455.894257 181.0
456.079865 173.0
456.265533 177.0
456.451202 178.0
456.636871 175.0
456.82254 172.0
457.008209 175.0
457.193878 174.0
457.379547 169.0
457.565186 176.0
457.750854 171.0
457.936554 171.0
458.122223 179.0
458.307922 176.0
458.493591 168.0
458.67926 176.0
458.86496 180.0
459.050659 170.0
459.236359 175.0
459.422058 177.0
459.607758 172.0
459.793457 180.0
459.979156 175.0
460.164856 174.0
460.350586 175.0
460.536285 176.0
460.722015 172.0
460.907715 174.0
461.093414 173.0
461.279144 176.0
461.464874 175.0
461.650604 177.0
461.836334 176.0
462.022064 175.0
462.207825 177.0
462.393555 167.0
462.579285 176.0
462.765015 174.0
462.950775 171.0
463.136475 173.0
463.322235 175.0
463.507996 177.0
463.693756 175.0
463.879517 174.0
464.065277 173.0
464.251038 183.0
464.436798 178.0
464.622589 170.0
464.80835 178.0
464.99411 175.0
465.179871 172.0
465.365662 177.0
465.551422 175.0
465.737183 179.0
465.922974 179.0
466.108765 171.0
466.294556 175.0
466.480347 178.0
466.666168 168.0
466.851959 173.0
467.03775 174.0
467.223572 180.0
467.409332 168.0
467.595154 172.0
467.780975 174.0
467.966736 169.0
468.152557 177.0
468.338379 178.0
468.5242 176.0
468.710022 178.0
468.895844 179.0
469.081696 173.0
469.267517 178.0
469.453339 176.0
469.639191 169.0
469.824982 174.0
470.010834 178.0
470.196686 181.0
470.382507 189.0
470.568329 190.0
470.754181 194.0
470.940033 192.0
471.125916 194.0
471.311768 189.0
471.49762 187.0
471.683472 182.0
471.869354 175.0
472.055206 179.0
472.241058 173.0
472.42691 174.0
472.612793 185.0
472.798645 172.0
472.984528 175.0
473.17041 180.0
473.356293 173.0
473.542175 172.0
473.728058 181.0
473.913971 172.0
474.099854 167.0
474.285736 177.0
474.471649 169.0
474.657532 172.0
474.843414 186.0
475.029327 176.0
475.21521 172.0
475.401123 179.0
475.587036 174.0
475.772949 170.0
475.958862 176.0
476.144775 177.0
476.330719 170.0
476.516632 181.0
476.702545 174.0
476.888489 170.0
477.074402 175.0
477.260315 172.0
477.446259 175.0
477.632172 177.0
477.818115 176.0
478.004059 174.0
478.190002 173.0
478.375946 178.0
478.56189 172.0
478.747864 176.0
478.933807 180.0
479.119751 178.0
479.305725 174.0
479.491669 176.0
479.677612 172.0
479.863586 179.0
480.04953 173.0
480.235504 169.0
480.421478 175.0
480.607452 176.0
480.793427 169.0
480.979401 172.0
481.165405 172.0
481.351379 174.0
481.537354 178.0
481.723358 174.0
481.909332 169.0
482.095306 179.0
482.281311 180.0
482.467285 172.0
482.65329 179.0
482.839294 177.0
483.025299 177.0
483.211304 180.0
483.397308 175.0
483.583344 174.0
483.769348 177.0
483.955353 178.0
484.141388 169.0
484.327393 175.0
484.513397 176.0
484.699432 175.0
484.885437 178.0
485.071472 175.0
485.257507 170.0
485.443542 182.0
485.629578 174.0
485.815613 170.0
486.001648 173.0
486.187714 175.0
486.373749 173.0
486.559814 169.0
486.745819 174.0
486.931885 173.0
487.11795 177.0
487.303986 182.0
487.490051 168.0
487.676117 177.0
487.862183 174.0
488.048248 172.0
488.234314 178.0
488.42038 175.0
488.606445 177.0
488.792542 177.0
488.978607 174.0
489.164673 170.0
489.350769 174.0
489.536835 172.0
489.7229 176.0
489.908997 182.0
490.095093 174.0
490.281189 173.0
490.467285 184.0
490.653381 174.0
490.839508 174.0
491.025604 184.0
491.2117 188.0
491.397827 191.0
491.583893 216.0
491.77002 218.0
491.956146 214.0
492.142212 216.0
492.328339 195.0
492.514465 176.0
492.700592 177.0
492.886719 173.0
493.072845 174.0
493.258972 174.0
493.445129 177.0
493.631256 169.0
493.817413 176.0
494.00351 177.0
494.189667 171.0
494.375793 176.0
494.56192 177.0
494.748077 171.0
494.934235 177.0
495.120392 172.0
495.306549 168.0
495.492706 174.0
495.678864 173.0
495.865021 168.0
496.051178 175.0
496.237366 180.0
496.423492 172.0
496.60968 172.0
496.795837 172.0
496.981995 174.0
497.168182 174.0
497.35437 174.0
497.540558 167.0
497.726746 171.0
497.912933 173.0
498.099121 175.0
498.285309 172.0
498.471497 172.0
498.657715 174.0
498.843872 178.0
499.03009 180.0
499.216278 175.0
499.402466 172.0
499.588654 173.0
499.774872 179.0
499.96109 182.0
500.147308 178.0
500.333527 179.0
500.519745 199.0
500.705963 248.0
500.892181 295.0
501.07843 346.0
501.264618 358.0
501.450836 330.0
501.637085 286.0
501.823303 226.0
502.009521 184.0
502.19577 185.0
502.382019 182.0
502.568268 178.0
502.754486 180.0
502.940735 179.0
503.127014 170.0
503.313263 175.0
503.499512 181.0
503.68573 175.0
503.872009 176.0
504.058258 182.0
504.244507 178.0
504.430756 182.0
504.617035 173.0
504.803314 179.0
504.989563 180.0
505.175842 174.0
505.362122 173.0
505.548401 178.0
505.73468 172.0
505.920959 170.0
506.107239 175.0
506.293518 178.0
506.479797 171.0
506.666077 179.0
506.852356 168.0
507.038666 173.0
507.224945 182.0
507.411255 175.0
507.597565 170.0
507.783875 181.0
507.970184 177.0
508.156494 174.0
508.342804 174.0
508.529083 173.0
508.715393 173.0
508.901703 178.0
509.088013 172.0
509.274323 171.0
509.460663 175.0
509.646973 174.0
509.833313 166.0
510.019653 177.0
510.205963 176.0
510.392303 169.0
510.578644 180.0
510.764984 170.0
510.951294 168.0
511.137634 179.0
511.324005 173.0
511.510315 168.0
511.696655 179.0
511.883026 173.0
512.069397 169.0
512.255737 178.0
512.442078 174.0
512.628479 172.0
512.814819 181.0
513.00116 188.0
513.187561 173.0
513.373901 173.0
513.560303 175.0
513.746643 174.0
513.932983 174.0
514.119385 176.0
514.305725 172.0
514.492126 173.0
514.678528 173.0
514.864868 172.0
515.05127 174.0
515.237671 177.0
515.424072 168.0
515.610474 177.0
515.796814 174.0
515.983215 172.0
516.169617 178.0
516.356018 172.0
516.542419 166.0
516.728821 181.0
516.915222 174.0
517.101624 176.0
517.288086 179.0
517.474487 176.0
517.660889 171.0
517.84729 174.0
518.033752 178.0
518.220154 166.0
518.406616 177.0
518.593018 176.0
518.779358 170.0
518.96582 176.0
519.152283 174.0
519.338684 172.0
519.525146 175.0
519.711548 177.0
519.89801 167.0
520.084473 177.0
520.270935 175.0
520.457336 170.0
520.643738 175.0
520.8302 176.0
521.016663 174.0
521.203125 180.0
521.389587 176.0
521.57605 171.0
521.762512 178.0
521.948975 177.0
522.135437 173.0
522.321899 180.0
522.508362 172.0
522.694885 174.0
522.881348 175.0
523.06781 174.0
523.254272 169.0
523.440796 178.0
523.627197 172.0
523.813721 169.0
524.000183 174.0
524.186646 174.0
524.373169 172.0
524.559692 186.0
524.746155 179.0
524.932678 176.0
525.119141 177.0
525.305664 174.0
525.492126 168.0
525.678589 177.0
525.865112 176.0
526.051636 168.0
526.238159 177.0
526.424683 171.0
526.611206 170.0
526.797729 178.0
526.984253 174.0
527.170776 174.0
527.3573 180.0
527.543823 172.0
527.730347 168.0
527.91687 176.0
528.103394 170.0
528.289917 166.0
528.47644 176.0
528.662964 177.0
528.849487 171.0
529.036072 178.0
529.222595 175.0
529.409119 171.0
529.595703 174.0
529.782227 174.0
529.968811 171.0
530.155334 176.0
530.341858 175.0
530.528381 174.0
530.714966 176.0
530.90155 171.0
531.088074 171.0
531.274658 175.0
531.461243 174.0
531.647827 178.0
531.834412 177.0
532.020996 178.0
532.20752 174.0
532.394104 179.0
532.580688 173.0
532.767273 172.0
532.953857 184.0
533.140442 176.0
533.327026 172.0
533.513611 181.0
533.700195 177.0
533.88678 170.0
534.073364 183.0
534.26001 177.0
534.446594 170.0
534.633179 175.0
534.819824 173.0
535.006409 171.0
535.192932 177.0
535.379578 176.0
535.566162 165.0
535.752808 177.0
535.939392 177.0
536.126038 170.0
536.312683 181.0
536.499268 177.0
536.685913 171.0
536.872559 181.0
537.059143 179.0
537.245789 170.0
537.432434 180.0
537.61908 176.0
537.805725 170.0
537.992371 178.0
538.178955 174.0
538.365601 175.0
538.552246 175.0
538.738892 176.0
538.925537 174.0
539.112183 173.0
539.298828 175.0
539.485474 176.0
539.672119 176.0
539.858765 176.0
540.04541 175.0
540.232056 176.0
540.418701 179.0
540.605408 178.0
540.792053 176.0
540.97876 178.0
541.165405 172.0
541.352051 180.0
541.538757 171.0
541.725464 172.0
541.912109 177.0
542.098816 177.0
542.285461 171.0
542.472168 177.0
542.658875 173.0
542.845581 174.0
543.032166 177.0
543.218872 177.0
543.405579 173.0
543.592285 180.0
543.778992 170.0
543.965698 175.0
544.152405 179.0
544.339111 171.0
544.525818 176.0
544.712524 184.0
544.89917 175.0
545.085876 169.0
545.272583 183.0
545.45929 179.0
545.645996 170.0
545.832764 179.0
546.01947 182.0
546.206177 170.0
546.392944 176.0
546.579651 176.0
546.766357 168.0
546.953125 177.0
547.139832 178.0
547.326599 172.0
547.513306 179.0
547.700073 174.0
547.886719 178.0
548.073486 178.0
548.260254 174.0
548.44696 177.0
548.633728 175.0
548.820496 175.0
549.007263 172.0
549.19397 174.0
549.380737 175.0
549.567505 171.0
549.754211 181.0
549.940979 175.0
550.127747 170.0
550.314514 175.0
550.501282 173.0
550.688049 172.0
550.874817 176.0
551.061584 175.0
551.248352 173.0
551.435181 181.0
551.621948 177.0
551.808716 171.0
551.995483 180.0
552.182312 175.0
552.36908 176.0
552.555847 182.0
552.742615 175.0
552.929382 168.0
553.11615 182.0
553.302979 177.0
553.489746 174.0
553.676575 178.0
553.863403 176.0
554.050171 171.0
554.237 184.0
554.423767 177.0
554.610535 170.0
554.797363 173.0
554.984192 175.0
555.170959 171.0
555.357788 173.0
555.544617 174.0
555.731445 174.0
555.918274 180.0
556.105103 172.0
556.291931 170.0
556.47876 178.0
556.665588 175.0
556.852417 174.0
557.039246 172.0
557.226074 175.0
557.412903 173.0
557.59967 175.0
557.78656 176.0
557.973389 174.0
558.160217 180.0
558.347046 178.0
558.533936 170.0
558.720764 174.0
558.907654 174.0
559.094482 174.0
559.281311 182.0
559.46814 173.0
559.654968 176.0
559.841858 180.0
560.028687 175.0
560.215576 170.0
560.402466 179.0
560.589294 174.0
560.776184 174.0
560.963074 177.0
561.149963 178.0
561.336792 166.0
561.523682 179.0
561.710571 172.0
561.897461 174.0
562.084351 180.0
562.27124 177.0
562.458069 168.0
562.644958 180.0
562.831848 174.0
563.018738 171.0
563.205627 174.0
563.392517 175.0
563.579407 172.0
563.766296 174.0
563.953186 178.0
564.140076 169.0
564.326965 173.0
564.513855 173.0
564.700745 172.0
564.887695 174.0
565.074585 172.0
565.261475 176.0
565.448425 175.0
565.635315 182.0
565.822266 171.0
566.009155 176.0
566.196106 180.0
566.382996 176.0
566.569946 177.0
566.756897 177.0
566.943787 175.0
567.130737 178.0
567.317627 173.0
567.504517 174.0
567.691467 177.0
567.878418 174.0
568.065369 178.0
568.252319 180.0
568.43927 174.0
568.626221 174.0
568.81311 180.0
569.000061 173.0
569.186951 174.0
569.373901 181.0
569.560913 176.0
569.747864 174.0
569.934814 179.0
570.121765 181.0
570.308716 175.0
570.495667 177.0
570.682678 174.0
570.869629 173.0
571.05658 178.0
571.24353 175.0
571.430542 172.0
571.617493 180.0
571.804504 175.0
571.991455 172.0
572.178345 179.0
572.365356 178.0
572.552307 169.0
572.739319 175.0
572.926331 174.0
573.113281 175.0
573.300293 183.0
573.487244 178.0
573.674255 174.0
573.861267 175.0
574.048218 176.0
574.235168 176.0
574.42218 177.0
574.609192 170.0
574.796204 172.0
574.983215 179.0
575.170227 178.0
575.357239 172.0
575.54425 172.0
575.731262 176.0
575.918274 172.0
576.105286 180.0
576.292297 174.0
576.479309 172.0
576.666321 178.0
576.853333 176.0
577.040283 171.0
577.227356 182.0
577.414368 174.0
577.601379 179.0
577.788391 180.0
577.975464 178.0
578.162476 173.0
578.349548 186.0
578.53656 176.0
578.723572 175.0
578.910583 184.0
579.097595 181.0
579.284668 168.0
579.471741 180.0
579.658752 177.0
579.845825 178.0
580.032837 180.0
580.21991 182.0
580.406982 175.0
580.593994 181.0
580.781067 174.0
580.96814 179.0
581.155212 179.0
581.342285 178.0
581.529297 172.0
581.71637 181.0
581.903381 180.0
582.090454 178.0
582.277527 182.0
582.4646 182.0
582.651672 179.0
582.838745 179.0
583.025818 182.0
583.212891 176.0
583.400024 180.0
583.587097 183.0
583.774109 180.0
583.961182 188.0
584.148254 183.0
584.335388 182.0
584.522461 192.0
584.709534 187.0
584.896667 195.0
585.08374 195.0
585.270813 195.0
585.457947 195.0
585.64502 202.0
585.832153 204.0
586.019226 214.0
586.20636 224.0
586.393433 244.0
586.580566 298.0
586.767639 560.0
586.954712 1395.0
587.141846 2748.0
587.328979 3053.0
587.516052 1931.0
587.703186 836.0
587.89032 381.0
588.077454 293.0
588.264587 232.0
588.451721 225.0
588.638733 213.0
588.825867 202.0
589.013 200.0
589.200134 200.0
589.387268 191.0
589.574402 193.0
589.761536 186.0
589.948669 185.0
590.135864 184.0
590.322998 182.0
590.510132 179.0
590.697266 184.0
590.884399 179.0
591.071533 184.0
591.258728 181.0
591.445862 181.0
591.632935 174.0
591.82019 182.0
592.007263 177.0
592.194397 176.0
592.381592 180.0
592.568726 180.0
592.75592 178.0
592.943054 178.0
593.130249 174.0
593.317322 180.0
593.504517 180.0
593.691711 172.0
593.878845 172.0
594.06604 183.0
594.253235 177.0
594.440369 169.0
594.627563 180.0
594.814758 174.0
595.001953 170.0
595.189087 182.0
595.376282 176.0
595.563477 175.0
595.750671 179.0
595.937866 174.0
596.125061 175.0
596.312256 177.0
596.499451 176.0
596.686646 173.0
596.873779 182.0
597.060974 183.0
597.248169 170.0
597.435364 178.0
597.622559 178.0
597.809753 173.0
597.997009 172.0
598.184143 175.0
598.371338 175.0
598.558533 176.0
598.745789 179.0
598.932983 174.0
599.120178 174.0
599.307434 172.0
599.494629 172.0
599.681885 178.0
599.86908 182.0
600.056335 175.0
600.24353 177.0
600.430786 179.0
600.617981 173.0
600.805237 183.0
600.992432 184.0
601.179687 188.0
601.366943 196.0
601.554138 205.0
601.741333 211.0
601.928589 219.0
602.115845 210.0
602.30304 221.0
602.490295 206.0
602.677551 188.0
602.864807 184.0
603.052002 187.0
603.239258 176.0
603.426514 181.0
603.61377 192.0
603.801025 178.0
603.988281 178.0
604.175537 181.0
604.362793 178.0
604.550049 176.0
604.737305 177.0
604.924561 177.0
605.111816 172.0
605.299072 182.0
605.486389 178.0
605.673645 177.0
605.860901 174.0
606.048157 176.0
606.235474 172.0
606.422729 176.0
606.609924 176.0
606.797241 167.0
606.984497 176.0
607.171814 175.0
607.35907 172.0
607.546387 177.0
607.733643 174.0
607.920898 173.0
608.108154 176.0
608.295471 172.0
608.482727 177.0
608.670044 174.0
608.857361 179.0
609.044617 168.0
609.231934 177.0
609.41925 183.0
609.606567 173.0
609.793823 176.0
609.98114 172.0
610.168457 172.0
610.355774 180.0
610.543091 171.0
610.730408 179.0
610.917725 181.0
611.105042 177.0
611.292358 174.0
611.479614 181.0
611.666931 177.0
611.854248 175.0
612.041565 179.0
612.228882 173.0
612.416199 168.0
612.603516 183.0
612.790771 180.0
612.978088 170.0
613.165466 181.0
613.352783 178.0
613.5401 174.0
613.727417 177.0
613.914795 176.0
614.102112 172.0
614.28949 180.0
614.476807 177.0
614.664124 172.0
614.851501 180.0
615.038818 174.0
615.226196 174.0
615.413513 176.0
615.600891 179.0
615.788208 168.0
615.975586 169.0
616.162903 173.0
616.35022 175.0
616.537598 178.0
616.724915 173.0
616.912292 169.0
617.09967 176.0
617.287048 176.0
617.474365 178.0
617.661682 178.0
617.84906 173.0
618.036438 173.0
618.223816 176.0
618.411194 176.0
618.598511 172.0
618.785889 179.0
618.973267 170.0
619.160645 175.0
619.348022 174.0
619.5354 178.0
619.722778 172.0
619.910156 178.0
620.097595 175.0
620.284973 168.0
620.472351 175.0
620.659729 176.0
620.847107 171.0
621.034485 174.0
621.221863 176.0
621.409241 168.0
621.596619 177.0
621.783997 175.0
621.971436 171.0
622.158813 177.0
622.346252 175.0
622.533569 168.0
622.720947 178.0
622.908386 172.0
623.095764 170.0
623.283203 177.0
623.470581 175.0
623.65802 172.0
623.845398 179.0
624.032837 177.0
624.220276 175.0
624.407654 177.0
624.595093 181.0
624.782471 164.0
624.96991 177.0
625.157349 172.0
625.344788 170.0
625.532166 178.0
625.719604 178.0
625.907043 179.0
626.094421 178.0
626.28186 180.0
626.469299 172.0
626.656677 173.0
626.844116 172.0
627.031555 174.0
627.218994 179.0
627.406372 172.0
627.593811 174.0
627.78125 176.0
627.968689 171.0
628.156128 171.0
628.343628 186.0
628.531067 176.0
628.718506 173.0
628.905945 178.0
629.093384 173.0
629.280823 174.0
629.468323 183.0
629.655762 178.0
629.843201 173.0
630.030701 177.0
630.21814 171.0
630.405579 169.0
630.593079 176.0
630.780518 175.0
630.967896 168.0
631.155396 180.0
631.342834 177.0
631.530334 171.0
631.717773 178.0
631.905273 178.0
632.092712 174.0
632.280151 183.0
632.46759 178.0
632.65509 170.0
632.84259 176.0
633.030029 174.0
633.217529 172.0
633.405029 174.0
633.592529 173.0
633.779968 171.0
633.967468 177.0
634.154968 172.0
634.342468 170.0
634.529907 178.0
634.717407 179.0
634.904907 179.0
635.092407 176.0
635.279907 174.0
635.467407 173.0
635.654907 174.0
635.842346 172.0
636.029846 174.0
636.217346 180.0
636.404846 172.0
636.592346 171.0
636.779846 180.0
636.967346 176.0
637.154785 175.0
637.342346 180.0
637.529846 173.0
637.717346 169.0
637.904846 180.0
638.092346 174.0
638.279907 170.0
638.467407 181.0
638.654907 176.0
638.842468 171.0
639.029968 178.0
639.217468 174.0
639.405029 171.0
639.592529 179.0
639.78009 177.0
639.96759 172.0
640.15509 182.0
640.342651 178.0
640.530151 173.0
640.717651 176.0
640.905212 173.0
641.092712 171.0
641.280273 179.0
641.467773 177.0
641.655334 175.0
641.842896 178.0
642.030334 177.0
642.217896 167.0
642.405457 177.0
642.593018 174.0
642.780518 177.0
642.968079 174.0
643.15564 173.0
643.343201 174.0
643.530762 176.0
643.718323 174.0
643.905823 173.0
644.093384 174.0
644.280945 175.0
644.468506 174.0
644.656067 175.0
644.843628 177.0
645.031189 169.0
645.21875 174.0
645.406311 176.0
645.593811 171.0
645.781433 180.0
645.968994 174.0
646.156555 173.0
646.344116 175.0
646.531677 180.0
646.719238 170.0
646.906799 175.0
647.09436 173.0
647.281921 169.0
647.469482 173.0
647.657104 171.0
647.844666 175.0
648.032227 178.0
648.219849 176.0
648.40741 173.0
648.594971 176.0
648.782593 178.0
648.970154 170.0
649.157776 177.0
649.345337 176.0
649.532959 169.0
649.72052 178.0
649.908142 180.0
650.095703 168.0
650.283325 175.0
650.470886 178.0
650.658447 172.0
650.846069 177.0
651.033691 171.0
651.221252 172.0
651.408875 179.0
651.596497 180.0
651.784058 172.0
651.971619 174.0
652.159241 174.0
652.346863 172.0
652.534485 178.0
652.722107 178.0
652.909668 169.0
653.09729 178.0
653.284912 169.0
653.472534 174.0
653.660156 179.0
653.847778 174.0
654.0354 173.0
654.223022 184.0
654.410645 178.0
654.598267 173.0
654.785889 180.0
654.973511 180.0
655.161133 173.0
655.348755 180.0
655.536377 176.0
655.723999 175.0
655.911621 179.0
656.099243 183.0
656.286865 170.0
656.474548 181.0
656.662109 176.0
656.849731 172.0
657.037415 181.0
657.225037 179.0
657.412659 172.0
657.600342 176.0
657.787964 179.0
657.975586 172.0
658.163269 180.0
658.350891 175.0
658.538574 173.0
658.726196 180.0
658.913879 177.0
659.101501 176.0
659.289185 176.0
659.476807 180.0
659.66449 176.0
659.852112 176.0
660.039795 180.0
660.227417 172.0
660.415039 176.0
660.602722 179.0
660.790405 175.0
660.978027 174.0
661.16571 174.0
661.353394 176.0
661.541016 181.0
661.728638 172.0
661.916321 176.0
662.104004 178.0
662.291687 178.0
662.47937 175.0
662.666992 182.0
662.854675 180.0
663.042358 173.0
663.230042 182.0
663.417725 175.0
663.605408 176.0
663.793091 182.0
663.980774 176.0
664.168457 172.0
664.35614 181.0
664.543823 176.0
664.731506 173.0
664.919189 190.0
665.106812 186.0
665.294556 173.0
665.482239 184.0
665.669922 184.0
665.857605 180.0
666.045288 187.0
666.233032 187.0
666.420654 189.0
666.608337 194.0
666.796021 198.0
666.983765 212.0
667.171448 413.0
667.359131 1202.0
667.546875 1220.0
667.734558 754.0
667.922241 440.0
668.109985 285.0
668.297668 232.0
668.485413 203.0
668.673096 191.0
668.86084 188.0
669.048523 188.0
669.236267 187.0
669.42395 184.0
669.611694 182.0
669.799377 177.0
669.987061 183.0
670.174744 176.0
670.362488 175.0
670.550232 178.0
670.737915 180.0
670.925659 175.0
671.113403 178.0
671.301025 175.0
671.48877 173.0
671.676514 190.0
671.864258 179.0
672.052002 174.0
672.239685 181.0
672.427429 175.0
672.615173 175.0
672.802917 183.0
672.990662 176.0
673.178406 174.0
673.366089 177.0
673.553833 178.0
673.741577 180.0
673.929321 178.0
674.117065 178.0
674.30481 171.0
674.492554 179.0
674.680298 176.0
674.867981 170.0
675.055725 178.0
675.24353 173.0
675.431274 176.0
675.619019 183.0
675.806763 174.0
675.994507 169.0
676.18219 180.0
676.369934 176.0
676.557739 174.0
676.745483 170.0
676.933228 177.0
677.120972 172.0
677.308777 180.0
677.496521 173.0
677.684265 168.0
677.87207 179.0
678.059814 176.0
678.247559 176.0
678.435364 175.0
678.623108 172.0
678.810852 172.0
678.998657 179.0
679.186401 176.0
679.374207 171.0
679.561951 178.0
679.749695 175.0
679.937439 172.0
680.125244 177.0
680.312988 175.0
680.500793 173.0
680.688538 176.0
680.876343 180.0
681.064087 174.0
681.251831 174.0
681.439636 175.0
681.627441 172.0
681.815186 178.0
682.002991 174.0
682.190796 170.0
682.37854 175.0
682.566345 176.0
682.75415 166.0
682.941956 179.0
683.1297 177.0
683.317505 173.0
683.50531 177.0
683.693115 173.0
683.88092 170.0
684.068726 179.0
684.256531 175.0
684.444275 169.0
684.632019 179.0
684.819824 178.0
685.007629 173.0
685.195435 179.0
685.38324 173.0
685.571045 174.0
685.75885 174.0
685.946594 175.0
686.134399 176.0
686.322205 171.0
686.510071 176.0
686.697876 168.0
686.885681 176.0
687.073486 169.0
687.261292 177.0
687.449097 177.0
687.636902 174.0
687.824768 176.0
688.012573 178.0
688.200378 173.0
688.388184 175.0
688.57605 180.0
688.763855 178.0
688.95166 168.0
689.139526 175.0
689.327332 178.0
689.515076 173.0
689.702942 179.0
689.890747 170.0
690.078552 173.0
690.266418 179.0
690.454224 175.0
690.64209 166.0
690.829834 174.0
691.0177 170.0
691.205505 168.0
691.393372 178.0
691.581177 180.0
691.769043 173.0
691.956848 176.0
692.144714 176.0
692.33252 170.0
692.520386 173.0
692.708191 174.0
692.896057 170.0
693.083923 180.0
693.271729 170.0
693.459595 165.0
693.647461 179.0
693.835266 177.0
694.023132 170.0
694.210999 178.0
694.398804 171.0
694.586609 171.0
694.774475 178.0
694.962341 178.0
695.150208 176.0
695.338074 175.0
695.52594 171.0
695.713684 173.0
695.90155 181.0
696.089417 177.0
696.277283 170.0
696.465149 174.0
696.653015 178.0
696.840881 173.0
697.028748 178.0
697.216614 175.0
697.40448 170.0
697.592346 183.0
697.780212 171.0
697.968079 170.0
698.155945 178.0
698.343811 174.0
698.531677 170.0
698.719543 176.0
698.90741 176.0
699.095276 170.0
699.283142 178.0
699.471008 174.0
699.658875 172.0
699.846741 180.0
700.034607 174.0
700.222534 169.0
700.4104 175.0
700.598206 173.0
700.786072 168.0
700.973999 180.0
701.161865 174.0
701.349731 171.0
701.537598 177.0
701.725525 175.0
701.913391 172.0
702.101257 183.0
702.289185 178.0
702.477051 168.0
702.664978 173.0
702.852844 176.0
703.040771 172.0
703.228638 176.0
703.416504 176.0
703.604431 178.0
703.792297 174.0
703.980225 179.0
704.16803 176.0
704.355957 180.0
704.543884 184.0
704.73175 183.0
704.919678 186.0
705.107544 188.0
705.295471 188.0
705.483276 196.0
705.671204 212.0
705.859131 412.0
706.046997 995.0
706.234924 978.0
706.422852 672.0
706.610779 432.0
706.798645 288.0
706.986572 227.0
707.1745 202.0
707.362366 190.0
707.550293 178.0
707.73822 185.0
707.926147 183.0
708.114075 180.0
708.301941 181.0
708.489868 180.0
708.677795 173.0
708.865723 176.0
709.053589 179.0
709.241516 169.0
709.429443 181.0
709.617371 178.0
709.805298 171.0
709.993225 179.0
710.181152 176.0
710.369019 170.0
710.556946 172.0
710.744873 176.0
710.9328 172.0
711.120728 175.0
711.308655 175.0
711.496582 171.0
711.684509 178.0
711.872437 179.0
712.060364 170.0
712.248291 175.0
712.436218 180.0
712.624146 178.0
712.812134 174.0
713.000061 174.0
713.187988 176.0
713.375916 179.0
713.563843 176.0
713.751831 171.0
713.939697 181.0
714.127625 176.0
714.315552 168.0
714.50354 174.0
714.691467 172.0
714.879395 171.0
715.067322 170.0
715.255249 172.0
715.443176 182.0
715.631165 178.0
715.819092 169.0
716.007019 172.0
716.195007 179.0
716.382935 176.0
716.570862 172.0
716.75885 181.0
716.946777 176.0
717.134766 174.0
717.322693 174.0
717.510681 173.0
717.698608 166.0
717.886597 174.0
718.074524 175.0
718.262512 171.0
718.450439 176.0
718.638428 179.0
718.826355 167.0
719.014282 177.0
719.202271 173.0
719.390198 170.0
719.578186 180.0
719.766174 171.0
719.954102 167.0
720.142029 176.0
720.330017 174.0
720.517944 169.0
720.705933 180.0
720.893921 177.0
721.081848 175.0
721.269836 174.0
721.457825 176.0
721.645813 173.0
721.83374 177.0
722.021729 173.0
722.209717 171.0
722.397705 178.0
722.585693 169.0
722.773682 171.0
722.961609 180.0
723.149597 174.0
723.337585 169.0
723.525574 177.0
723.713501 174.0
723.901489 175.0
724.089478 180.0
724.277466 173.0
724.465454 168.0
724.653442 179.0
724.841431 175.0
725.029358 174.0
725.217346 182.0
725.405334 171.0
725.593323 170.0
725.781311 175.0
725.969299 173.0
726.157288 166.0
726.345276 179.0
726.533264 175.0
726.721252 171.0
726.909241 182.0
727.097229 177.0
727.285217 176.0
727.473206 231.0
727.661255 289.0
727.849243 275.0
728.037231 250.0
728.22522 220.0
728.413208 194.0
728.601135 186.0
728.789185 176.0
728.977173 174.0
729.165161 177.0
729.353149 176.0
729.541199 173.0
729.729187 179.0
729.917114 172.0
730.105164 175.0
730.293152 176.0
730.48114 179.0
730.669189 171.0
730.857178 174.0
731.045166 174.0
731.233215 173.0
731.421204 174.0
731.609192 175.0
731.797241 169.0
731.985229 179.0
732.173279 172.0
732.361267 174.0
732.549316 180.0
732.737305 175.0
732.925293 172.0
733.113342 173.0
733.301331 173.0
733.489319 172.0
733.677307 180.0
733.865356 176.0
734.053406 176.0
734.241394 178.0
734.429443 177.0
734.617432 167.0
734.80542 174.0
734.993408 176.0
735.181458 174.0
735.369507 176.0
735.557495 178.0
735.745544 171.0
735.933594 180.0
736.121582 174.0
736.309631 172.0
736.497681 176.0
736.685669 177.0
736.873718 165.0
737.061768 174.0
737.249756 176.0
737.437805 171.0
737.625854 174.0
737.813904 177.0
738.001892 173.0
738.189941 176.0
738.37793 172.0
738.565979 172.0
738.754028 176.0
738.942017 174.0
739.130066 174.0
739.318115 178.0
739.506165 170.0
739.694153 172.0
739.882202 175.0
740.070251 177.0
740.25824 172.0
740.446289 177.0
740.634338 168.0
740.822388 172.0
741.010437 181.0
741.198486 174.0
741.386536 173.0
741.574585 178.0
741.762634 175.0
741.950684 169.0
742.138733 177.0
742.326782 177.0
742.514832 170.0
742.702881 182.0
742.89093 169.0
743.078979 170.0
743.266968 181.0
743.455017 176.0
743.643066 167.0
743.831116 179.0
744.019165 178.0
744.207275 169.0
744.395325 177.0
744.583313 176.0
744.771362 174.0
744.959412 176.0
745.147461 178.0
745.33551 172.0
745.523621 179.0
745.71167 179.0
745.899719 172.0
746.087769 178.0
746.275818 177.0
746.463928 169.0
746.651978 176.0
746.840027 178.0
747.028076 176.0
747.216187 176.0
747.404236 174.0
747.592285 168.0
747.780334 174.0
747.968445 173.0
748.156433 168.0
748.344482 176.0
748.532593 179.0
748.720642 173.0
748.908691 180.0
749.096802 174.0
749.284851 168.0
749.4729 175.0
749.66095 172.0
749.848999 169.0
750.037109 182.0
750.225159 175.0
750.413269 170.0
750.601318 181.0
750.789368 176.0
750.977478 170.0
751.165527 176.0
751.353638 171.0
751.541687 171.0
751.729797 179.0
751.917847 173.0
752.105957 168.0
752.294006 176.0
752.482117 174.0
752.670166 166.0
752.858276 171.0
753.046265 176.0
753.234375 170.0
753.422485 176.0
753.610535 178.0
753.798645 177.0
753.986694 180.0
754.174805 168.0
754.362854 173.0
754.550903 178.0
754.739014 180.0
754.927124 171.0
755.115173 175.0
755.303284 173.0
755.491394 175.0
755.679443 174.0
755.867554 173.0
756.055664 181.0
756.243713 179.0
756.431824 171.0
756.619934 170.0
756.807983 175.0
756.996094 175.0
757.184204 170.0
757.372314 175.0
757.560364 178.0
757.748474 174.0
757.936523 172.0
758.124634 170.0
758.312744 171.0
758.500793 177.0
758.688904 171.0
758.877014 166.0
759.065125 176.0
759.253174 180.0
759.441284 169.0
759.629333 177.0
759.817444 173.0
760.005554 170.0
760.193665 176.0
760.381775 172.0
760.569885 170.0
760.757996 173.0
760.946106 175.0
761.134216 167.0
761.322327 180.0
761.510437 177.0
761.698486 172.0
761.886597 176.0
762.074707 174.0
762.262817 173.0
762.450928 173.0
762.639038 177.0
762.827087 171.0
763.015198 181.0
763.203308 174.0
763.391418 168.0
763.579529 176.0
763.767639 172.0
763.95575 167.0
764.14386 174.0
764.33197 175.0
764.520081 174.0
764.708191 181.0
764.896301 172.0
765.084412 173.0
765.272522 174.0
765.460632 169.0
765.648743 170.0
765.836853 179.0
766.024963 175.0
766.213135 166.0
766.401245 174.0
766.589355 174.0
766.777466 171.0
766.965576 176.0
767.153687 170.0
767.341858 173.0
767.529968 175.0
767.718018 171.0
767.906128 172.0
768.094238 178.0
768.28241 178.0
768.47052 173.0
768.65863 173.0
768.846741 177.0
769.034851 170.0
769.222961 178.0
769.411072 174.0
769.599182 168.0
769.787354 175.0
769.975464 174.0
770.163574 166.0
770.351746 177.0
770.539856 179.0
770.727966 165.0
770.916138 174.0
771.104248 174.0
771.292358 171.0
771.48053 179.0
771.66864 179.0
771.85675 172.0
772.044922 174.0
772.233032 174.0
772.421143 170.0
772.609253 181.0
772.797363 174.0
772.985535 171.0
773.173645 172.0
773.361755 174.0
773.549927 171.0
773.738037 173.0
773.926147 176.0
774.114258 171.0
774.302429 176.0
774.49054 173.0
774.67865 174.0
774.866821 176.0
775.054932 175.0
775.243103 172.0
775.431213 175.0
775.619385 174.0
775.807495 171.0
775.995667 178.0
776.183777 179.0
776.371948 174.0
776.560059 183.0
776.74823 176.0
776.93634 173.0
777.124512 182.0
777.312683 179.0
777.500732 169.0
777.688904 178.0
777.877014 174.0
778.065186 171.0
778.253296 180.0
778.441467 169.0
778.629639 168.0
778.817688 179.0
779.005859 174.0
779.19397 173.0
779.382141 177.0
779.570312 176.0
779.758423 166.0
779.946594 176.0
780.134766 176.0
780.322876 174.0
780.511047 180.0
780.699219 173.0
780.887329 168.0
781.0755 174.0
781.263672 180.0
781.451782 170.0
781.639954 178.0
781.828125 179.0
782.016235 174.0
782.204407 177.0
782.392517 174.0
782.580688 175.0
782.768799 181.0
782.95697 176.0
783.145142 174.0
783.333313 179.0
783.521423 171.0
783.709534 169.0
783.897705 174.0
784.085876 176.0
784.273987 174.0
784.462158 176.0
784.65033 172.0
784.838501 175.0
785.026672 176.0
785.214783 175.0
785.402954 176.0
785.591125 178.0
785.779297 172.0
785.967468 169.0
786.155579 172.0
786.34375 175.0
786.531921 172.0
786.720093 179.0
786.908264 172.0
787.096436 168.0
787.284546 178.0
787.472656 174.0
787.660828 169.0
787.848999 177.0
788.03717 173.0
788.225342 167.0
788.413513 175.0
788.601624 178.0
788.789795 168.0
788.977966 177.0
789.166138 169.0
789.354248 170.0
789.542419 175.0
789.730591 176.0
789.918762 171.0
790.106934 178.0
790.295105 172.0
790.483276 170.0
790.671448 173.0
790.859619 174.0
791.047791 172.0
791.235962 177.0
791.424133 179.0
791.612305 175.0
791.800476 179.0
791.988647 174.0
792.176758 171.0
792.364929 178.0
792.553101 172.0
792.741272 172.0
792.929443 178.0
793.117615 172.0
793.305786 167.0
793.493896 182.0
793.682068 175.0
793.870239 174.0
794.058411 177.0
794.246582 174.0
794.434753 174.0
794.622925 182.0
794.811096 173.0
794.999329 176.0
795.1875 177.0
795.375671 172.0
795.563843 171.0
795.752014 176.0
795.940186 169.0
796.128357 167.0
796.316528 177.0
796.5047 178.0
796.692871 168.0
796.881042 176.0
797.069214 176.0
797.257385 168.0
797.445557 175.0
797.633728 175.0
797.821899 169.0
798.010071 176.0
798.198242 172.0
798.386414 167.0
798.574585 178.0
798.762756 171.0
798.950928 174.0
799.139099 176.0
799.327271 172.0
799.515442 176.0
799.703674 176.0
799.891846 179.0
800.080017 172.0
800.268188 180.0
800.45636 178.0
800.644592 173.0
800.832764 176.0
801.020935 175.0
801.209106 169.0
801.397278 177.0
801.58551 173.0
801.773682 172.0
801.961792 183.0
802.149963 175.0
802.338196 171.0
802.526367 178.0
802.714539 173.0
802.90271 174.0
803.090942 178.0
803.279053 171.0
803.467224 172.0
803.655396 178.0
803.843628 174.0
804.031799 172.0
804.219971 180.0
804.408142 174.0
804.596375 170.0
804.784546 179.0
804.972717 175.0
805.160889 171.0
805.349121 178.0
805.537292 170.0
805.725464 171.0
805.913696 176.0
806.101868 172.0
806.290039 168.0
806.478271 175.0
806.666443 174.0
806.854553 171.0
807.042725 177.0
807.230957 172.0
807.419128 168.0
807.6073 168.0
807.795532 178.0
807.983704 172.0
808.171814 171.0
808.360046 175.0
808.548218 174.0
808.73645 171.0
808.924622 178.0
809.112793 173.0
809.301025 179.0
809.489197 174.0
809.677368 170.0
809.865601 176.0
810.053772 170.0
810.241943 169.0
810.430176 178.0
810.618347 173.0
810.80658 176.0
810.994751 179.0
811.182922 177.0
811.371155 173.0
811.559326 178.0
811.747437 179.0
811.935669 173.0
812.12384 177.0
812.312073 173.0
812.500244 172.0
812.688416 176.0
812.876648 176.0
813.064758 164.0
813.252991 176.0
813.441162 175.0
813.629395 166.0
813.817566 172.0
814.005737 174.0
814.19397 171.0
814.382141 180.0
814.570374 176.0
814.758545 174.0
814.946777 181.0
815.134949 175.0
815.32312 169.0
815.511353 178.0
815.699524 176.0
815.887756 168.0
816.075928 174.0
816.26416 175.0
816.452332 172.0
816.640503 174.0
816.828674 172.0
817.016907 174.0
817.205078 182.0
817.39325 178.0
817.581482 172.0
817.769653 176.0
817.957825 174.0
818.145996 170.0
818.334229 174.0
818.5224 174.0
818.710632 175.0
818.898804 175.0
819.087036 171.0
819.275208 170.0
819.46344 178.0
819.651611 178.0
819.839844 175.0
820.028015 176.0
820.216248 170.0
820.404419 168.0
820.592651 180.0
820.780823 176.0
820.969055 178.0
821.157227 174.0
821.345459 179.0
821.533569 169.0
821.721802 177.0
821.909973 175.0
822.098206 166.0
822.286377 177.0
822.474609 172.0
822.662781 166.0
822.850952 179.0
823.039124 175.0
823.227356 170.0
823.415527 176.0
823.60376 172.0
823.791931 171.0
823.980164 181.0
824.168396 175.0
824.356567 169.0
824.5448 169.0
824.732971 176.0
824.921204 166.0
825.109375 174.0
825.297607 180.0
825.485779 173.0
825.674011 174.0
825.862183 177.0
826.050415 170.0
826.238586 180.0
826.426758 176.0
826.61499 174.0
826.803162 184.0
826.991394 174.0
827.179565 171.0
827.367798 177.0
827.555969 172.0
827.744141 169.0
827.932312 177.0
828.120544 172.0
828.308777 169.0
828.496948 178.0
828.685181 171.0
828.873352 167.0
829.061584 176.0
829.249756 174.0
829.437988 165.0
829.62616 180.0
829.814392 169.0
830.002625 168.0
830.190796 178.0
830.379028 171.0
830.5672 167.0
830.755432 175.0
830.943604 175.0
831.131836 171.0
831.320007 175.0
831.508179 177.0
831.696411 167.0
831.884583 178.0
832.072815 178.0
832.260986 168.0
832.449219 179.0
832.63739 174.0
832.825562 177.0
833.013794 171.0
833.201965 174.0
833.390198 172.0
833.578369 179.0
833.766602 178.0
833.954834 170.0
834.143005 175.0
834.331238 179.0
834.519409 172.0
834.707642 173.0
834.895874 176.0
835.084045 169.0
835.272278 181.0
835.460449 171.0
835.648682 172.0
835.836853 177.0
836.025085 171.0
836.213257 174.0
836.401428 177.0
836.589661 173.0
836.777832 170.0
836.966064 177.0
837.154236 173.0
837.342468 173.0
837.53064 179.0
837.718811 171.0
837.907043 171.0
838.095215 178.0
838.283447 172.0
838.47168 174.0
838.659851 182.0
838.848083 174.0
839.036255 168.0
839.224487 182.0
839.412659 176.0
839.600891 169.0
839.789124 176.0
839.977295 170.0
840.165527 170.0
840.353699 175.0
840.541931 174.0
840.730103 169.0
840.918335 177.0
841.106506 178.0
841.294678 169.0
841.48291 178.0
841.671082 170.0
841.859314 171.0
842.047546 171.0
842.235718 174.0
842.423889 170.0
842.612061 173.0
842.800293 180.0
842.988464 169.0
843.176697 176.0
843.364929 176.0
843.553101 173.0
843.741333 180.0
843.929504 175.0
844.117737 175.0
844.305908 179.0
844.494141 173.0
844.682312 171.0
844.870544 176.0
845.058777 174.0
845.246948 172.0
845.435181 182.0
845.623352 174.0
845.811584 165.0
845.999695 176.0
846.187927 177.0
846.37616 175.0
846.564331 181.0
846.752563 173.0
846.940735 170.0
847.128967 179.0
847.317078 171.0
847.50531 171.0
847.693481 178.0
847.881714 175.0
848.069946 166.0
848.258118 173.0
848.44635 180.0
848.634521 168.0
848.822754 178.0
849.010925 171.0
849.199158 167.0
849.387329 179.0
849.575562 175.0
849.763733 174.0
849.951965 181.0
850.140137 175.0
850.328369 172.0
850.516602 177.0
850.704773 176.0
850.892944 175.0
851.081116 175.0
851.269348 172.0
851.45752 168.0
851.645752 177.0
851.833923 173.0
852.022156 171.0
852.210266 176.0
852.398499 175.0
852.58667 171.0
852.774902 173.0
852.963074 176.0
853.151306 171.0
853.339478 178.0
853.52771 173.0
853.715881 173.0
853.904114 179.0
854.092285 174.0
854.280518 173.0
854.468689 182.0
854.656921 170.0
854.845093 173.0
855.033325 180.0
855.221497 172.0
855.409729 175.0
855.5979 176.0
855.786133 172.0
855.974304 173.0
856.162537 176.0
856.350708 179.0
856.538818 171.0
856.72699 182.0
856.915222 176.0
857.103394 174.0
857.291626 174.0
857.479797 178.0
857.667969 169.0
857.856201 180.0
858.044373 181.0
858.232605 168.0
858.420776 177.0
858.609009 177.0
858.79718 170.0
858.985413 175.0
859.173584 177.0
859.361816 170.0
859.549988 177.0
859.738159 175.0
859.926392 171.0
860.114563 178.0
860.302795 176.0
860.490967 176.0
860.679199 176.0
860.867371 173.0
861.055542 172.0
861.243774 177.0
861.431824 170.0
861.620056 171.0
861.808228 177.0
861.996399 178.0
862.184631 174.0
862.372803 177.0
862.561035 173.0
862.749207 170.0
862.937378 174.0
863.12561 179.0
863.313782 172.0
863.502014 177.0
863.690186 173.0
863.878357 175.0
864.066589 173.0
864.254761 178.0
864.442993 175.0
864.631165 184.0
864.819336 176.0
865.007568 174.0
865.19574 178.0
865.383911 179.0
865.572144 168.0
865.760315 178.0
865.948486 176.0
866.136719 169.0
866.324768 178.0
866.512939 172.0
866.701172 171.0
866.889343 178.0
867.077515 173.0
867.265747 170.0
867.453918 177.0
867.64209 177.0
867.830322 169.0
868.018494 176.0
868.206665 174.0
868.394897 170.0
868.583069 176.0
868.77124 173.0
868.959473 174.0
869.147644 183.0
869.335815 177.0
869.523987 171.0
869.712219 174.0
869.900391 175.0
870.088562 179.0
870.276733 178.0
870.464966 175.0
870.653137 172.0
870.841309 178.0
871.029541 176.0
871.21759 175.0
871.405762 178.0
871.593933 173.0
871.782166 172.0
871.970337 179.0
872.158508 173.0
872.34668 178.0
872.534851 183.0
872.723083 179.0
872.911255 180.0
873.099426 178.0
873.287598 175.0
873.47583 169.0
873.664001 179.0
873.852173 181.0
874.040344 168.0
874.228516 173.0
874.416748 176.0
874.604919 172.0
874.793091 178.0
874.981262 175.0
875.169434 171.0
875.357605 181.0
875.545837 177.0
875.734009 168.0
875.92218 188.0
876.110229 177.0
876.298401 169.0
876.486572 177.0
876.674805 174.0
876.862976 172.0
877.051147 175.0
877.239319 180.0
877.42749 171.0
877.615662 175.0
877.803833 177.0
877.992004 172.0
878.180176 176.0
878.368408 178.0
878.55658 176.0
878.744751 179.0
878.932922 176.0
879.121094 172.0
879.309265 176.0
879.497437 177.0
879.685608 171.0
879.873779 180.0
880.061951 172.0
880.250122 173.0
880.438293 185.0
880.626465 177.0
880.814636 174.0
881.002747 179.0
881.190918 174.0
881.379089 171.0
881.567261 178.0
881.755432 174.0
881.943604 173.0
882.131775 180.0
882.319946 175.0
882.508118 171.0
882.696289 176.0
882.88446 177.0
883.072632 172.0
883.260803 175.0
883.448975 175.0
883.637146 174.0
883.825317 182.0
884.013428 178.0
884.201599 172.0
884.389771 178.0
884.577942 173.0
884.766113 172.0
884.954285 179.0
885.142456 177.0
885.330627 172.0
885.518799 178.0
885.70697 175.0
885.89502 172.0
886.083191 180.0
886.271362 178.0
886.459534 174.0
886.647644 174.0
886.835815 178.0
887.023987 174.0
887.212158 180.0
887.40033 174.0
887.588501 173.0
887.776672 176.0
887.964783 174.0
888.152954 170.0
888.341125 176.0
888.529297 175.0
888.717468 174.0
888.90564 175.0
889.09375 176.0
889.281921 175.0
889.470093 177.0
889.658264 172.0
889.846436 172.0
890.034546 178.0
890.222717 177.0
890.410889 171.0
890.59906 179.0
890.787109 177.0
890.97522 171.0
891.163391 176.0
891.351562 175.0
891.539734 174.0
891.727844 176.0
891.916016 183.0
892.104187 174.0
892.292358 176.0
892.480469 178.0
892.66864 169.0
892.856812 177.0
893.044922 180.0
893.233093 166.0
893.421265 176.0
893.609375 176.0
893.797546 172.0
893.985718 180.0
894.173828 172.0
894.362 172.0
894.550171 178.0
894.738281 176.0
894.926453 174.0
895.114624 177.0
895.302734 175.0
895.490906 170.0
895.678894 176.0
895.867065 174.0
896.055237 174.0
896.243347 182.0
896.431519 175.0
896.619629 171.0
896.8078 181.0
896.995972 174.0
897.184082 174.0
897.372253 176.0
897.560364 174.0
897.748535 172.0
897.936646 177.0
898.124817 176.0
898.312927 172.0
898.501099 181.0
898.689209 175.0
898.87738 172.0
899.065491 178.0
899.253662 172.0
899.441772 174.0
899.629944 180.0
899.818054 170.0
900.006226 168.0
900.194336 174.0
900.382507 178.0
900.570496 173.0
900.758667 178.0
900.946777 176.0
901.134888 171.0
901.323059 178.0
901.511169 174.0
901.699341 174.0
901.887451 178.0
902.075562 172.0
902.263733 176.0
902.451843 177.0
902.640015 176.0
902.828125 170.0
903.016235 176.0
903.204407 177.0
903.392517 172.0
903.580627 175.0
903.768799 176.0
903.956909 173.0
904.14502 180.0
904.33313 175.0
904.521301 170.0
904.709412 177.0
904.897522 178.0
905.085693 176.0
905.273804 178.0
905.461792 178.0
905.649902 172.0
905.838074 174.0
906.026184 178.0
906.214294 172.0
906.402405 179.0
906.590576 176.0
906.778687 172.0
906.966797 179.0
907.154907 174.0
907.343018 172.0
907.531189 176.0
907.719299 170.0
907.90741 172.0
908.09552 177.0
908.28363 173.0
908.471741 173.0
908.659851 177.0
908.848022 173.0
909.036133 167.0
909.224243 177.0
909.412354 174.0
909.600464 170.0
909.788574 176.0
909.976685 176.0
910.164795 172.0
910.352783 180.0
910.540894 178.0
910.729004 171.0
910.917114 176.0
911.105225 174.0
911.293335 173.0
911.481445 174.0
911.669556 176.0
911.857666 177.0
912.045776 177.0
912.233887 172.0
912.421997 172.0
912.610107 180.0
912.798218 178.0
912.986328 173.0
913.174438 174.0
913.362549 177.0
913.550659 176.0
913.73877 179.0
913.92688 175.0
914.11499 174.0
914.303101 180.0
914.491211 171.0
914.679321 174.0
914.867371 178.0
915.055481 174.0
915.243469 169.0
915.43158 182.0
915.61969 176.0
915.8078 167.0
915.99585 181.0
916.18396 172.0
916.37207 169.0
916.560181 179.0
916.748291 168.0
916.93634 175.0
917.124451 176.0
917.312561 174.0
917.500671 170.0
917.688721 178.0
917.876831 182.0
918.064941 171.0
918.253052 174.0
918.441101 178.0
918.629211 172.0
918.817322 183.0
919.005371 178.0
919.193481 173.0
919.381592 173.0
919.569641 173.0
919.757751 170.0
919.945862 172.0
920.133789 176.0
920.321899 187.0
920.509949 175.0
920.698059 176.0
920.886169 174.0
921.074219 176.0
921.262329 179.0
921.450378 167.0
921.638489 176.0
921.826538 171.0
922.014648 170.0
922.202759 181.0
922.390808 174.0
922.578918 168.0
922.766968 180.0
922.955078 174.0
923.143127 180.0
923.331238 179.0
923.519287 175.0
923.707336 176.0
923.895447 179.0
924.083496 174.0
924.271606 170.0
924.459656 178.0
924.647766 175.0
924.835815 172.0
925.023743 178.0
925.211853 176.0
925.399902 172.0
925.588013 177.0
925.776062 178.0
925.964111 171.0
926.152222 181.0
926.340271 172.0
926.52832 174.0
926.71637 180.0
926.90448 181.0
927.092529 166.0
927.280579 179.0
927.468689 177.0
927.656738 171.0
927.844788 180.0
928.032837 179.0
928.220947 172.0
928.408997 173.0
928.597046 179.0
928.785095 174.0
928.973145 179.0
929.161255 176.0
929.349304 176.0
929.537354 175.0
929.725403 183.0
929.91333 174.0
930.101379 176.0
930.289429 174.0
930.477539 173.0
930.665588 178.0
930.853638 176.0
931.041687 173.0
931.229736 178.0
931.417786 173.0
931.605835 169.0
931.793884 178.0
931.981934 172.0
932.169983 173.0
932.358032 179.0
932.546082 176.0
932.734131 173.0
932.92218 182.0
933.110229 174.0
933.298279 172.0
933.486328 178.0
933.674377 173.0
933.862427 170.0
934.050476 178.0
934.238525 174.0
934.426575 173.0
934.614563 177.0
934.80249 178.0
934.99054 168.0
935.178589 177.0
935.366638 176.0
935.554687 169.0
935.742676 178.0
935.930725 177.0
936.118774 174.0
936.306824 179.0
936.494873 174.0
936.682861 168.0
936.870911 180.0
937.05896 177.0
937.247009 174.0
937.434998 178.0
937.623047 177.0
937.811096 170.0
937.999146 180.0
938.187134 173.0
938.375183 176.0
938.563232 173.0
938.751221 173.0
938.93927 171.0
939.127258 176.0
939.315308 175.0
939.503357 177.0
939.691223 178.0
939.879272 180.0
940.067261 170.0
940.25531 181.0
940.443359 169.0
940.631348 172.0
940.819397 179.0
941.007385 173.0
941.195435 170.0
941.383423 176.0
941.571472 174.0
941.75946 174.0
941.94751 183.0
942.135498 171.0
942.323486 174.0
942.511536 177.0
942.699524 176.0
942.887573 175.0
943.075562 180.0
943.26355 172.0
943.451599 168.0
943.639587 177.0
943.827637 173.0
944.015625 170.0
944.203613 178.0
944.391663 176.0
944.579529 171.0
944.767517 176.0
944.955505 176.0
945.143555 179.0
945.331543 176.0
945.519531 178.0
945.70752 169.0
945.895569 175.0
946.083557 175.0
946.271545 174.0
946.459534 174.0
946.647522 179.0
946.835571 174.0
947.02356 178.0
947.211548 175.0
947.399536 174.0
947.587524 182.0
947.775513 176.0
947.963501 176.0
948.151489 173.0
948.339478 178.0
948.527527 171.0
948.715515 173.0
948.903503 173.0
949.091492 174.0
949.27948 177.0
949.467346 174.0
949.655334 169.0
949.843323 179.0
950.031311 173.0
950.219299 173.0
950.407227 176.0
950.595215 172.0
950.783203 169.0
950.971191 178.0
951.15918 176.0
951.347168 176.0
951.535156 179.0
951.723145 172.0
951.911133 167.0
952.09906 179.0
952.287048 171.0
952.475037 170.0
952.663025 178.0
952.851013 175.0
953.03894 171.0
953.226929 177.0
953.414917 175.0
953.602905 170.0
953.790833 181.0
953.978821 182.0
954.166809 174.0
954.354614 176.0
954.542603 172.0
954.730591 177.0
954.918518 176.0
955.106506 174.0
955.294495 168.0
955.482422 175.0
955.67041 173.0
955.858337 172.0
956.046326 176.0
956.234253 175.0
956.422241 175.0
956.610168 177.0
956.798157 173.0
956.986084 173.0
957.174072 175.0
957.362 176.0
957.549988 174.0
957.737915 177.0
957.925903 176.0
958.113831 173.0
958.301819 185.0
958.489746 176.0
958.677673 169.0
958.865662 179.0
959.053589 176.0
959.241455 172.0
959.429382 178.0
959.61731 176.0
959.805237 171.0
959.993225 177.0
960.181152 175.0
960.36908 172.0
960.557068 180.0
960.744995 176.0
960.932922 175.0
961.12085 178.0
961.308777 173.0
961.496765 170.0
961.684692 178.0
961.87262 178.0
962.060547 171.0
962.248474 178.0
962.436401 174.0
962.624329 170.0
962.812317 178.0
963.000244 179.0
963.188171 177.0
963.376099 179.0
963.564026 174.0
963.751953 174.0
963.93988 174.0
964.127686 176.0
964.315613 177.0
964.50354 175.0
964.691467 175.0
964.879395 172.0
965.067322 176.0
965.255249 179.0
965.443115 174.0
965.631042 176.0
965.81897 177.0
966.006897 174.0
966.194824 184.0
966.382751 175.0
966.570679 174.0
966.758545 178.0
966.946472 176.0
967.134399 172.0
967.322327 179.0
967.510193 177.0
967.69812 176.0
967.886047 175.0
968.073975 172.0
968.261841 176.0
968.449768 180.0
968.637695 175.0
968.825562 167.0
969.013367 176.0
969.201294 173.0
969.38916 171.0
969.577087 178.0
969.764954 176.0
969.952881 174.0
970.140747 177.0
970.328674 180.0
970.516602 168.0
970.704468 179.0
970.892395 174.0
971.080261 172.0
971.268188 178.0
971.456055 177.0
971.643921 174.0
971.831848 179.0
972.019714 178.0
972.207642 169.0
972.395508 172.0
972.583374 180.0
972.771301 169.0
972.959167 182.0
973.147034 174.0
973.334961 174.0
973.522827 177.0
973.710693 173.0
973.898499 172.0
974.086365 172.0
974.274231 175.0
974.462097 170.0
974.649963 177.0
974.837891 176.0
975.025757 174.0
975.213623 177.0
975.401489 171.0
975.589355 172.0
975.777222 178.0
975.965088 175.0
976.153015 178.0
976.340881 179.0
976.528748 177.0
976.716614 172.0
976.90448 176.0
977.092346 175.0
977.280212 173.0
977.468079 183.0
977.655945 173.0
977.843811 170.0
978.031677 177.0
978.219543 177.0
978.407349 173.0
978.595215 183.0
978.782959 191.0
978.970825 173.0
979.158691 175.0
979.346558 176.0
979.534424 174.0
979.722229 184.0
979.910095 177.0
980.097961 173.0
980.285828 181.0
980.473633 173.0
980.661499 169.0
980.849365 172.0
981.037231 180.0
981.225037 175.0
981.412903 174.0
981.600769 175.0
981.788574 170.0
981.97644 178.0
982.164246 181.0
982.352112 173.0
982.539978 177.0
982.727783 175.0
982.915649 172.0
983.103455 179.0
983.291321 173.0
983.479126 175.0
983.66687 180.0
983.854675 171.0
984.042542 174.0
984.230347 179.0
984.418152 174.0
984.606018 168.0
984.793823 178.0
984.981689 172.0
985.169495 168.0
985.3573 180.0
985.545166 175.0
985.732971 168.0
985.920776 182.0
986.108582 178.0
986.296448 170.0
986.484253 183.0
986.672058 174.0
986.859863 171.0
987.047668 179.0
987.235535 173.0
987.42334 174.0
987.611145 181.0
987.79895 177.0
987.986755 170.0
988.174561 178.0
988.362366 177.0
988.550049 170.0
988.737854 182.0
988.925659 178.0
989.113464 172.0
989.30127 179.0
989.489075 178.0
989.67688 170.0
989.864685 172.0
990.05249 173.0
990.240295 174.0
990.428101 175.0
990.615906 174.0
990.803711 174.0
990.991516 178.0
991.179321 175.0
991.367065 173.0
991.554871 175.0
991.742676 175.0
991.930481 170.0
992.118225 176.0
992.30603 171.0
992.493835 176.0
992.681641 177.0
992.869385 176.0
993.05719 175.0
993.244995 177.0
993.432617 174.0
993.620422 172.0
993.808167 180.0
993.995972 174.0
994.183777 173.0
994.371521 175.0
994.559326 175.0
994.74707 174.0
994.934875 180.0
995.12262 176.0
995.310425 170.0
995.498169 174.0
995.685974 178.0
995.873718 172.0
996.061462 177.0
996.249268 175.0
996.437012 170.0
996.624756 174.0
996.812561 175.0
997.000305 171.0
997.188049 173.0
997.375854 178.0
997.563599 172.0
997.751343 176.0
997.939087 176.0
998.126892 172.0
998.314514 174.0
998.502258 174.0
998.690002 167.0
998.877747 178.0
999.065491 179.0
999.253235 169.0
999.440979 175.0
999.628784 178.0
999.816528 174.0
1000.004272 172.0
1000.192017 0.0
1000.379761 0.0
1000.567505 0.0
1000.755249 0.0
1000.942993 0.0
1001.130676 0.0
1001.31842 0.0
1001.506165 0.0
1001.693909 0.0
1001.881653 0.0
1002.069397 0.0
1002.257141 0.0
1002.444824 0.0
1002.632568 0.0
1002.820312 0.0
1003.008057 0.0
1003.195679 0.0
1003.383362 0.0
1003.571106 0.0
1003.75885 0.0
1003.946533 0.0
1004.134277 0.0
1004.322021 0.0
1004.509705 0.0
1004.697449 0.0
1004.885132 0.0
1005.072876 0.0
1005.260559 0.0
1005.448303 0.0
1005.635986 0.0
1005.82373 0.0
1006.011414 0.0
1006.199158 0.0
1006.386841 0.0
1006.574585 0.0
1006.762268 0.0
1006.949951 0.0
1007.137695 0.0
1007.325378 0.0
1007.513062 0.0
1007.700806 0.0
1007.888489 0.0
1008.07605 0.0
1008.263794 0.0
1008.451477 0.0
1008.63916 0.0
1008.826843 0.0
1009.014526 0.0
1009.202271 0.0
1009.389954 0.0
1009.577637 0.0
1009.76532 0.0
1009.953003 0.0
1010.140686 0.0
1010.328369 0.0
1010.516052 0.0
1010.703735 0.0
1010.891418 0.0
1011.079102 0.0
1011.266785 0.0
1011.454468 0.0
1011.642151 0.0
1011.829834 0.0
1012.017517 0.0
1012.205139 0.0
1012.392822 0.0
1012.580505 0.0
1012.768188 0.0
1012.95575 0.0
1013.143372 0.0
1013.331055 0.0
1013.518738 0.0
1013.706421 0.0
1013.894043 0.0
1014.081726 0.0
1014.269409 0.0
1014.457031 0.0
1014.644714 0.0
1014.832336 0.0
1015.02002 0.0
1015.207703 0.0
