337.35134888 0.0
337.80362194 0.0
338.25595141 0.0
338.70833725 0.0
339.16077942 0.0
339.61327788 0.0
340.06583261 0.0
340.51844356 0.0
340.97111069 0.0
341.42383397 0.0
341.87661336 0.0
342.32944883 0.0
342.78234033 0.0
343.23528784 0.0
343.68829131 0.0
344.1413507 0.0
344.59446599 0.0
345.04763714 0.0
345.5008641 0.0
345.95414684 0.0
346.40748532 0.0
346.86087951 0.0
347.31432937 0.0
347.76783486 0.0
348.22139595 0.0
348.6750126 0.0
349.12868478 0.0
349.58241244 0.0
350.03619554 58.0
350.49003406 176.0
350.94392796 176.333333333
351.3978772 177.5
351.85188173 174.0
352.30594153 172.5
352.76005657 173.333333333
353.21422679 173.5
353.66845217 174.0
354.12273266 174.0
354.57706824 175.0
355.03145886 172.5
355.48590449 172.5
355.94040509 171.333333333
356.39496062 174.0
356.84957105 172.333333333
357.30423634 173.0
357.75895646 171.666666667
358.21373136 174.0
358.66856102 172.333333333
359.12344538 175.0
359.57838442 175.0
360.03337811 175.5
360.48842639 172.333333333
360.94352924 171.5
361.39868662 173.0
361.8538985 170.5
362.30916483 173.0
362.76448558 171.5
363.21986071 171.5
363.67529018 172.0
364.13077397 173.0
364.58631202 174.666666667
365.04190431 173.0
365.4975508 169.333333333
365.95325145 169.5
366.40900623 172.666666667
366.86481509 170.5
367.32067801 173.333333333
367.77659494 172.0
368.23256584 172.0
368.68859069 175.0
369.14466944 173.666666667
369.60080206 174.0
370.05698851 175.333333333
370.51322875 174.5
370.96952275 173.0
371.42587047 170.5
371.88227187 172.5
372.33872691 173.666666667
372.79523557 170.5
373.2517978 173.0
373.70841357 173.5
374.16508283 169.333333333
374.62180556 172.5
375.07858171 172.666666667
375.53541125 173.5
375.99229415 171.666666667
376.44923035 174.0
376.90621984 172.666666667
377.36326257 171.5
377.8203585 171.333333333
378.2775076 171.0
378.73470984 171.0
379.19196516 172.0
379.64927355 173.0
380.10663495 176.5
380.56404934 172.0
381.02151668 171.5
381.47903693 174.333333333
381.93661005 169.5
382.394236 177.0
382.85191476 171.333333333
383.30964628 170.5
383.76743053 171.333333333
384.22526746 174.0
384.68315705 175.0
385.14109926 175.0
385.59909404 171.333333333
386.05714137 177.0
386.5152412 173.666666667
386.97339351 168.5
387.43159824 172.333333333
387.88985537 172.0
388.34816486 174.0
388.80652667 177.5
389.26494076 173.0
389.7234071 172.5
390.18192566 174.333333333
390.64049638 181.5
391.09911925 173.0
391.55779422 170.0
392.01652125 174.666666667
392.4753003 174.5
392.93413135 170.333333333
393.39301436 170.5
393.85194927 172.666666667
394.31093607 171.5
394.76997472 169.5
395.22906517 172.666666667
395.68820739 173.5
396.14740134 170.666666667
396.60664699 174.0
397.06594429 173.333333333
397.52529322 166.5
397.98469374 173.0
398.44414581 173.0
398.90364938 170.666666667
399.36320444 171.5
399.82281093 173.666666667
400.28246882 170.0
400.74217808 173.333333333
401.20193867 173.0
401.66175054 173.0
402.12161368 173.0
402.58152803 173.0
403.04149356 171.0
403.50151023 173.666666667
403.96157802 170.5
404.42169687 172.333333333
404.88186676 172.0
405.34208764 172.0
405.80235949 169.5
406.26268226 169.0
406.72305591 174.0
407.18348042 171.333333333
407.64395574 170.0
408.10448183 173.333333333
408.56505866 168.5
409.0256862 173.333333333
409.4863644 174.0
409.94709324 172.0
410.40787266 173.5
410.86870264 174.333333333
411.32958314 175.5
411.79051412 172.0
412.25149554 176.0
412.71252738 169.666666667
413.17360958 175.0
413.63474212 172.666666667
414.09592496 170.0
414.55715806 173.0
415.01844138 173.0
415.4797749 173.5
415.94115856 169.666666667
416.40259233 170.0
416.86407619 171.333333333
417.32561008 177.0
417.78719398 176.0
418.24882784 170.5
418.71051164 174.333333333
419.17224533 171.0
419.63402887 173.333333333
420.09586223 174.0
420.55774538 172.333333333
421.01967827 172.0
421.48166087 170.0
421.94369315 173.0
422.40577506 172.666666667
422.86790657 175.0
423.33008764 175.0
423.79231823 173.0
424.25459832 172.0
424.71692786 167.5
425.17930681 171.0
425.64173514 174.5
426.10421281 172.333333333
426.56673978 170.5
427.02931602 172.666666667
427.4919415 169.5
427.95461617 174.333333333
428.41733999 178.0
428.88011294 175.0
429.34293497 170.0
429.80580604 171.666666667
430.26872613 170.0
430.73169519 173.333333333
431.19471319 175.5
431.65778008 170.666666667
432.12089584 175.5
432.58406043 170.333333333
433.0472738 171.0
433.51053593 174.0
433.97384677 176.5
434.4372063 174.333333333
434.90061446 172.5
435.36407123 172.333333333
435.82757657 174.0
436.29113044 172.333333333
436.75473281 174.5
437.21838363 172.333333333
437.68208288 173.5
438.14583051 171.666666667
438.60962648 170.5
439.07347077 173.666666667
439.53736333 174.5
440.00130413 173.0
440.46529314 175.0
440.9293303 171.333333333
441.39341559 172.0
441.85754898 174.333333333
442.32173041 173.5
442.78595986 173.666666667
443.2502373 173.5
443.71456267 171.333333333
444.17893595 173.5
444.64335711 170.0
445.10782609 176.0
445.57234287 172.666666667
446.03690741 171.0
446.50151967 171.0
446.96617962 170.0
447.43088721 173.0
447.89564242 170.0
448.3604452 171.0
448.82529553 171.5
449.29019335 171.666666667
449.75513864 170.0
450.22013135 171.333333333
450.68517146 173.5
451.15025892 172.333333333
451.6153937 173.0
452.08057576 174.0
452.54580506 172.5
453.01108157 172.666666667
453.47640525 175.5
453.94177607 171.666666667
454.40719398 171.5
454.87265895 174.333333333
455.33817095 174.333333333
455.80372993 169.5
456.26933586 171.666666667
456.7349887 174.5
457.20068842 175.0
457.66643498 171.5
458.13222835 173.666666667
458.59806847 169.5
459.06395533 171.666666667
459.52988888 174.5
459.99586908 172.666666667
460.4618959 172.5
460.92796931 173.333333333
461.39408926 169.0
461.86025571 173.333333333
462.32646864 175.5
462.792728 175.0
463.25903377 171.5
463.72538589 174.666666667
464.19178433 172.0
464.65822906 173.333333333
465.12472005 176.0
465.59125725 173.333333333
466.05784062 174.0
466.52447013 174.0
466.99114575 171.0
467.45786744 173.333333333
467.92463515 173.5
468.39144886 174.0
468.85830852 171.0
469.3252141 170.333333333
469.79216557 173.0
470.25916288 172.0
470.726206 175.5
471.19329489 171.666666667
471.66042952 172.0
472.12760985 173.666666667
472.59483583 169.5
473.06210745 173.0
473.52942465 172.0
473.9967874 173.333333333
474.46419567 171.5
474.93164941 173.666666667
475.3991486 172.0
475.86669319 171.0
476.33428315 172.666666667
476.80191844 175.5
477.26959902 172.333333333
477.73732486 171.5
478.20509592 175.0
478.67291216 171.0
479.14077355 176.0
479.60868006 169.5
480.07663163 174.666666667
480.54462824 175.0
481.01266985 174.333333333
481.48075642 173.5
481.94888792 172.666666667
482.4170643 179.0
482.88528554 174.333333333
483.3535516 172.5
483.82186243 176.0
484.29021801 172.5
484.75861829 174.0
485.22706324 175.5
485.69555282 173.0
486.16408699 174.5
486.63266573 171.666666667
487.10128898 175.0
487.56995672 172.333333333
488.03866891 170.0
488.50742551 174.333333333
488.97622648 173.0
489.44507179 169.333333333
489.91396139 174.0
490.38289527 170.0
490.85187337 171.666666667
491.32089566 175.0
491.7899621 174.333333333
492.25907266 176.0
492.7282273 171.333333333
493.19742598 168.0
493.66666867 171.333333333
494.13595533 175.0
494.60528591 174.0
495.0746604 170.0
495.54407874 173.666666667
496.01354091 172.0
496.48304686 174.333333333
496.95259656 172.0
497.42218997 172.333333333
497.89182706 170.0
498.36150779 172.666666667
498.83123211 170.5
499.301 172.333333333
499.77081142 172.5
500.24066633 173.0
500.71056469 176.666666667
501.18050648 174.5
501.65049164 171.333333333
502.12052014 169.5
502.59059195 177.333333333
503.06070704 173.5
503.53086535 173.333333333
504.00106686 173.5
504.47131154 172.666666667
504.94159933 168.5
505.41193021 172.333333333
505.88230414 175.0
506.35272109 172.666666667
506.82318101 172.5
507.29368386 173.666666667
507.76422962 172.5
508.23481825 175.666666667
508.7054497 172.0
509.17612395 173.0
509.64684095 173.5
510.11760067 173.0
510.58840307 175.666666667
511.05924812 169.0
511.53013577 178.333333333
512.001066 176.0
512.47203875 176.0
512.94305401 177.0
513.41411173 176.666666667
513.88521187 174.0
514.3563544 173.666666667
514.82753927 173.0
515.29876647 173.0
515.77003593 173.0
516.24134764 171.333333333
516.71270155 172.5
517.18409763 174.333333333
517.65553584 174.5
518.12701614 172.0
518.5985385 173.333333333
519.07010287 172.0
519.54170923 171.666666667
520.01335753 170.5
520.48504774 173.333333333
520.95677983 174.0
521.42855375 174.333333333
521.90036946 172.5
522.37222694 173.666666667
522.84412615 169.5
523.31606704 173.666666667
523.78804958 174.0
524.26007374 172.666666667
524.73213947 179.0
525.20424675 172.666666667
525.67639553 171.0
526.14858578 171.666666667
526.62081745 172.333333333
527.09309052 172.0
527.56540495 173.0
528.0377607 171.5
528.51015773 172.333333333
528.98259601 172.5
529.4550755 174.0
529.92759616 173.0
530.40015795 172.666666667
530.87276085 172.0
531.34540481 170.0
531.81808979 170.5
532.29081576 172.666666667
532.76358269 176.0
533.23639053 180.333333333
533.70923924 175.0
534.1821288 177.5
534.65505917 175.666666667
535.1280303 171.5
535.60104217 173.666666667
536.07409473 176.0
536.54718794 174.333333333
537.02032178 171.5
537.4934962 172.0
537.96671117 171.0
538.43996665 172.666666667
538.91326261 174.5
539.386599 174.666666667
539.85997579 190.333333333
540.33339294 180.0
540.80685042 173.666666667
541.28034819 173.5
541.75388622 173.666666667
542.22746446 173.5
542.70108287 172.333333333
543.17474144 175.5
543.6484401 175.333333333
544.12217884 171.5
544.59595761 174.333333333
545.06977637 174.0
545.5436351 175.0
546.01753374 171.5
546.49147227 172.333333333
546.96545065 170.666666667
547.43946884 173.5
547.9135268 173.0
548.3876245 174.5
548.86176191 173.666666667
549.33593897 173.5
549.81015567 172.0
550.28441195 173.0
550.75870779 170.666666667
551.23304315 174.0
551.70741799 173.0
552.18183227 175.0
552.65628595 176.333333333
553.13077901 171.0
553.6053114 172.0
554.07988309 173.0
554.55449403 176.5
555.0291442 174.0
555.50383356 171.5
555.97856206 175.0
556.45332968 173.0
556.92813637 174.333333333
557.4029821 173.5
557.87786683 171.666666667
558.35279053 174.0
558.82775315 172.0
559.30275467 175.666666667
559.77779504 172.5
560.25287423 174.666666667
560.72799221 174.0
561.20314892 175.666666667
561.67834435 174.5
562.15357844 172.666666667
562.62885117 169.0
563.10416249 172.333333333
563.57951238 171.333333333
564.05490079 177.5
564.53032769 173.0
565.00579303 170.5
565.48129679 174.333333333
565.95683893 173.5
566.4324194 176.666666667
566.90803818 172.0
567.38369523 175.333333333
567.8593905 171.5
568.33512397 173.333333333
568.81089559 173.0
569.28670533 176.0
569.76255316 175.666666667
570.23843902 174.5
570.7143629 174.666666667
571.19032475 176.0
571.66632453 176.333333333
572.14236222 172.0
572.61843776 175.333333333
573.09455113 175.5
573.57070228 172.333333333
574.04689119 174.5
574.52311781 174.333333333
574.99938211 177.666666667
575.47568405 176.0
575.95202359 181.666666667
576.4284007 200.0
576.90481534 179.666666667
577.38126747 174.0
577.85775706 176.0
578.33428407 170.5
578.81084846 175.333333333
579.2874502 172.333333333
579.76408925 176.5
580.24076557 183.0
580.71747912 178.5
581.19422988 178.666666667
581.6710178 183.5
582.14784284 189.333333333
582.62470497 180.0
583.10160416 182.333333333
583.57854035 184.0
584.05551353 197.0
584.53252365 307.333333333
585.00957067 1232.0
585.48665456 804.333333333
585.96377529 223.0
586.4409328 196.666666667
586.91812708 192.0
587.39535807 209.0
587.87262575 434.0
588.34993007 512.666666667
588.82727101 203.666666667
589.30464852 188.5
589.78206256 183.666666667
590.25951311 191.0
590.73700012 185.666666667
591.21452355 179.5
591.69208338 179.333333333
592.16967956 187.5
592.64731205 184.666666667
593.12498082 187.5
593.60268584 206.0
594.08042706 540.666666667
594.55820445 879.0
595.03601797 281.333333333
595.51386759 196.0
595.99175326 189.666666667
596.46967496 194.5
596.94763264 202.666666667
597.42562627 371.5
597.90365581 266.666666667
598.38172122 184.333333333
598.85982248 186.0
599.33795953 179.666666667
599.81613235 178.0
600.29434089 180.333333333
600.77258513 183.5
601.25086501 185.0
601.72918052 186.5
602.20753161 186.333333333
602.68591823 329.666666667
603.16434037 343.5
603.64279797 194.0
604.12129101 183.0
604.59981945 183.0
605.07838324 181.5
605.55698236 183.333333333
606.03561676 183.5
606.51428641 191.333333333
606.99299127 456.333333333
607.47173131 817.0
607.95050648 283.333333333
608.42931676 208.0
608.9081621 241.333333333
609.38704248 943.0
609.86595784 799.0
610.34490816 227.0
610.82389339 197.0
611.30291351 192.333333333
611.78196847 193.5
612.26105823 196.0
612.74018277 235.0
613.21934204 220.333333333
613.69853601 277.5
614.17776464 1472.0
614.65702789 784.0
615.13632573 245.666666667
615.61565812 217.666666667
616.09502502 564.0
616.5744264 474.0
617.05386221 202.5
617.53333243 190.0
618.01283702 189.0
618.49237593 185.666666667
618.97194914 181.5
619.4515566 178.666666667
619.93119828 182.0
620.41087415 181.0
620.89058415 187.0
621.37032827 335.0
621.85010646 466.666666667
622.32991868 209.5
622.8097649 186.333333333
623.28964508 180.0
623.76955919 178.5
624.24950718 183.666666667
624.72948902 188.0
625.20950468 183.0
625.68955412 193.0
626.16963729 357.333333333
626.64975417 1057.0
627.12990471 370.666666667
627.61008889 196.333333333
628.09030666 186.0
628.57055798 188.666666667
629.05084283 186.0
629.53116115 190.666666667
630.01151293 243.0
630.49189811 552.0
630.97231666 237.666666667
631.45276855 196.5
631.93325374 196.666666667
632.41377219 208.0
632.89432387 371.0
633.37490873 1506.0
633.85552675 538.0
634.33617788 220.0
634.81686209 197.666666667
635.29757934 192.333333333
635.77832959 188.5
636.25911281 193.0
636.73992897 196.5
637.22077801 209.666666667
637.70165992 243.5
638.18257464 1115.0
638.66352215 490.666666667
639.1445024 259.5
639.62551537 511.666666667
640.10656101 3244.5
640.58763928 1144.0
641.06875016 282.0
641.54989359 217.666666667
642.03106956 199.333333333
642.51227801 191.5
642.99351892 189.666666667
643.47479224 184.5
643.95609794 182.0
644.43743598 183.0
644.91880633 181.666666667
645.40020894 180.0
645.88164379 180.333333333
646.36311083 181.333333333
646.84461003 178.5
647.32614135 182.0
647.80770476 186.0
648.28930022 184.333333333
648.77092768 188.5
649.25258712 191.333333333
649.7342785 209.0
650.21600177 626.5
650.69775691 1434.0
651.17954388 354.0
651.66136264 216.0
652.14321315 198.0
652.62509538 204.666666667
653.10700929 605.0
653.58895484 328.0
654.070932 202.0
654.55294072 187.5
655.03498098 182.333333333
655.51705274 178.0
655.99915595 186.0
656.48129059 186.666666667
656.96345661 180.0
657.44565398 181.333333333
657.92788266 182.0
658.41014262 182.666666667
658.89243382 190.0
659.37475621 271.0
659.85710978 740.666666667
660.33949447 276.5
660.82191025 199.0
661.30435708 184.0
661.78683493 181.0
662.26934377 181.0
662.75188354 179.666666667
663.23445423 181.666666667
663.71705578 178.5
664.19968817 175.0
664.68235136 182.0
665.1650453 186.333333333
665.64776997 180.0
666.13052532 183.0
666.61331133 189.0
667.09612794 208.5
667.57897514 1009.33333333
668.06185287 644.5
668.5447611 247.0
669.0276998 193.0
669.51066893 190.0
669.99366845 185.666666667
670.47669833 191.5
670.95975852 202.666666667
671.442849 761.5
671.92596972 557.333333333
672.40912065 225.5
672.89230175 190.666666667
673.37551298 182.666666667
673.85875431 185.5
674.3420257 178.666666667
674.82532712 180.0
675.30865852 174.0
675.79201988 179.0
676.27541115 176.0
676.75883229 175.0
677.24228328 176.5
677.72576406 176.0
678.20927462 176.5
678.6928149 173.333333333
679.17638488 173.0
679.65998451 174.666666667
680.14361377 175.0
680.6272726 175.5
681.11096098 178.333333333
681.59467887 174.5
682.07842623 172.666666667
682.56220303 172.0
683.04600923 175.0
683.52984478 172.666666667
684.01370967 171.5
684.49760384 176.0
684.98152726 175.5
685.46547989 173.666666667
685.94946171 172.0
686.43347266 172.0
686.91751272 174.666666667
687.40158185 173.5
687.88568001 176.0
688.36980716 176.0
688.85396327 179.333333333
689.33814829 177.666666667
689.82236221 176.0
690.30660496 176.0
690.79087653 174.5
691.27517687 181.666666667
691.75950595 189.0
692.24386373 202.666666667
692.72825017 939.333333333
693.21266523 522.0
693.69710889 232.666666667
694.18158109 189.0
694.66608181 180.666666667
695.15061101 182.333333333
695.63516866 179.5
696.1197547 175.0
696.60436912 171.0
697.08901187 178.666666667
697.57368291 175.0
698.05838221 176.666666667
698.54310973 175.333333333
699.02786544 178.0
699.51264929 178.333333333
699.99746125 179.5
700.48230129 178.0
700.96716936 177.0
701.45206544 186.333333333
701.93698948 226.0
702.42194144 289.5
702.9069213 1042.33333333
703.391929 1024.0
703.87696453 333.666666667
704.36202783 201.0
704.84711888 186.5
705.33223763 191.333333333
705.81738405 204.5
706.30255811 183.666666667
706.78775976 177.0
707.27298897 177.333333333
707.7582457 173.333333333
708.24352991 170.0
708.72884158 174.666666667
709.21418065 175.5
709.6995471 175.0
710.18494089 173.666666667
710.67036198 173.5
711.15581034 176.0
711.64128592 173.0
712.12678869 175.333333333
712.61231862 176.5
713.09787566 173.0
713.58345979 175.0
714.06907095 177.0
714.55470913 173.666666667
715.04037427 179.0
715.52606635 175.666666667
716.01178533 176.666666667
716.49753116 182.5
716.98330382 298.0
717.46910326 341.0
717.95492946 209.333333333
718.44078236 176.0
718.92666194 175.666666667
719.41256816 173.666666667
719.89850098 177.5
720.38446037 176.0
720.87044629 174.5
721.3564587 176.666666667
721.84249756 176.333333333
722.32856284 175.0
722.8146545 177.333333333
723.30077251 184.5
723.78691682 206.333333333
724.27308741 662.0
724.75928423 494.333333333
725.24550724 216.0
725.73175642 182.0
726.21803172 179.666666667
726.70433311 178.5
727.19066055 177.333333333
727.677014 175.666666667
728.16339343 173.0
728.6497988 175.666666667
729.13623007 172.0
729.62268721 174.0
730.10917018 174.333333333
730.59567893 175.5
731.08221345 173.333333333
731.56877369 173.0
732.0553596 174.0
732.54197116 176.5
733.02860834 174.0
733.51527108 175.666666667
734.00195936 177.0
734.48867313 175.333333333
734.97541237 170.0
735.46217703 174.333333333
735.94896708 172.333333333
736.43578248 168.5
736.9226232 171.333333333
737.40948919 171.0
737.89638043 172.333333333
738.38329686 172.0
738.87023847 174.0
739.3572052 171.666666667
739.84419703 169.5
740.33121392 175.333333333
740.81825582 175.0
741.30532271 179.666666667
741.79241455 175.0
742.27953129 173.5
742.76667291 174.333333333
743.25383936 187.5
743.74103061 304.0
744.22824663 230.0
744.71548737 183.5
745.2027528 174.333333333
745.69004288 173.0
746.17735758 177.0
746.66469685 176.666666667
747.15206067 180.0
747.63944899 176.333333333
748.12686178 174.0
748.614299 213.666666667
749.10176061 200.666666667
749.58924659 179.0
750.07675688 174.333333333
750.56429146 172.5
751.05185028 173.333333333
751.53943332 173.0
752.02704053 174.333333333
752.51467187 174.333333333
753.00232732 185.5
753.49000683 213.333333333
753.97771036 198.5
754.46543789 189.666666667
754.95318936 178.333333333
755.44096476 176.0
755.92876403 171.333333333
756.41658715 178.0
756.90443407 170.666666667
757.39230476 170.666666667
757.88019918 171.0
758.3681173 171.333333333
758.85605908 177.0
759.34402448 174.666666667
759.83201346 170.666666667
760.32002599 170.5
760.80806203 173.333333333
761.29612155 171.0
761.78420451 172.0
762.27231086 171.666666667
762.76044058 173.5
763.24859363 172.333333333
763.73676997 174.0
764.22496956 173.0
764.71319237 173.0
765.20143836 171.5
765.68970749 173.333333333
766.17799973 172.5
766.66631504 173.333333333
767.15465338 171.666666667
767.64301472 171.5
768.13139902 173.666666667
768.61980624 170.5
769.10823635 172.666666667
769.5966893 173.0
770.08516507 172.333333333
770.57366361 170.333333333
771.06218489 172.0
771.55072888 172.666666667
772.03929553 169.0
772.5278848 173.0
773.01649667 172.333333333
773.50513109 175.0
773.99378804 171.0
774.48246746 172.5
774.97116932 171.333333333
775.4598936 174.0
775.94864024 171.5
776.43740922 174.666666667
776.9262005 176.5
777.41501403 175.333333333
777.90384979 172.333333333
778.39270774 174.5
778.88158784 172.0
779.37049004 170.5
779.85941433 171.333333333
780.34836066 174.0
780.83732898 173.5
781.32631928 172.0
781.8153315 175.5
782.30436562 171.666666667
782.79342159 175.0
783.28249938 172.0
783.77159895 172.666666667
784.26072027 172.0
784.74986329 172.666666667
785.23902799 173.333333333
785.72821432 173.0
786.21742225 171.666666667
786.70665174 171.0
787.19590276 173.333333333
787.68517526 173.0
788.17446922 170.5
788.66378459 171.0
789.15312133 172.5
789.64247942 170.666666667
790.13185881 174.666666667
790.62125947 170.0
791.11068135 171.0
791.60012443 173.5
792.08958867 173.0
792.57907402 171.333333333
793.06858046 174.5
793.55810795 175.333333333
794.04765644 178.0
794.53722591 176.666666667
795.02681631 172.666666667
795.51642762 171.0
796.00605978 170.666666667
796.49571277 170.0
796.98538655 172.0
797.47508108 173.333333333
797.96479632 169.0
798.45453224 171.333333333
798.94428881 172.5
799.43406597 172.333333333
799.92386371 175.333333333
800.41368198 171.5
800.90352074 171.666666667
801.39337996 171.0
801.8832596 171.666666667
802.37315962 170.0
802.86307999 174.5
803.35302067 170.666666667
803.84298163 169.5
804.33296282 173.0
804.82296421 174.0
805.31298576 172.0
805.80302744 171.666666667
806.29308921 173.333333333
806.78317103 174.0
807.27327287 173.333333333
807.76339468 175.0
808.25353644 176.666666667
808.74369811 173.0
809.23387964 174.5
809.724081 174.333333333
810.21430216 176.0
810.70454308 171.333333333
811.19480372 171.0
811.68508405 174.0
812.17538402 175.333333333
812.6657036 170.5
813.15604276 179.666666667
813.64640146 182.666666667
814.13677965 178.5
814.62717731 172.333333333
815.1175944 174.0
815.60803088 169.333333333
816.09848671 169.333333333
816.58896185 172.0
817.07945628 172.666666667
817.56996995 177.0
818.06050283 174.0
818.55105488 171.0
819.04162606 169.5
819.53221633 173.666666667
820.02282567 171.5
820.51345402 174.0
821.00410137 175.666666667
821.49476766 172.0
821.98545286 171.333333333
822.47615694 172.0
822.96687986 171.5
