337.35134888 0.0
337.80362194 0.0
338.25595141 0.0
338.70833725 0.0
339.16077942 0.0
339.61327788 0.0
340.06583261 0.0
340.51844356 0.0
340.97111069 0.0
341.42383397 0.0
341.87661336 0.0
342.32944883 0.0
342.78234033 0.0
343.23528784 0.0
343.68829131 0.0
344.1413507 0.0
344.59446599 0.0
345.04763714 0.0
345.5008641 0.0
345.95414684 0.0
346.40748532 0.0
346.86087951 0.0
347.31432937 0.0
347.76783486 0.0
348.22139595 0.0
348.6750126 0.0
349.12868478 0.0
349.58241244 0.0
350.03619554 57.6666666667
350.49003406 178.0
350.94392796 176.666666667
351.3978772 174.5
351.85188173 173.666666667
352.30594153 174.0
352.76005657 176.333333333
353.21422679 182.0
353.66845217 176.333333333
354.12273266 172.0
354.57706824 176.333333333
355.03145886 172.5
355.48590449 179.0
355.94040509 176.666666667
356.39496062 176.0
356.84957105 175.333333333
357.30423634 170.0
357.75895646 175.0
358.21373136 179.5
358.66856102 172.333333333
359.12344538 173.0
359.57838442 175.333333333
360.03337811 176.0
360.48842639 174.333333333
360.94352924 174.5
361.39868662 175.333333333
361.8538985 173.0
362.30916483 174.0
362.76448558 171.5
363.21986071 177.5
363.67529018 174.666666667
364.13077397 174.5
364.58631202 176.0
365.04190431 173.0
365.4975508 174.666666667
365.95325145 174.0
366.40900623 175.333333333
366.86481509 172.0
367.32067801 175.0
367.77659494 173.0
368.23256584 175.0
368.68859069 175.5
369.14466944 175.666666667
369.60080206 174.5
370.05698851 175.666666667
370.51322875 171.5
370.96952275 178.0
371.42587047 178.5
371.88227187 173.5
372.33872691 171.666666667
372.79523557 175.0
373.2517978 174.0
373.70841357 178.5
374.16508283 176.0
374.62180556 172.0
375.07858171 174.0
375.53541125 176.5
375.99229415 173.333333333
376.44923035 175.5
376.90621984 175.666666667
377.36326257 174.5
377.8203585 176.333333333
378.2775076 172.5
378.73470984 177.666666667
379.19196516 177.5
379.64927355 174.333333333
380.10663495 175.0
380.56404934 173.333333333
381.02151668 172.0
381.47903693 175.0
381.93661005 172.5
382.394236 174.5
382.85191476 176.666666667
383.30964628 175.0
383.76743053 173.333333333
384.22526746 176.5
384.68315705 176.666666667
385.14109926 172.5
385.59909404 172.666666667
386.05714137 175.0
386.5152412 172.0
386.97339351 174.5
387.43159824 172.333333333
387.88985537 172.0
388.34816486 174.0
388.80652667 175.0
389.26494076 175.666666667
389.7234071 177.0
390.18192566 176.0
390.64049638 181.0
391.09911925 173.333333333
391.55779422 171.5
392.01652125 175.666666667
392.4753003 176.0
392.93413135 173.0
393.39301436 174.0
393.85194927 175.333333333
394.31093607 173.0
394.76997472 178.0
395.22906517 172.333333333
395.68820739 174.5
396.14740134 176.666666667
396.60664699 175.5
397.06594429 175.333333333
397.52529322 172.5
397.98469374 175.0
398.44414581 173.0
398.90364938 175.666666667
399.36320444 175.5
399.82281093 175.666666667
400.28246882 176.0
400.74217808 174.666666667
401.20193867 172.0
401.66175054 174.666666667
402.12161368 172.5
402.58152803 175.333333333
403.04149356 176.5
403.50151023 173.333333333
403.96157802 172.5
404.42169687 173.666666667
404.88186676 176.0
405.34208764 175.0
405.80235949 175.5
406.26268226 169.666666667
406.72305591 173.5
407.18348042 176.333333333
407.64395574 177.0
408.10448183 176.666666667
408.56505866 173.5
409.0256862 176.0
409.4863644 174.0
409.94709324 175.666666667
410.40787266 174.5
410.86870264 176.0
411.32958314 178.5
411.79051412 178.333333333
412.25149554 176.0
412.71252738 171.333333333
413.17360958 176.5
413.63474212 173.666666667
414.09592496 176.5
414.55715806 174.5
415.01844138 176.0
415.4797749 173.5
415.94115856 173.0
416.40259233 175.0
416.86407619 174.333333333
417.32561008 172.0
417.78719398 174.0
418.24882784 170.5
418.71051164 175.0
419.17224533 174.0
419.63402887 176.0
420.09586223 176.0
420.55774538 174.0
421.01967827 172.5
421.48166087 174.0
421.94369315 178.0
422.40577506 173.333333333
422.86790657 175.0
423.33008764 172.666666667
423.79231823 175.5
424.25459832 176.666666667
424.71692786 172.5
425.17930681 177.333333333
425.64173514 177.0
426.10421281 173.0
426.56673978 173.0
427.02931602 179.0
427.4919415 174.5
427.95461617 175.333333333
428.41733999 180.0
428.88011294 175.0
429.34293497 170.5
429.80580604 172.333333333
430.26872613 175.5
430.73169519 177.333333333
431.19471319 172.5
431.65778008 174.333333333
432.12089584 172.0
432.58406043 175.333333333
433.0472738 176.0
433.51053593 175.666666667
433.97384677 176.5
434.4372063 175.0
434.90061446 177.0
435.36407123 174.666666667
435.82757657 176.5
436.29113044 177.333333333
436.75473281 181.0
437.21838363 177.666666667
437.68208288 174.5
438.14583051 173.0
438.60962648 179.0
439.07347077 174.333333333
439.53736333 173.5
440.00130413 176.666666667
440.46529314 177.0
440.9293303 176.333333333
441.39341559 178.5
441.85754898 178.333333333
442.32173041 174.5
442.78595986 174.0
443.2502373 171.0
443.71456267 173.666666667
444.17893595 180.0
444.64335711 175.0
445.10782609 176.0
445.57234287 172.0
446.03690741 172.0
446.50151967 173.666666667
446.96617962 176.0
447.43088721 176.333333333
447.89564242 172.5
448.3604452 173.333333333
448.82529553 176.5
449.29019335 174.666666667
449.75513864 176.5
450.22013135 173.333333333
450.68517146 174.5
451.15025892 175.0
451.6153937 176.5
452.08057576 174.666666667
452.54580506 175.5
453.01108157 175.0
453.47640525 177.5
453.94177607 175.333333333
454.40719398 170.0
454.87265895 174.333333333
455.33817095 175.0
455.80372993 176.0
456.26933586 174.0
456.7349887 171.0
457.20068842 175.333333333
457.66643498 172.5
458.13222835 175.0
458.59806847 174.0
459.06395533 174.666666667
459.52988888 173.5
459.99586908 175.666666667
460.4618959 175.0
460.92796931 175.666666667
461.39408926 178.0
461.86025571 176.333333333
462.32646864 177.0
462.792728 175.333333333
463.25903377 174.0
463.72538589 175.333333333
464.19178433 178.5
464.65822906 175.0
465.12472005 177.0
465.59125725 177.0
466.05784062 173.5
466.52447013 174.666666667
466.99114575 175.0
467.45786744 176.0
467.92463515 175.0
468.39144886 173.333333333
468.85830852 174.0
469.3252141 173.333333333
469.79216557 176.5
470.25916288 174.666666667
470.726206 176.5
471.19329489 175.0
471.66042952 177.0
472.12760985 176.666666667
472.59483583 178.0
473.06210745 179.0
473.52942465 177.0
473.9967874 177.333333333
474.46419567 174.5
474.93164941 179.0
475.3991486 177.5
475.86669319 177.0
476.33428315 177.0
476.80191844 175.5
477.26959902 175.666666667
477.73732486 173.0
478.20509592 177.0
478.67291216 173.5
479.14077355 176.333333333
479.60868006 174.5
480.07663163 176.0
480.54462824 173.5
481.01266985 175.666666667
481.48075642 181.5
481.94888792 176.333333333
482.4170643 179.0
482.88528554 177.0
483.3535516 174.0
483.82186243 178.333333333
484.29021801 180.5
484.75861829 178.0
485.22706324 176.0
485.69555282 174.333333333
486.16408699 174.5
486.63266573 175.666666667
487.10128898 179.5
487.56995672 175.0
488.03866891 174.5
488.50742551 174.0
488.97622648 174.5
489.44507179 173.333333333
489.91396139 175.666666667
490.38289527 178.5
490.85187337 174.0
491.32089566 176.5
491.7899621 173.333333333
492.25907266 174.5
492.7282273 175.333333333
493.19742598 177.5
493.66666867 176.333333333
494.13595533 176.5
494.60528591 178.333333333
495.0746604 172.5
495.54407874 177.666666667
496.01354091 177.0
496.48304686 173.666666667
496.95259656 176.0
497.42218997 175.333333333
497.89182706 172.0
498.36150779 174.666666667
498.83123211 174.5
499.301 176.0
499.77081142 173.5
500.24066633 176.333333333
500.71056469 177.333333333
501.18050648 174.5
501.65049164 175.0
502.12052014 177.5
502.59059195 177.333333333
503.06070704 174.0
503.53086535 174.0
504.00106686 175.0
504.47131154 177.0
504.94159933 175.0
505.41193021 176.0
505.88230414 176.5
506.35272109 173.0
506.82318101 172.0
507.29368386 173.666666667
507.76422962 179.0
508.23481825 178.0
508.7054497 172.0
509.17612395 172.0
509.64684095 171.5
510.11760067 176.333333333
510.58840307 174.333333333
511.05924812 176.0
511.53013577 176.0
512.001066 174.0
512.47203875 174.0
512.94305401 173.5
513.41411173 181.333333333
513.88521187 179.5
514.3563544 176.0
514.82753927 172.0
515.29876647 174.0
515.77003593 177.5
516.24134764 175.0
516.71270155 176.5
517.18409763 180.333333333
517.65553584 175.0
518.12701614 174.0
518.5985385 176.0
519.07010287 175.0
519.54170923 176.0
520.01335753 177.0
520.48504774 175.333333333
520.95677983 176.0
521.42855375 175.666666667
521.90036946 174.0
522.37222694 175.666666667
522.84412615 176.0
523.31606704 176.0
523.78804958 174.5
524.26007374 175.0
524.73213947 176.5
525.20424675 175.666666667
525.67639553 176.5
526.14858578 174.333333333
526.62081745 176.333333333
527.09309052 175.0
527.56540495 176.0
528.0377607 175.0
528.51015773 177.333333333
528.98259601 176.0
529.4550755 172.666666667
529.92759616 174.5
530.40015795 176.333333333
530.87276085 171.0
531.34540481 172.333333333
531.81808979 175.5
532.29081576 175.333333333
532.76358269 176.0
533.23639053 181.0
533.70923924 178.333333333
534.1821288 175.0
534.65505917 174.666666667
535.1280303 176.5
535.60104217 178.0
536.07409473 178.5
536.54718794 176.0
537.02032178 175.5
537.4934962 175.333333333
537.96671117 173.0
538.43996665 175.0
538.91326261 173.5
539.386599 172.666666667
539.85997579 175.0
540.33339294 173.0
540.80685042 176.333333333
541.28034819 180.0
541.75388622 173.666666667
542.22746446 173.0
542.70108287 174.0
543.17474144 175.0
543.6484401 173.666666667
544.12217884 174.0
544.59595761 175.0
545.06977637 173.5
545.5436351 175.333333333
546.01753374 172.5
546.49147227 174.333333333
546.96545065 170.666666667
547.43946884 178.5
547.9135268 175.666666667
548.3876245 177.5
548.86176191 174.333333333
549.33593897 174.0
549.81015567 173.0
550.28441195 179.5
550.75870779 173.0
551.23304315 173.5
551.70741799 174.333333333
552.18183227 174.5
552.65628595 176.333333333
553.13077901 175.0
553.6053114 177.5
554.07988309 177.333333333
554.55449403 173.5
555.0291442 175.0
555.50383356 174.0
555.97856206 177.0
556.45332968 175.5
556.92813637 176.333333333
557.4029821 177.0
557.87786683 176.333333333
558.35279053 174.0
558.82775315 172.5
559.30275467 176.0
559.77779504 176.0
560.25287423 177.333333333
560.72799221 175.5
561.20314892 176.0
561.67834435 174.0
562.15357844 175.0
562.62885117 174.0
563.10416249 175.333333333
563.57951238 175.333333333
564.05490079 177.0
564.53032769 174.333333333
565.00579303 173.0
565.48129679 178.0
565.95683893 177.0
566.4324194 179.0
566.90803818 176.5
567.38369523 178.333333333
567.8593905 175.5
568.33512397 177.333333333
568.81089559 176.5
569.28670533 175.666666667
569.76255316 177.333333333
570.23843902 174.5
570.7143629 174.333333333
571.19032475 174.5
571.66632453 177.666666667
572.14236222 174.5
572.61843776 173.0
573.09455113 174.0
573.57070228 177.0
574.04689119 172.5
574.52311781 174.0
574.99938211 174.666666667
575.47568405 178.5
575.95202359 173.0
576.4284007 175.5
576.90481534 173.666666667
577.38126747 174.5
577.85775706 176.0
578.33428407 174.0
578.81084846 177.0
579.2874502 176.333333333
579.76408925 174.5
580.24076557 179.0
580.71747912 175.0
581.19422988 174.666666667
581.6710178 177.0
582.14784284 176.666666667
582.62470497 177.5
583.10160416 173.666666667
583.57854035 175.5
584.05551353 176.333333333
584.53252365 175.333333333
585.00957067 178.5
585.48665456 175.666666667
585.96377529 173.5
586.4409328 171.666666667
586.91812708 173.0
587.39535807 175.333333333
587.87262575 175.0
588.34993007 176.333333333
588.82727101 176.333333333
589.30464852 175.5
589.78206256 174.0
590.25951311 175.5
590.73700012 174.333333333
591.21452355 177.0
591.69208338 172.666666667
592.16967956 176.0
592.64731205 173.666666667
593.12498082 174.0
593.60268584 177.0
594.08042706 175.0
594.55820445 175.0
595.03601797 176.0
595.51386759 173.5
595.99175326 175.666666667
596.46967496 173.5
596.94763264 174.333333333
597.42562627 177.0
597.90365581 174.0
598.38172122 173.666666667
598.85982248 177.5
599.33795953 175.666666667
599.81613235 174.0
600.29434089 175.666666667
600.77258513 173.0
601.25086501 177.0
601.72918052 175.0
602.20753161 170.666666667
602.68591823 176.0
603.16434037 173.0
603.64279797 177.666666667
604.12129101 179.0
604.59981945 177.333333333
605.07838324 170.0
605.55698236 177.333333333
606.03561676 171.5
606.51428641 174.666666667
606.99299127 174.333333333
607.47173131 176.5
607.95050648 174.0
608.42931676 171.0
608.9081621 177.0
609.38704248 174.5
609.86595784 175.666666667
610.34490816 177.5
610.82389339 175.333333333
611.30291351 175.0
611.78196847 176.0
612.26105823 176.666666667
612.74018277 174.0
613.21934204 175.666666667
613.69853601 178.5
614.17776464 176.333333333
614.65702789 175.5
615.13632573 177.333333333
615.61565812 184.666666667
616.09502502 176.0
616.5744264 175.333333333
617.05386221 174.5
617.53333243 178.666666667
618.01283702 174.5
618.49237593 174.333333333
618.97194914 172.5
619.4515566 176.666666667
619.93119828 176.0
620.41087415 176.5
620.89058415 172.666666667
621.37032827 172.5
621.85010646 173.333333333
622.32991868 174.5
622.8097649 177.333333333
623.28964508 174.666666667
623.76955919 177.0
624.24950718 174.333333333
624.72948902 174.5
625.20950468 175.666666667
625.68955412 172.0
626.16963729 176.333333333
626.64975417 177.5
627.12990471 174.666666667
627.61008889 173.0
628.09030666 174.0
628.57055798 179.666666667
629.05084283 173.0
629.53116115 177.0
630.01151293 179.0
630.49189811 173.666666667
630.97231666 172.0
631.45276855 174.5
631.93325374 177.666666667
632.41377219 174.5
632.89432387 175.666666667
633.37490873 175.0
633.85552675 173.666666667
634.33617788 173.0
634.81686209 176.0
635.29757934 177.333333333
635.77832959 172.5
636.25911281 176.333333333
636.73992897 174.0
637.22077801 175.666666667
637.70165992 173.0
638.18257464 174.333333333
638.66352215 175.666666667
639.1445024 173.5
639.62551537 175.0
640.10656101 174.5
640.58763928 175.666666667
641.06875016 174.5
641.54989359 177.666666667
642.03106956 176.666666667
642.51227801 174.0
642.99351892 173.0
643.47479224 177.5
643.95609794 171.666666667
644.43743598 173.0
644.91880633 175.333333333
645.40020894 173.5
645.88164379 177.333333333
646.36311083 176.666666667
646.84461003 174.0
647.32614135 173.333333333
647.80770476 171.5
648.28930022 177.666666667
648.77092768 176.0
649.25258712 175.0
649.7342785 175.0
650.21600177 177.5
650.69775691 176.333333333
651.17954388 178.5
651.66136264 175.333333333
652.14321315 173.5
652.62509538 176.0
653.10700929 172.333333333
653.58895484 176.5
654.070932 176.333333333
654.55294072 178.0
655.03498098 178.666666667
655.51705274 177.0
655.99915595 174.666666667
656.48129059 174.666666667
656.96345661 177.0
657.44565398 177.333333333
657.92788266 176.5
658.41014262 177.666666667
658.89243382 175.0
659.37475621 177.0
659.85710978 175.666666667
660.33949447 179.0
660.82191025 179.0
661.30435708 175.0
661.78683493 175.0
662.26934377 172.5
662.75188354 175.666666667
663.23445423 175.333333333
663.71705578 179.0
664.19968817 174.0
664.68235136 174.0
665.1650453 177.666666667
665.64776997 171.5
666.13052532 173.333333333
666.61331133 172.666666667
667.09612794 178.0
667.57897514 177.0
668.06185287 176.0
668.5447611 176.0
669.0276998 171.0
669.51066893 175.0
669.99366845 177.333333333
670.47669833 173.5
670.95975852 176.333333333
671.442849 175.0
671.92596972 179.333333333
672.40912065 171.5
672.89230175 175.666666667
673.37551298 173.333333333
673.85875431 176.0
674.3420257 176.666666667
674.82532712 175.5
675.30865852 175.333333333
675.79201988 176.5
676.27541115 174.666666667
676.75883229 173.666666667
677.24228328 179.5
677.72576406 172.333333333
678.20927462 176.0
678.6928149 176.666666667
679.17638488 172.5
679.65998451 174.666666667
680.14361377 175.666666667
680.6272726 180.0
681.11096098 173.333333333
681.59467887 173.5
682.07842623 172.333333333
682.56220303 173.0
683.04600923 176.333333333
683.52984478 175.333333333
684.01370967 178.0
684.49760384 176.333333333
684.98152726 171.5
685.46547989 170.666666667
685.94946171 175.333333333
686.43347266 174.5
686.91751272 175.666666667
687.40158185 176.0
687.88568001 176.666666667
688.36980716 172.0
688.85396327 177.0
689.33814829 173.333333333
689.82236221 175.5
690.30660496 175.666666667
690.79087653 175.0
691.27517687 173.333333333
691.75950595 174.0
692.24386373 172.333333333
692.72825017 173.333333333
693.21266523 174.0
693.69710889 174.0
694.18158109 174.5
694.66608181 174.0
695.15061101 176.666666667
695.63516866 172.0
696.1197547 175.666666667
696.60436912 169.5
697.08901187 174.333333333
697.57368291 178.0
698.05838221 174.666666667
698.54310973 176.666666667
699.02786544 173.5
699.51264929 174.666666667
699.99746125 177.5
700.48230129 176.666666667
700.96716936 173.0
701.45206544 175.333333333
701.93698948 174.333333333
702.42194144 177.5
702.9069213 172.666666667
703.391929 176.0
703.87696453 174.0
704.36202783 176.0
704.84711888 177.5
705.33223763 176.666666667
705.81738405 173.0
706.30255811 175.0
706.78775976 175.0
707.27298897 175.0
707.7582457 171.0
708.24352991 175.5
708.72884158 174.0
709.21418065 175.0
709.6995471 175.0
710.18494089 173.0
710.67036198 172.5
711.15581034 176.0
711.64128592 172.5
712.12678869 176.0
712.61231862 171.5
713.09787566 174.333333333
713.58345979 177.333333333
714.06907095 176.5
714.55470913 173.333333333
715.04037427 180.0
715.52606635 176.333333333
716.01178533 173.666666667
716.49753116 174.5
716.98330382 173.0
717.46910326 171.5
717.95492946 173.0
718.44078236 175.0
718.92666194 175.666666667
719.41256816 176.666666667
719.89850098 176.0
720.38446037 175.0
720.87044629 174.5
721.3564587 175.666666667
721.84249756 176.333333333
722.32856284 177.5
722.8146545 172.333333333
723.30077251 176.0
723.78691682 174.333333333
724.27308741 174.0
724.75928423 174.333333333
725.24550724 175.666666667
725.73175642 175.5
726.21803172 173.666666667
726.70433311 175.0
727.19066055 173.0
727.677014 174.333333333
728.16339343 172.0
728.6497988 176.666666667
729.13623007 178.5
729.62268721 173.666666667
730.10917018 177.333333333
730.59567893 176.0
731.08221345 173.333333333
731.56877369 173.5
732.0553596 176.333333333
732.54197116 177.5
733.02860834 176.333333333
733.51527108 175.333333333
734.00195936 171.0
734.48867313 175.0
734.97541237 169.5
735.46217703 178.333333333
735.94896708 176.333333333
736.43578248 173.0
736.9226232 174.0
737.40948919 175.0
737.89638043 176.0
738.38329686 174.666666667
738.87023847 173.5
739.3572052 175.0
739.84419703 174.0
740.33121392 175.333333333
740.81825582 172.0
741.30532271 177.0
741.79241455 176.0
742.27953129 174.0
742.76667291 175.0
743.25383936 178.5
743.74103061 173.666666667
744.22824663 174.333333333
744.71548737 173.0
745.2027528 174.0
745.69004288 173.5
746.17735758 174.0
746.66469685 174.0
747.15206067 177.5
747.63944899 178.0
748.12686178 174.0
748.614299 174.333333333
749.10176061 176.666666667
749.58924659 175.0
750.07675688 173.666666667
750.56429146 177.5
751.05185028 176.0
751.53943332 172.0
752.02704053 173.333333333
752.51467187 176.333333333
753.00232732 171.5
753.49000683 176.0
753.97771036 178.0
754.46543789 173.666666667
754.95318936 177.333333333
755.44096476 174.0
755.92876403 172.0
756.41658715 177.5
756.90443407 173.666666667
757.39230476 171.666666667
757.88019918 179.5
758.3681173 174.666666667
758.85605908 175.0
759.34402448 175.333333333
759.83201346 175.666666667
760.32002599 174.5
760.80806203 175.0
761.29612155 175.5
761.78420451 175.0
762.27231086 176.666666667
762.76044058 172.5
763.24859363 173.333333333
763.73676997 172.5
764.22496956 173.333333333
764.71319237 175.333333333
765.20143836 176.5
765.68970749 175.666666667
766.17799973 175.0
766.66631504 173.666666667
767.15465338 174.0
767.64301472 173.0
768.13139902 173.666666667
768.61980624 177.0
769.10823635 176.333333333
769.5966893 174.5
770.08516507 176.333333333
770.57366361 173.333333333
771.06218489 173.5
771.55072888 174.0
772.03929553 173.0
772.5278848 175.333333333
773.01649667 175.333333333
773.50513109 177.0
773.99378804 174.0
774.48246746 173.5
774.97116932 174.666666667
775.4598936 177.333333333
775.94864024 179.5
776.43740922 199.0
776.9262005 371.5
777.41501403 426.0
777.90384979 253.333333333
778.39270774 188.5
778.88158784 182.666666667
779.37049004 180.5
779.85941433 175.333333333
780.34836066 176.666666667
780.83732898 173.0
781.32631928 177.0
781.8153315 174.5
782.30436562 176.333333333
782.79342159 178.333333333
783.28249938 175.5
783.77159895 172.666666667
784.26072027 175.5
784.74986329 173.333333333
785.23902799 175.333333333
785.72821432 178.5
786.21742225 173.333333333
786.70665174 177.0
787.19590276 172.0
787.68517526 174.666666667
788.17446922 171.5
788.66378459 175.666666667
789.15312133 176.0
789.64247942 173.333333333
790.13185881 173.333333333
790.62125947 176.5
791.11068135 172.333333333
791.60012443 172.0
792.08958867 173.666666667
792.57907402 173.333333333
793.06858046 173.0
793.55810795 175.0
794.04765644 178.0
794.53722591 172.666666667
795.02681631 172.0
795.51642762 171.5
796.00605978 172.333333333
796.49571277 172.5
796.98538655 176.666666667
797.47508108 174.666666667
797.96479632 173.5
798.45453224 172.333333333
798.94428881 175.5
799.43406597 175.333333333
799.92386371 176.0
800.41368198 174.0
800.90352074 173.666666667
801.39337996 177.5
801.8832596 173.333333333
802.37315962 176.333333333
802.86307999 174.5
803.35302067 171.333333333
803.84298163 173.5
804.33296282 175.333333333
804.82296421 177.0
805.31298576 175.5
805.80302744 173.666666667
806.29308921 173.666666667
806.78317103 171.0
807.27327287 174.333333333
807.76339468 172.5
808.25353644 174.0
808.74369811 173.333333333
809.23387964 177.0
809.724081 172.333333333
810.21430216 172.5
810.70454308 172.666666667
811.19480372 174.333333333
811.68508405 172.0
812.17538402 171.333333333
812.6657036 172.0
813.15604276 174.0
813.64640146 174.0
814.13677965 174.0
814.62717731 173.333333333
815.1175944 174.5
815.60803088 173.666666667
816.09848671 172.666666667
816.58896185 176.0
817.07945628 174.333333333
817.56996995 177.5
818.06050283 171.666666667
818.55105488 172.333333333
819.04162606 174.0
819.53221633 172.666666667
820.02282567 179.0
820.51345402 174.333333333
821.00410137 175.666666667
821.49476766 174.5
821.98545286 174.0
822.47615694 176.0
822.96687986 172.5
