337.35134888 0.0
337.80362194 0.0
338.25595141 0.0
338.70833725 0.0
339.16077942 0.0
339.61327788 0.0
340.06583261 0.0
340.51844356 0.0
340.97111069 0.0
341.42383397 0.0
341.87661336 0.0
342.32944883 0.0
342.78234033 0.0
343.23528784 0.0
343.68829131 0.0
344.1413507 0.0
344.59446599 0.0
345.04763714 0.0
345.5008641 0.0
345.95414684 0.0
346.40748532 0.0
346.86087951 0.0
347.31432937 0.0
347.76783486 0.0
348.22139595 0.0
348.6750126 0.0
349.12868478 0.0
349.58241244 0.0
350.03619554 58.3333333333
350.49003406 176.0
350.94392796 173.333333333
351.3978772 171.0
351.85188173 174.333333333
352.30594153 179.0
352.76005657 176.333333333
353.21422679 177.5
353.66845217 174.666666667
354.12273266 172.0
354.57706824 179.333333333
355.03145886 175.0
355.48590449 176.0
355.94040509 176.0
356.39496062 171.0
356.84957105 177.0
357.30423634 172.5
357.75895646 175.0
358.21373136 176.5
358.66856102 176.333333333
359.12344538 172.0
359.57838442 174.0
360.03337811 181.0
360.48842639 177.0
360.94352924 176.5
361.39868662 175.0
361.8538985 175.0
362.30916483 174.666666667
362.76448558 178.5
363.21986071 174.5
363.67529018 173.333333333
364.13077397 172.5
364.58631202 176.0
365.04190431 174.5
365.4975508 172.333333333
365.95325145 173.0
366.40900623 176.666666667
366.86481509 173.0
367.32067801 174.333333333
367.77659494 176.0
368.23256584 174.333333333
368.68859069 177.0
369.14466944 175.666666667
369.60080206 175.0
370.05698851 179.666666667
370.51322875 176.0
370.96952275 175.333333333
371.42587047 175.0
371.88227187 173.0
372.33872691 174.333333333
372.79523557 177.5
373.2517978 173.0
373.70841357 174.5
374.16508283 177.333333333
374.62180556 169.5
375.07858171 175.333333333
375.53541125 178.0
375.99229415 175.666666667
376.44923035 178.5
376.90621984 178.333333333
377.36326257 172.5
377.8203585 173.666666667
378.2775076 178.5
378.73470984 176.666666667
379.19196516 174.5
379.64927355 173.666666667
380.10663495 173.0
380.56404934 175.0
381.02151668 179.5
381.47903693 174.666666667
381.93661005 176.0
382.394236 172.0
382.85191476 175.333333333
383.30964628 177.5
383.76743053 176.666666667
384.22526746 176.5
384.68315705 177.666666667
385.14109926 176.0
385.59909404 175.0
386.05714137 180.5
386.5152412 176.666666667
386.97339351 173.5
387.43159824 173.666666667
387.88985537 171.0
388.34816486 175.666666667
388.80652667 181.0
389.26494076 176.0
389.7234071 176.0
390.18192566 174.333333333
390.64049638 176.5
391.09911925 175.333333333
391.55779422 175.5
392.01652125 177.333333333
392.4753003 175.0
392.93413135 177.0
393.39301436 172.5
393.85194927 177.333333333
394.31093607 175.5
394.76997472 176.0
395.22906517 174.333333333
395.68820739 173.0
396.14740134 176.666666667
396.60664699 179.0
397.06594429 175.0
397.52529322 175.0
397.98469374 176.0
398.44414581 172.5
398.90364938 173.666666667
399.36320444 179.5
399.82281093 177.333333333
400.28246882 174.5
400.74217808 176.0
401.20193867 171.5
401.66175054 177.666666667
402.12161368 179.5
402.58152803 175.333333333
403.04149356 175.0
403.50151023 177.666666667
403.96157802 174.0
404.42169687 177.333333333
404.88186676 177.0
405.34208764 175.333333333
405.80235949 178.0
406.26268226 175.0
406.72305591 176.0
407.18348042 173.0
407.64395574 175.5
408.10448183 176.333333333
408.56505866 172.5
409.0256862 176.333333333
409.4863644 172.5
409.94709324 173.666666667
410.40787266 176.5
410.86870264 175.666666667
411.32958314 180.5
411.79051412 176.333333333
412.25149554 172.0
412.71252738 173.0
413.17360958 177.5
413.63474212 174.333333333
414.09592496 173.0
414.55715806 173.0
415.01844138 182.0
415.4797749 188.0
415.94115856 179.666666667
416.40259233 176.0
416.86407619 174.666666667
417.32561008 177.0
417.78719398 177.0
418.24882784 179.0
418.71051164 180.666666667
419.17224533 182.0
419.63402887 187.333333333
420.09586223 182.0
420.55774538 180.0
421.01967827 179.0
421.48166087 177.0
421.94369315 179.0
422.40577506 177.0
422.86790657 178.0
423.33008764 175.333333333
423.79231823 178.5
424.25459832 175.333333333
424.71692786 173.5
425.17930681 177.0
425.64173514 181.5
426.10421281 180.0
426.56673978 184.0
427.02931602 181.333333333
427.4919415 177.5
427.95461617 175.0
428.41733999 177.0
428.88011294 177.666666667
429.34293497 180.0
429.80580604 176.666666667
430.26872613 177.0
430.73169519 177.333333333
431.19471319 175.0
431.65778008 174.0
432.12089584 177.0
432.58406043 179.666666667
433.0472738 175.5
433.51053593 181.0
433.97384677 179.5
434.4372063 178.0
434.90061446 180.0
435.36407123 175.333333333
435.82757657 178.5
436.29113044 173.666666667
436.75473281 173.5
437.21838363 175.666666667
437.68208288 176.5
438.14583051 174.333333333
438.60962648 175.5
439.07347077 175.333333333
439.53736333 174.5
440.00130413 174.333333333
440.46529314 178.5
440.9293303 174.666666667
441.39341559 176.5
441.85754898 176.333333333
442.32173041 175.0
442.78595986 176.0
443.2502373 176.5
443.71456267 172.333333333
444.17893595 176.0
444.64335711 174.0
445.10782609 176.0
445.57234287 174.0
446.03690741 175.5
446.50151967 177.333333333
446.96617962 176.5
447.43088721 175.333333333
447.89564242 171.5
448.3604452 175.0
448.82529553 176.0
449.29019335 175.0
449.75513864 175.0
450.22013135 177.333333333
450.68517146 176.5
451.15025892 178.0
451.6153937 176.5
452.08057576 175.666666667
452.54580506 173.5
453.01108157 178.666666667
453.47640525 174.0
453.94177607 175.0
454.40719398 178.0
454.87265895 177.0
455.33817095 176.0
455.80372993 175.0
456.26933586 174.666666667
456.7349887 174.0
457.20068842 174.333333333
457.66643498 177.0
458.13222835 175.333333333
458.59806847 173.0
459.06395533 175.333333333
459.52988888 176.5
459.99586908 179.0
460.4618959 176.0
460.92796931 176.0
461.39408926 178.0
461.86025571 175.0
462.32646864 177.5
462.792728 178.333333333
463.25903377 176.0
463.72538589 176.0
464.19178433 176.5
464.65822906 176.0
465.12472005 175.5
465.59125725 176.333333333
466.05784062 174.5
466.52447013 175.0
466.99114575 172.5
467.45786744 172.666666667
467.92463515 171.0
468.39144886 176.0
468.85830852 177.0
469.3252141 174.333333333
469.79216557 176.5
470.25916288 178.333333333
470.726206 174.5
471.19329489 176.666666667
471.66042952 180.5
472.12760985 177.333333333
472.59483583 176.5
473.06210745 176.0
473.52942465 171.0
473.9967874 173.666666667
474.46419567 178.0
474.93164941 177.666666667
475.3991486 176.0
475.86669319 173.333333333
476.33428315 174.666666667
476.80191844 175.5
477.26959902 177.333333333
477.73732486 179.0
478.20509592 177.666666667
478.67291216 173.0
479.14077355 178.0
479.60868006 172.0
480.07663163 177.333333333
480.54462824 179.5
481.01266985 175.333333333
481.48075642 175.5
481.94888792 174.0
482.4170643 173.5
482.88528554 177.0
483.3535516 177.5
483.82186243 178.0
484.29021801 177.5
484.75861829 176.666666667
485.22706324 179.0
485.69555282 187.333333333
486.16408699 191.0
486.63266573 182.0
487.10128898 176.0
487.56995672 176.666666667
488.03866891 169.5
488.50742551 176.666666667
488.97622648 178.5
489.44507179 173.0
489.91396139 175.666666667
490.38289527 176.0
490.85187337 174.0
491.32089566 177.0
491.7899621 172.666666667
492.25907266 180.5
492.7282273 174.333333333
493.19742598 175.0
493.66666867 174.333333333
494.13595533 179.0
494.60528591 178.0
495.0746604 177.0
495.54407874 174.0
496.01354091 179.0
496.48304686 175.333333333
496.95259656 173.0
497.42218997 176.333333333
497.89182706 173.0
498.36150779 175.666666667
498.83123211 177.0
499.301 174.333333333
499.77081142 173.5
500.24066633 176.666666667
500.71056469 177.0
501.18050648 177.0
501.65049164 176.0
502.12052014 174.5
502.59059195 177.0
503.06070704 177.0
503.53086535 174.0
504.00106686 177.0
504.47131154 177.0
504.94159933 174.5
505.41193021 174.666666667
505.88230414 174.0
506.35272109 171.666666667
506.82318101 177.0
507.29368386 176.333333333
507.76422962 175.5
508.23481825 177.333333333
508.7054497 174.0
509.17612395 175.333333333
509.64684095 175.5
510.11760067 176.0
510.58840307 176.0
511.05924812 175.0
511.53013577 177.0
512.001066 175.0
512.47203875 175.0
512.94305401 177.0
513.41411173 179.0
513.88521187 176.5
514.3563544 174.666666667
514.82753927 171.5
515.29876647 176.666666667
515.77003593 177.0
516.24134764 175.666666667
516.71270155 175.0
517.18409763 176.0
517.65553584 173.5
518.12701614 175.0
518.5985385 178.333333333
519.07010287 178.5
519.54170923 175.0
520.01335753 173.5
520.48504774 174.666666667
520.95677983 176.5
521.42855375 176.333333333
521.90036946 177.5
522.37222694 174.333333333
522.84412615 175.0
523.31606704 176.0
523.78804958 172.5
524.26007374 174.666666667
524.73213947 179.5
525.20424675 174.666666667
525.67639553 175.0
526.14858578 174.333333333
526.62081745 177.666666667
527.09309052 172.0
527.56540495 176.0
528.0377607 176.5
528.51015773 176.0
528.98259601 174.5
529.4550755 176.0
529.92759616 173.5
530.40015795 176.333333333
530.87276085 176.0
531.34540481 174.666666667
531.81808979 175.0
532.29081576 177.333333333
532.76358269 173.5
533.23639053 177.333333333
533.70923924 176.0
534.1821288 178.5
534.65505917 178.0
535.1280303 175.0
535.60104217 172.333333333
536.07409473 174.0
536.54718794 175.333333333
537.02032178 177.5
537.4934962 174.333333333
537.96671117 173.0
538.43996665 175.666666667
538.91326261 174.5
539.386599 178.0
539.85997579 175.666666667
540.33339294 177.5
540.80685042 177.333333333
541.28034819 178.0
541.75388622 178.333333333
542.22746446 174.0
542.70108287 175.666666667
543.17474144 180.0
543.6484401 175.666666667
544.12217884 173.5
544.59595761 176.0
545.06977637 175.5
545.5436351 175.0
546.01753374 179.0
546.49147227 176.333333333
546.96545065 175.666666667
547.43946884 178.5
547.9135268 174.0
548.3876245 171.5
548.86176191 174.333333333
549.33593897 176.0
549.81015567 175.333333333
550.28441195 172.5
550.75870779 174.333333333
551.23304315 173.5
551.70741799 174.666666667
552.18183227 179.5
552.65628595 178.0
553.13077901 172.666666667
553.6053114 174.0
554.07988309 174.666666667
554.55449403 175.0
555.0291442 173.666666667
555.50383356 176.0
555.97856206 179.333333333
556.45332968 171.0
556.92813637 174.333333333
557.4029821 171.5
557.87786683 175.666666667
558.35279053 176.666666667
558.82775315 175.5
559.30275467 178.0
559.77779504 175.0
560.25287423 179.666666667
560.72799221 176.0
561.20314892 176.0
561.67834435 175.5
562.15357844 175.666666667
562.62885117 169.5
563.10416249 174.0
563.57951238 173.666666667
564.05490079 175.0
564.53032769 173.333333333
565.00579303 172.5
565.48129679 173.0
565.95683893 177.0
566.4324194 177.333333333
566.90803818 174.0
567.38369523 178.0
567.8593905 175.0
568.33512397 176.0
568.81089559 173.5
569.28670533 173.666666667
569.76255316 177.666666667
570.23843902 177.0
570.7143629 175.0
571.19032475 176.0
571.66632453 176.0
572.14236222 177.5
572.61843776 177.333333333
573.09455113 172.0
573.57070228 178.333333333
574.04689119 173.5
574.52311781 175.333333333
574.99938211 177.333333333
575.47568405 176.5
575.95202359 173.666666667
576.4284007 176.5
576.90481534 175.0
577.38126747 178.5
577.85775706 175.0
578.33428407 173.0
578.81084846 179.333333333
579.2874502 175.666666667
579.76408925 174.0
580.24076557 174.0
580.71747912 178.0
581.19422988 173.666666667
581.6710178 173.5
582.14784284 178.0
582.62470497 173.0
583.10160416 174.666666667
583.57854035 176.5
584.05551353 176.333333333
584.53252365 178.0
585.00957067 178.0
585.48665456 175.333333333
585.96377529 174.5
586.4409328 175.666666667
586.91812708 176.0
587.39535807 174.666666667
587.87262575 175.5
588.34993007 177.333333333
588.82727101 179.333333333
589.30464852 173.5
589.78206256 177.0
590.25951311 177.0
590.73700012 174.333333333
591.21452355 176.5
591.69208338 175.0
592.16967956 174.0
592.64731205 174.333333333
593.12498082 177.5
593.60268584 175.333333333
594.08042706 176.333333333
594.55820445 174.5
595.03601797 174.666666667
595.51386759 174.5
595.99175326 177.333333333
596.46967496 178.0
596.94763264 173.333333333
597.42562627 174.5
597.90365581 175.333333333
598.38172122 174.333333333
598.85982248 175.5
599.33795953 176.333333333
599.81613235 176.5
600.29434089 178.333333333
600.77258513 176.0
601.25086501 175.333333333
601.72918052 171.5
602.20753161 175.0
602.68591823 174.666666667
603.16434037 183.5
603.64279797 179.666666667
604.12129101 178.0
604.59981945 176.666666667
605.07838324 173.5
605.55698236 177.333333333
606.03561676 176.5
606.51428641 173.333333333
606.99299127 174.666666667
607.47173131 173.0
607.95050648 175.333333333
608.42931676 172.0
608.9081621 174.0
609.38704248 177.5
609.86595784 177.0
610.34490816 178.0
610.82389339 176.666666667
611.30291351 176.333333333
611.78196847 172.0
612.26105823 179.666666667
612.74018277 177.5
613.21934204 180.333333333
613.69853601 175.5
614.17776464 174.666666667
614.65702789 172.5
615.13632573 175.666666667
615.61565812 176.666666667
616.09502502 177.5
616.5744264 178.333333333
617.05386221 177.5
617.53333243 175.666666667
618.01283702 174.0
618.49237593 175.666666667
618.97194914 176.0
619.4515566 175.0
619.93119828 177.666666667
620.41087415 177.0
620.89058415 174.333333333
621.37032827 173.0
621.85010646 175.666666667
622.32991868 175.0
622.8097649 176.666666667
623.28964508 173.666666667
623.76955919 175.5
624.24950718 177.333333333
624.72948902 176.5
625.20950468 176.666666667
625.68955412 176.0
626.16963729 177.0
626.64975417 178.5
627.12990471 175.666666667
627.61008889 175.0
628.09030666 172.5
628.57055798 180.333333333
629.05084283 176.0
629.53116115 177.333333333
630.01151293 173.5
630.49189811 175.333333333
630.97231666 175.666666667
631.45276855 174.5
631.93325374 176.333333333
632.41377219 176.0
632.89432387 178.666666667
633.37490873 174.5
633.85552675 176.333333333
634.33617788 176.0
634.81686209 172.333333333
635.29757934 175.333333333
635.77832959 176.5
636.25911281 176.666666667
636.73992897 175.5
637.22077801 178.333333333
637.70165992 173.5
638.18257464 172.666666667
638.66352215 174.333333333
639.1445024 180.0
639.62551537 172.333333333
640.10656101 174.5
640.58763928 175.666666667
641.06875016 176.5
641.54989359 178.666666667
642.03106956 176.666666667
642.51227801 172.0
642.99351892 174.333333333
643.47479224 178.0
643.95609794 174.333333333
644.43743598 172.5
644.91880633 174.666666667
645.40020894 175.5
645.88164379 175.333333333
646.36311083 177.0
646.84461003 174.5
647.32614135 175.0
647.80770476 168.0
648.28930022 178.333333333
648.77092768 176.5
649.25258712 174.666666667
649.7342785 175.0
650.21600177 174.5
650.69775691 175.666666667
651.17954388 174.0
651.66136264 173.666666667
652.14321315 174.0
652.62509538 173.666666667
653.10700929 173.0
653.58895484 174.5
654.070932 179.333333333
654.55294072 177.5
655.03498098 179.333333333
655.51705274 179.0
655.99915595 255.333333333
656.48129059 247.666666667
656.96345661 187.0
657.44565398 179.0
657.92788266 176.5
658.41014262 177.0
658.89243382 179.5
659.37475621 179.666666667
659.85710978 176.0
660.33949447 177.5
660.82191025 175.666666667
661.30435708 171.5
661.78683493 178.666666667
662.26934377 175.5
662.75188354 175.333333333
663.23445423 175.0
663.71705578 176.5
664.19968817 174.666666667
664.68235136 175.5
665.1650453 175.333333333
665.64776997 175.5
666.13052532 176.0
666.61331133 175.666666667
667.09612794 178.5
667.57897514 184.333333333
668.06185287 178.5
668.5447611 174.666666667
669.0276998 174.0
669.51066893 177.333333333
669.99366845 176.333333333
670.47669833 176.0
670.95975852 179.0
671.442849 177.5
671.92596972 179.333333333
672.40912065 178.5
672.89230175 176.333333333
673.37551298 175.333333333
673.85875431 177.0
674.3420257 174.666666667
674.82532712 178.0
675.30865852 183.333333333
675.79201988 185.0
676.27541115 177.0
676.75883229 175.333333333
677.24228328 177.5
677.72576406 172.666666667
678.20927462 178.0
678.6928149 174.666666667
679.17638488 177.0
679.65998451 175.666666667
680.14361377 177.0
680.6272726 178.5
681.11096098 174.666666667
681.59467887 174.0
682.07842623 178.666666667
682.56220303 180.0
683.04600923 176.333333333
683.52984478 175.666666667
684.01370967 177.0
684.49760384 177.0
684.98152726 175.0
685.46547989 175.333333333
685.94946171 176.333333333
686.43347266 176.0
686.91751272 182.666666667
687.40158185 179.0
687.88568001 178.0
688.36980716 173.0
688.85396327 178.0
689.33814829 174.666666667
689.82236221 178.0
690.30660496 177.0
690.79087653 174.5
691.27517687 175.333333333
691.75950595 176.0
692.24386373 176.0
692.72825017 175.666666667
693.21266523 176.0
693.69710889 179.333333333
694.18158109 177.5
694.66608181 179.666666667
695.15061101 179.666666667
695.63516866 178.5
696.1197547 300.333333333
696.60436912 414.0
697.08901187 231.0
697.57368291 185.5
698.05838221 179.333333333
698.54310973 177.0
699.02786544 172.5
699.51264929 174.666666667
699.99746125 180.5
700.48230129 175.666666667
700.96716936 174.0
701.45206544 175.333333333
701.93698948 176.333333333
702.42194144 176.0
702.9069213 182.0
703.391929 180.0
703.87696453 175.333333333
704.36202783 175.333333333
704.84711888 178.0
705.33223763 180.333333333
705.81738405 181.0
706.30255811 279.666666667
706.78775976 437.5
707.27298897 240.666666667
707.7582457 184.0
708.24352991 178.5
708.72884158 174.666666667
709.21418065 174.0
709.6995471 176.333333333
710.18494089 178.0
710.67036198 178.5
711.15581034 175.666666667
711.64128592 174.5
712.12678869 176.0
712.61231862 176.0
713.09787566 175.333333333
713.58345979 180.0
714.06907095 178.0
714.55470913 202.333333333
715.04037427 191.0
715.52606635 182.0
716.01178533 176.666666667
716.49753116 173.0
716.98330382 174.666666667
717.46910326 175.5
717.95492946 174.666666667
718.44078236 172.5
718.92666194 174.0
719.41256816 175.666666667
719.89850098 175.0
720.38446037 176.666666667
720.87044629 179.0
721.3564587 174.666666667
721.84249756 174.333333333
722.32856284 176.5
722.8146545 173.0
723.30077251 175.0
723.78691682 176.333333333
724.27308741 177.5
724.75928423 175.0
725.24550724 177.333333333
725.73175642 177.5
726.21803172 175.666666667
726.70433311 180.0
727.19066055 229.666666667
727.677014 199.0
728.16339343 181.5
728.6497988 179.666666667
729.13623007 175.5
729.62268721 174.333333333
730.10917018 175.333333333
730.59567893 176.5
731.08221345 179.333333333
731.56877369 176.0
732.0553596 177.0
732.54197116 176.0
733.02860834 176.333333333
733.51527108 175.666666667
734.00195936 177.0
734.48867313 175.666666667
734.97541237 177.0
735.46217703 181.666666667
735.94896708 177.0
736.43578248 174.0
736.9226232 186.0
737.40948919 191.0
737.89638043 285.666666667
738.38329686 492.333333333
738.87023847 275.0
739.3572052 195.0
739.84419703 183.0
740.33121392 180.0
740.81825582 176.0
741.30532271 181.0
741.79241455 177.666666667
742.27953129 180.0
742.76667291 179.0
743.25383936 178.5
743.74103061 178.333333333
744.22824663 178.333333333
744.71548737 172.0
745.2027528 177.0
745.69004288 175.5
746.17735758 178.0
746.66469685 176.0
747.15206067 179.5
747.63944899 176.666666667
748.12686178 176.0
748.614299 182.0
749.10176061 187.666666667
749.58924659 202.5
750.07675688 540.666666667
750.56429146 578.5
751.05185028 443.0
751.53943332 517.0
752.02704053 295.0
752.51467187 195.333333333
753.00232732 185.5
753.49000683 179.333333333
753.97771036 182.0
754.46543789 178.333333333
754.95318936 179.666666667
755.44096476 176.5
755.92876403 175.666666667
756.41658715 182.5
756.90443407 175.0
757.39230476 178.333333333
757.88019918 177.0
758.3681173 178.0
758.85605908 177.0
759.34402448 180.0
759.83201346 178.0
760.32002599 180.0
760.80806203 180.0
761.29612155 180.5
761.78420451 182.333333333
762.27231086 187.333333333
762.76044058 233.0
763.24859363 729.333333333
763.73676997 710.5
764.22496956 299.333333333
764.71319237 196.0
765.20143836 187.5
765.68970749 181.0
766.17799973 176.0
766.66631504 178.666666667
767.15465338 180.0
767.64301472 179.0
768.13139902 178.666666667
768.61980624 182.0
769.10823635 179.0
769.5966893 176.5
770.08516507 178.666666667
770.57366361 179.333333333
771.06218489 179.0
771.55072888 188.666666667
772.03929553 378.0
772.5278848 462.0
773.01649667 256.333333333
773.50513109 189.5
773.99378804 181.0
774.48246746 178.5
774.97116932 179.0
775.4598936 178.666666667
775.94864024 174.5
776.43740922 178.333333333
776.9262005 174.5
777.41501403 178.333333333
777.90384979 176.333333333
778.39270774 179.5
778.88158784 176.0
779.37049004 172.0
779.85941433 175.0
780.34836066 175.0
780.83732898 174.0
781.32631928 175.333333333
781.8153315 175.0
782.30436562 174.0
782.79342159 177.0
783.28249938 177.0
783.77159895 174.666666667
784.26072027 172.5
784.74986329 176.333333333
785.23902799 173.666666667
785.72821432 176.5
786.21742225 176.333333333
786.70665174 176.0
787.19590276 173.666666667
787.68517526 175.0
788.17446922 170.5
788.66378459 177.0
789.15312133 177.0
789.64247942 174.0
790.13185881 177.0
790.62125947 175.0
791.11068135 174.666666667
791.60012443 172.0
792.08958867 175.666666667
792.57907402 175.0
793.06858046 178.5
793.55810795 178.666666667
794.04765644 195.5
794.53722591 339.333333333
795.02681631 362.0
795.51642762 220.5
796.00605978 187.666666667
796.49571277 178.0
796.98538655 179.333333333
797.47508108 177.0
797.96479632 179.0
798.45453224 178.666666667
798.94428881 178.0
799.43406597 180.0
799.92386371 221.666666667
800.41368198 297.0
800.90352074 383.0
801.39337996 446.0
801.8832596 360.333333333
802.37315962 210.333333333
802.86307999 185.0
803.35302067 180.0
803.84298163 179.0
804.33296282 180.0
804.82296421 180.0
805.31298576 175.5
805.80302744 174.666666667
806.29308921 178.666666667
806.78317103 178.5
807.27327287 178.666666667
807.76339468 180.0
808.25353644 179.0
808.74369811 180.333333333
809.23387964 187.5
809.724081 276.0
810.21430216 409.0
810.70454308 439.0
811.19480372 707.666666667
811.68508405 778.5
812.17538402 372.666666667
812.6657036 212.0
813.15604276 192.333333333
813.64640146 183.333333333
814.13677965 180.0
814.62717731 178.333333333
815.1175944 186.0
815.60803088 177.0
816.09848671 176.333333333
816.58896185 175.5
817.07945628 176.333333333
817.56996995 177.5
818.06050283 173.666666667
818.55105488 179.333333333
819.04162606 179.0
819.53221633 175.0
820.02282567 176.5
820.51345402 174.0
821.00410137 177.666666667
821.49476766 176.0
821.98545286 172.666666667
822.47615694 175.666666667
822.96687986 177.0
