337.35134888 0.0
337.80362194 0.0
338.25595141 0.0
338.70833725 0.0
339.16077942 0.0
339.61327788 0.0
340.06583261 0.0
340.51844356 0.0
340.97111069 0.0
341.42383397 0.0
341.87661336 0.0
342.32944883 0.0
342.78234033 0.0
343.23528784 0.0
343.68829131 0.0
344.1413507 0.0
344.59446599 0.0
345.04763714 0.0
345.5008641 0.0
345.95414684 0.0
346.40748532 0.0
346.86087951 0.0
347.31432937 0.0
347.76783486 0.0
348.22139595 0.0
348.6750126 0.0
349.12868478 0.0
349.58241244 0.0
350.03619554 520.666666667
350.49003406 1638.5
350.94392796 1969.33333333
351.3978772 2671.0
351.85188173 3518.66666667
352.30594153 3841.5
352.76005657 3870.66666667
353.21422679 3884.5
353.66845217 3888.66666667
354.12273266 3898.0
354.57706824 3905.0
355.03145886 3905.0
355.48590449 3910.5
355.94040509 3907.0
356.39496062 3905.5
356.84957105 3903.33333333
357.30423634 3902.0
357.75895646 3905.66666667
358.21373136 3911.5
358.66856102 3914.33333333
359.12344538 3914.5
359.57838442 3916.0
360.03337811 3917.0
360.48842639 3924.33333333
360.94352924 3926.5
361.39868662 3891.0
361.8538985 961.0
362.30916483 824.666666667
362.76448558 987.0
363.21986071 1123.0
363.67529018 1202.66666667
364.13077397 1178.5
364.58631202 1109.0
365.04190431 1163.5
365.4975508 1520.0
365.95325145 2000.5
366.40900623 2237.33333333
366.86481509 2159.5
367.32067801 1815.66666667
367.77659494 1410.5
368.23256584 1484.33333333
368.68859069 1966.0
369.14466944 2706.0
369.60080206 3590.0
370.05698851 3813.0
370.51322875 3839.5
370.96952275 3742.33333333
371.42587047 2677.0
371.88227187 2019.5
372.33872691 2375.66666667
372.79523557 3060.0
373.2517978 3695.0
373.70841357 3833.5
374.16508283 3855.66666667
374.62180556 3865.0
375.07858171 3875.0
375.53541125 3881.0
375.99229415 3891.0
376.44923035 3896.5
376.90621984 3895.0
377.36326257 3899.5
377.8203585 3906.0
378.2775076 3904.5
378.73470984 3907.33333333
379.19196516 3912.5
379.64927355 3914.33333333
380.10663495 3914.5
380.56404934 3914.66666667
381.02151668 3915.0
381.47903693 3920.0
381.93661005 3919.0
382.394236 3918.0
382.85191476 3915.33333333
383.30964628 3914.0
383.76743053 3915.33333333
384.22526746 3919.5
384.68315705 3916.33333333
385.14109926 3915.0
385.59909404 3917.33333333
386.05714137 3917.5
386.5152412 3916.66666667
386.97339351 3921.0
387.43159824 3921.66666667
387.88985537 3920.5
388.34816486 3920.33333333
388.80652667 3921.5
389.26494076 3926.0
389.7234071 3928.0
390.18192566 3925.66666667
390.64049638 3927.5
391.09911925 3928.66666667
391.55779422 3926.0
392.01652125 3928.66666667
392.4753003 3933.0
392.93413135 3933.66666667
393.39301436 3931.0
393.85194927 3930.33333333
394.31093607 3932.5
394.76997472 3935.0
395.22906517 3935.66666667
395.68820739 3936.5
396.14740134 3934.33333333
396.60664699 3936.0
397.06594429 3576.0
397.52529322 3538.5
397.98469374 3827.0
398.44414581 3818.5
398.90364938 3836.66666667
399.36320444 3847.0
399.82281093 3857.0
400.28246882 3871.0
400.74217808 2019.33333333
401.20193867 881.0
401.66175054 962.666666667
402.12161368 1115.0
402.58152803 1346.66666667
403.04149356 1663.5
403.50151023 2019.0
403.96157802 2455.5
404.42169687 3077.66666667
404.88186676 3668.5
405.34208764 3746.66666667
405.80235949 3357.0
406.26268226 2141.0
406.72305591 1310.0
407.18348042 1511.33333333
407.64395574 1876.0
408.10448183 2348.0
408.56505866 2713.5
409.0256862 2636.33333333
409.4863644 2060.5
409.94709324 1375.0
410.40787266 1196.5
410.86870264 1299.66666667
411.32958314 1524.5
411.79051412 1900.0
412.25149554 2440.0
412.71252738 2995.33333333
413.17360958 3508.5
413.63474212 3600.0
414.09592496 3308.0
414.55715806 2778.5
415.01844138 2293.66666667
415.4797749 2178.0
415.94115856 2027.66666667
416.40259233 1939.5
416.86407619 1965.0
417.32561008 2109.5
417.78719398 2445.0
418.24882784 2761.0
418.71051164 3095.66666667
419.17224533 3575.0
419.63402887 3633.33333333
420.09586223 2998.0
420.55774538 1814.33333333
421.01967827 1207.5
421.48166087 1172.33333333
421.94369315 1060.0
422.40577506 979.333333333
422.86790657 1091.5
423.33008764 1198.0
423.79231823 1277.5
424.25459832 1362.0
424.71692786 1565.5
425.17930681 1852.33333333
425.64173514 2235.5
426.10421281 2635.0
426.56673978 2604.5
427.02931602 1910.66666667
427.4919415 1019.5
427.95461617 643.0
428.41733999 491.5
428.88011294 450.666666667
429.34293497 460.0
429.80580604 505.666666667
430.26872613 578.0
430.73169519 654.666666667
431.19471319 739.5
431.65778008 848.333333333
432.12089584 987.0
432.58406043 1182.66666667
433.0472738 1432.5
433.51053593 1784.33333333
433.97384677 2001.5
434.4372063 1950.0
434.90061446 1782.0
435.36407123 1501.0
435.82757657 1057.5
436.29113044 613.333333333
436.75473281 516.5
437.21838363 537.666666667
437.68208288 565.5
438.14583051 588.0
438.60962648 658.0
439.07347077 800.333333333
439.53736333 982.0
440.00130413 1130.0
440.46529314 1310.0
440.9293303 1552.0
441.39341559 1461.5
441.85754898 945.333333333
442.32173041 484.0
442.78595986 450.333333333
443.2502373 477.0
443.71456267 523.666666667
444.17893595 563.0
444.64335711 611.0
445.10782609 649.0
445.57234287 708.0
446.03690741 803.5
446.50151967 946.666666667
446.96617962 1070.5
447.43088721 1183.33333333
447.89564242 1370.0
448.3604452 1608.33333333
448.82529553 1544.5
449.29019335 1084.33333333
449.75513864 699.0
450.22013135 616.0
450.68517146 599.5
451.15025892 599.333333333
451.6153937 576.5
452.08057576 538.0
452.54580506 552.0
453.01108157 589.333333333
453.47640525 586.0
453.94177607 613.666666667
454.40719398 686.0
454.87265895 782.0
455.33817095 853.0
455.80372993 885.0
456.26933586 981.666666667
456.7349887 1091.0
457.20068842 958.666666667
457.66643498 651.0
458.13222835 463.0
458.59806847 447.5
459.06395533 481.0
459.52988888 519.0
459.99586908 523.666666667
460.4618959 491.5
460.92796931 481.0
461.39408926 514.0
461.86025571 560.333333333
462.32646864 627.0
462.792728 692.0
463.25903377 767.5
463.72538589 888.0
464.19178433 1052.0
464.65822906 1019.33333333
465.12472005 784.0
465.59125725 600.666666667
466.05784062 602.5
466.52447013 569.0
466.99114575 474.0
467.45786744 430.666666667
467.92463515 441.5
468.39144886 443.0
468.85830852 448.5
469.3252141 504.666666667
469.79216557 581.0
470.25916288 639.333333333
470.726206 676.5
471.19329489 709.333333333
471.66042952 797.0
472.12760985 757.0
472.59483583 515.0
473.06210745 382.0
473.52942465 373.0
473.9967874 388.0
474.46419567 401.0
474.93164941 417.0
475.3991486 425.5
475.86669319 423.333333333
476.33428315 435.0
476.80191844 425.0
477.26959902 422.666666667
477.73732486 437.5
478.20509592 474.0
478.67291216 505.5
479.14077355 542.666666667
479.60868006 564.0
480.07663163 598.333333333
480.54462824 689.0
481.01266985 738.0
481.48075642 610.0
481.94888792 449.0
482.4170643 425.0
482.88528554 430.333333333
483.3535516 422.5
483.82186243 407.333333333
484.29021801 397.5
484.75861829 413.0
485.22706324 427.5
485.69555282 433.0
486.16408699 451.5
486.63266573 465.333333333
487.10128898 476.0
487.56995672 486.333333333
488.03866891 505.5
488.50742551 548.666666667
488.97622648 567.0
489.44507179 570.333333333
489.91396139 585.666666667
490.38289527 624.5
490.85187337 646.0
491.32089566 654.0
491.7899621 560.666666667
492.25907266 466.5
492.7282273 444.0
493.19742598 435.0
493.66666867 431.0
494.13595533 439.5
494.60528591 452.0
495.0746604 470.0
495.54407874 488.0
496.01354091 499.5
496.48304686 509.333333333
496.95259656 548.0
497.42218997 517.0
497.89182706 405.0
498.36150779 368.0
498.83123211 372.5
499.301 387.333333333
499.77081142 403.0
500.24066633 427.333333333
500.71056469 452.0
501.18050648 479.0
501.65049164 477.0
502.12052014 485.0
502.59059195 505.333333333
503.06070704 515.5
503.53086535 505.0
504.00106686 508.5
504.47131154 546.333333333
504.94159933 560.5
505.41193021 577.333333333
505.88230414 608.0
506.35272109 650.333333333
506.82318101 613.0
507.29368386 554.333333333
507.76422962 528.5
508.23481825 502.333333333
508.7054497 480.5
509.17612395 479.666666667
509.64684095 484.0
510.11760067 491.0
510.58840307 493.666666667
511.05924812 493.0
511.53013577 512.333333333
512.001066 546.0
512.47203875 584.333333333
512.94305401 619.0
513.41411173 654.0
513.88521187 674.0
514.3563544 695.333333333
514.82753927 740.0
515.29876647 754.0
515.77003593 779.5
516.24134764 849.666666667
516.71270155 862.0
517.18409763 841.666666667
517.65553584 904.0
518.12701614 866.0
518.5985385 720.333333333
519.07010287 687.0
519.54170923 672.666666667
520.01335753 615.0
520.48504774 619.333333333
520.95677983 628.5
521.42855375 562.666666667
521.90036946 482.0
522.37222694 456.666666667
522.84412615 434.0
523.31606704 423.666666667
523.78804958 453.0
524.26007374 463.333333333
524.73213947 426.5
525.20424675 417.666666667
525.67639553 425.5
526.14858578 427.0
526.62081745 436.333333333
527.09309052 455.5
527.56540495 450.333333333
528.0377607 426.0
528.51015773 442.0
528.98259601 449.5
529.4550755 452.666666667
529.92759616 463.0
530.40015795 489.0
530.87276085 499.5
531.34540481 468.333333333
531.81808979 474.5
532.29081576 495.333333333
532.76358269 526.5
533.23639053 580.0
533.70923924 671.666666667
534.1821288 731.0
534.65505917 801.0
535.1280303 884.0
535.60104217 865.0
536.07409473 881.0
536.54718794 973.0
537.02032178 994.0
537.4934962 904.666666667
537.96671117 907.0
538.43996665 956.0
538.91326261 927.5
539.386599 885.333333333
539.85997579 962.0
540.33339294 961.0
540.80685042 883.666666667
541.28034819 835.5
541.75388622 907.0
542.22746446 902.0
542.70108287 845.0
543.17474144 882.5
543.6484401 900.0
544.12217884 868.0
544.59595761 779.333333333
545.06977637 807.5
545.5436351 885.0
546.01753374 863.5
546.49147227 817.0
546.96545065 848.666666667
547.43946884 851.5
547.9135268 769.666666667
548.3876245 696.5
548.86176191 691.333333333
549.33593897 708.5
549.81015567 687.333333333
550.28441195 719.0
550.75870779 739.0
551.23304315 730.0
551.70741799 700.0
552.18183227 662.0
552.65628595 642.0
553.13077901 566.666666667
553.6053114 547.0
554.07988309 548.333333333
554.55449403 578.5
555.0291442 568.0
555.50383356 540.0
555.97856206 530.666666667
556.45332968 541.5
556.92813637 536.0
557.4029821 466.5
557.87786683 450.333333333
558.35279053 451.333333333
558.82775315 456.5
559.30275467 464.0
559.77779504 452.5
560.25287423 453.666666667
560.72799221 458.5
561.20314892 479.333333333
561.67834435 459.5
562.15357844 442.0
562.62885117 440.5
563.10416249 424.666666667
563.57951238 432.333333333
564.05490079 419.5
564.53032769 433.666666667
565.00579303 449.0
565.48129679 452.0
565.95683893 481.5
566.4324194 465.0
566.90803818 482.0
567.38369523 512.333333333
567.8593905 534.5
568.33512397 562.666666667
568.81089559 574.0
569.28670533 617.0
569.76255316 677.0
570.23843902 754.0
570.7143629 885.666666667
571.19032475 970.0
571.66632453 1170.66666667
572.14236222 1422.5
572.61843776 1671.33333333
573.09455113 1855.0
573.57070228 1734.66666667
574.04689119 1824.0
574.52311781 1978.33333333
574.99938211 1893.66666667
575.47568405 1775.0
575.95202359 1494.0
576.4284007 1626.0
576.90481534 1806.0
577.38126747 2023.5
577.85775706 2226.66666667
578.33428407 2099.5
578.81084846 2096.33333333
579.2874502 2267.0
579.76408925 2103.0
580.24076557 1982.66666667
580.71747912 1512.0
581.19422988 1602.33333333
581.6710178 1754.5
582.14784284 1884.66666667
582.62470497 2099.5
583.10160416 2142.66666667
583.57854035 1951.0
584.05551353 2109.66666667
584.53252365 2162.0
585.00957067 1992.5
585.48665456 1721.0
585.96377529 1420.0
586.4409328 1620.0
586.91812708 1709.5
587.39535807 1925.33333333
587.87262575 2132.0
588.34993007 2070.66666667
588.82727101 1995.66666667
589.30464852 2109.5
589.78206256 2057.33333333
590.25951311 1897.0
590.73700012 1502.0
591.21452355 1286.0
591.69208338 1379.66666667
592.16967956 1445.0
592.64731205 1563.0
593.12498082 1714.5
593.60268584 1683.0
594.08042706 1546.0
594.55820445 1672.5
595.03601797 1700.33333333
595.51386759 1520.5
595.99175326 1307.0
596.46967496 989.5
596.94763264 1095.33333333
597.42562627 1163.0
597.90365581 1225.66666667
598.38172122 1382.33333333
598.85982248 1425.0
599.33795953 1313.33333333
599.81613235 1386.5
600.29434089 1494.66666667
600.77258513 1415.5
601.25086501 1374.66666667
601.72918052 1014.5
602.20753161 988.333333333
602.68591823 1047.66666667
603.16434037 1018.5
603.64279797 1096.33333333
604.12129101 1173.5
604.59981945 1114.66666667
605.07838324 1014.0
605.55698236 1077.66666667
606.03561676 1129.5
606.51428641 1002.66666667
606.99299127 860.333333333
607.47173131 635.5
607.95050648 648.666666667
608.42931676 655.5
608.9081621 647.666666667
609.38704248 675.5
609.86595784 712.333333333
610.34490816 702.0
610.82389339 655.0
611.30291351 703.0
611.78196847 756.0
612.26105823 714.333333333
612.74018277 701.5
613.21934204 609.0
613.69853601 653.5
614.17776464 679.666666667
614.65702789 747.0
615.13632573 793.333333333
615.61565812 851.333333333
616.09502502 812.0
616.5744264 788.333333333
617.05386221 789.0
617.53333243 809.333333333
618.01283702 760.5
618.49237593 756.333333333
618.97194914 661.0
619.4515566 684.666666667
619.93119828 702.333333333
620.41087415 770.0
620.89058415 844.333333333
621.37032827 946.5
621.85010646 1046.33333333
622.32991868 1095.0
622.8097649 1037.33333333
623.28964508 1052.33333333
623.76955919 1061.0
624.24950718 1072.0
624.72948902 932.5
625.20950468 940.0
625.68955412 772.5
626.16963729 831.333333333
626.64975417 850.5
627.12990471 885.333333333
627.61008889 1030.0
628.09030666 1177.5
628.57055798 1340.66666667
629.05084283 1471.0
629.53116115 1491.0
630.01151293 1374.5
630.49189811 1488.33333333
630.97231666 1511.66666667
631.45276855 1329.5
631.93325374 1390.33333333
632.41377219 1119.0
632.89432387 1066.66666667
633.37490873 1179.0
633.85552675 1137.66666667
634.33617788 1220.5
634.81686209 1401.66666667
635.29757934 1641.33333333
635.77832959 1877.5
636.25911281 1978.66666667
636.73992897 1927.5
637.22077801 1782.33333333
637.70165992 1919.5
638.18257464 1923.0
638.66352215 1681.0
639.1445024 1789.5
639.62551537 1327.66666667
640.10656101 1238.5
640.58763928 1322.66666667
641.06875016 1250.5
641.54989359 1351.0
642.03106956 1566.33333333
642.51227801 1802.5
642.99351892 2080.66666667
643.47479224 2218.5
643.95609794 2254.33333333
644.43743598 1986.5
644.91880633 2187.33333333
645.40020894 2166.0
645.88164379 2196.66666667
646.36311083 1978.33333333
646.84461003 1718.5
647.32614135 1313.66666667
647.80770476 1470.0
648.28930022 1492.66666667
648.77092768 1438.0
649.25258712 1601.0
649.7342785 1866.33333333
650.21600177 2158.0
650.69775691 2429.66666667
651.17954388 2547.5
651.66136264 2423.0
652.14321315 2212.0
652.62509538 2419.33333333
653.10700929 2493.0
653.58895484 2110.0
654.070932 2165.33333333
654.55294072 1680.0
655.03498098 1345.33333333
655.51705274 1455.0
655.99915595 1517.66666667
656.48129059 1457.33333333
656.96345661 1598.5
657.44565398 1782.0
657.92788266 2078.5
658.41014262 2369.33333333
658.89243382 2488.0
659.37475621 2532.33333333
659.85710978 2242.33333333
660.33949447 2460.0
660.82191025 2504.33333333
661.30435708 2485.5
661.78683493 2141.0
662.26934377 2171.5
662.75188354 1416.33333333
663.23445423 1495.66666667
663.71705578 1565.0
664.19968817 1439.66666667
664.68235136 1484.0
665.1650453 1670.0
665.64776997 1858.0
666.13052532 2076.66666667
666.61331133 2285.0
667.09612794 2382.0
667.57897514 2109.66666667
668.06185287 1997.5
668.5447611 2128.33333333
669.0276998 2126.5
669.51066893 1994.33333333
669.99366845 1848.0
670.47669833 1406.0
670.95975852 993.333333333
671.442849 1041.5
671.92596972 1070.0
672.40912065 951.0
672.89230175 936.333333333
673.37551298 1023.0
673.85875431 1140.0
674.3420257 1270.66666667
674.82532712 1381.5
675.30865852 1430.33333333
675.79201988 1389.0
676.27541115 1223.33333333
676.75883229 1289.66666667
677.24228328 1279.5
677.72576406 1302.0
678.20927462 1017.0
678.6928149 1096.0
679.17638488 667.5
679.65998451 614.666666667
680.14361377 640.333333333
680.6272726 603.0
681.11096098 552.0
681.59467887 566.0
682.07842623 588.0
682.56220303 619.0
683.04600923 656.666666667
683.52984478 685.333333333
684.01370967 698.5
684.49760384 641.333333333
684.98152726 595.5
685.46547989 624.666666667
685.94946171 623.0
686.43347266 578.0
686.91751272 520.333333333
687.40158185 516.5
687.88568001 351.666666667
688.36980716 333.5
688.85396327 326.333333333
689.33814829 306.333333333
689.82236221 271.0
690.30660496 265.666666667
690.79087653 273.0
691.27517687 270.666666667
691.75950595 268.0
692.24386373 281.0
692.72825017 300.0
693.21266523 300.0
693.69710889 306.666666667
694.18158109 328.0
694.66608181 335.0
695.15061101 336.0
695.63516866 351.0
696.1197547 371.333333333
696.60436912 370.0
697.08901187 348.333333333
697.57368291 366.0
698.05838221 368.666666667
698.54310973 378.0
699.02786544 382.5
699.51264929 385.666666667
699.99746125 385.0
700.48230129 382.666666667
700.96716936 386.0
701.45206544 378.333333333
701.93698948 369.333333333
702.42194144 373.0
702.9069213 353.666666667
703.391929 353.0
703.87696453 351.0
704.36202783 360.0
704.84711888 353.0
705.33223763 352.666666667
705.81738405 357.5
706.30255811 353.666666667
706.78775976 360.0
707.27298897 363.666666667
707.7582457 351.666666667
708.24352991 353.0
708.72884158 399.333333333
709.21418065 421.0
709.6995471 422.333333333
710.18494089 454.666666667
710.67036198 513.0
711.15581034 518.333333333
711.64128592 572.5
712.12678869 587.0
712.61231862 599.5
713.09787566 579.0
713.58345979 561.666666667
714.06907095 579.0
714.55470913 563.666666667
715.04037427 584.0
715.52606635 526.333333333
716.01178533 542.666666667
716.49753116 499.5
716.98330382 464.333333333
717.46910326 475.0
717.95492946 483.0
718.44078236 477.5
718.92666194 487.0
719.41256816 510.333333333
719.89850098 547.0
720.38446037 579.0
720.87044629 626.5
721.3564587 669.666666667
721.84249756 743.666666667
722.32856284 809.0
722.8146545 870.333333333
723.30077251 885.5
723.78691682 878.333333333
724.27308741 815.0
724.75928423 872.666666667
725.24550724 862.666666667
725.73175642 971.0
726.21803172 846.666666667
726.70433311 821.5
727.19066055 841.666666667
727.677014 711.0
728.16339343 703.5
728.6497988 737.666666667
729.13623007 733.0
729.62268721 707.0
730.10917018 752.666666667
730.59567893 794.5
731.08221345 850.666666667
731.56877369 885.0
732.0553596 986.666666667
732.54197116 1059.0
733.02860834 1134.0
733.51527108 1291.33333333
734.00195936 1392.5
734.48867313 1403.0
734.97541237 1366.5
735.46217703 1231.66666667
735.94896708 1304.66666667
736.43578248 1280.5
736.9226232 1327.66666667
737.40948919 1191.0
737.89638043 1067.66666667
738.38329686 1112.66666667
738.87023847 816.5
739.3572052 757.666666667
739.84419703 787.0
740.33121392 781.333333333
740.81825582 716.0
741.30532271 731.0
741.79241455 891.0
742.27953129 1084.0
742.76667291 1023.66666667
743.25383936 1071.0
743.74103061 1329.33333333
744.22824663 1648.33333333
744.71548737 1485.0
745.2027528 1547.66666667
745.69004288 1644.0
746.17735758 1769.66666667
746.66469685 2232.33333333
747.15206067 1724.0
747.63944899 1604.0
748.12686178 1526.5
748.614299 1543.33333333
749.10176061 1352.0
749.58924659 1198.0
750.07675688 1399.0
750.56429146 1050.5
751.05185028 850.666666667
751.53943332 845.5
752.02704053 827.0
752.51467187 723.333333333
753.00232732 673.0
753.49000683 718.333333333
753.97771036 756.5
754.46543789 817.666666667
754.95318936 876.333333333
755.44096476 958.0
755.92876403 1036.66666667
756.41658715 1135.5
756.90443407 1226.0
757.39230476 1329.66666667
757.88019918 1383.0
758.3681173 1432.33333333
758.85605908 1298.5
759.34402448 1243.0
759.83201346 1304.33333333
760.32002599 1260.0
760.80806203 1333.0
761.29612155 1172.5
761.78420451 1008.0
762.27231086 1072.0
762.76044058 791.5
763.24859363 698.0
763.73676997 687.5
764.22496956 685.0
764.71319237 621.333333333
765.20143836 567.5
765.68970749 580.333333333
766.17799973 623.5
766.66631504 653.333333333
767.15465338 699.333333333
767.64301472 758.5
768.13139902 811.333333333
768.61980624 896.0
769.10823635 965.666666667
769.5966893 1058.0
770.08516507 1142.66666667
770.57366361 1161.66666667
771.06218489 1165.0
771.55072888 1047.33333333
772.03929553 1042.5
772.5278848 1091.66666667
773.01649667 1047.33333333
773.50513109 1082.5
773.99378804 914.666666667
774.48246746 809.5
774.97116932 856.666666667
775.4598936 587.666666667
775.94864024 442.5
776.43740922 457.333333333
776.9262005 538.5
777.41501403 507.0
777.90384979 339.666666667
778.39270774 288.5
778.88158784 288.666666667
779.37049004 288.5
779.85941433 292.0
780.34836066 302.333333333
780.83732898 312.5
781.32631928 321.666666667
781.8153315 325.0
782.30436562 346.333333333
782.79342159 357.333333333
783.28249938 363.5
783.77159895 383.0
784.26072027 388.0
784.74986329 387.666666667
785.23902799 386.666666667
785.72821432 371.5
786.21742225 369.0
786.70665174 374.5
787.19590276 372.666666667
787.68517526 376.333333333
788.17446922 345.0
788.66378459 340.0
789.15312133 362.0
789.64247942 350.333333333
790.13185881 309.0
790.62125947 318.5
791.11068135 314.0
791.60012443 302.0
792.08958867 289.333333333
792.57907402 284.0
793.06858046 274.0
793.55810795 281.666666667
794.04765644 279.5
794.53722591 298.333333333
795.02681631 297.666666667
795.51642762 289.5
796.00605978 288.0
796.49571277 287.5
796.98538655 302.666666667
797.47508108 309.0
797.96479632 316.5
798.45453224 319.333333333
798.94428881 327.0
799.43406597 326.0
799.92386371 325.0
800.41368198 319.5
800.90352074 317.0
801.39337996 325.0
801.8832596 312.666666667
802.37315962 309.0
802.86307999 296.0
803.35302067 278.666666667
803.84298163 277.0
804.33296282 283.666666667
804.82296421 267.333333333
805.31298576 260.0
805.80302744 258.333333333
806.29308921 261.333333333
806.78317103 265.0
807.27327287 260.333333333
807.76339468 255.0
808.25353644 256.333333333
808.74369811 273.333333333
809.23387964 277.0
809.724081 276.666666667
810.21430216 294.5
810.70454308 299.0
811.19480372 334.666666667
811.68508405 315.5
812.17538402 282.0
812.6657036 269.5
813.15604276 269.666666667
813.64640146 262.333333333
814.13677965 263.5
814.62717731 262.666666667
815.1175944 264.0
815.60803088 258.333333333
816.09848671 254.666666667
816.58896185 255.5
817.07945628 250.333333333
817.56996995 253.0
818.06050283 339.666666667
818.55105488 401.333333333
819.04162606 324.5
819.53221633 267.666666667
820.02282567 255.5
820.51345402 256.666666667
821.00410137 392.666666667
821.49476766 476.5
821.98545286 441.666666667
822.47615694 300.333333333
822.96687986 233.0
